file1,file2
367_1420/filename_filter_336-207044_339-212482.foo.c,367_1420/fgetln_559-212270_583-213289.foo.c
367_1420/filename_filter_336-207044_339-212482.foo.c,367_1420/fgetln_559-212270_584-213306.foo.c
710_1494/path_ignore_search_227-196231_245-196970.foo.c,710_1494/check_symloop_enter_500-246690_500-248580.foo.c
710_1494/path_ignore_search_227-196231_245-196970.foo.c,710_1494/check_symloop_enter_500-246724_500-248580.foo.c
710_1494/path_ignore_search_227-196231_245-196970.foo.c,710_1494/check_symloop_enter_500-246625_500-248580.foo.c
710_1494/check_symloop_enter_500-246690_500-248580.foo.c,710_1494/check_symloop_enter_500-246724_500-248580.foo.c
710_1494/check_symloop_enter_500-246690_500-248580.foo.c,710_1494/check_symloop_enter_500-246752_500-248580.foo.c
710_1494/check_symloop_enter_500-246690_500-248580.foo.c,710_1494/check_symloop_enter_500-246625_500-248580.foo.c
710_1494/check_symloop_enter_500-246690_500-248580.foo.c,710_1494/hash_strnstr_230-182875_231-182908.foo.c
710_1494/check_symloop_enter_500-246690_500-248580.foo.c,710_1494/hash_strnstr_230-182875_236-184211.foo.c
710_1494/check_symloop_enter_500-246724_500-248580.foo.c,710_1494/check_symloop_enter_500-246752_500-248580.foo.c
710_1494/check_symloop_enter_500-246724_500-248580.foo.c,710_1494/check_symloop_enter_500-246625_500-248580.foo.c
710_1494/check_symloop_enter_500-246724_500-248580.foo.c,710_1494/hash_strnstr_230-182875_231-182908.foo.c
710_1494/check_symloop_enter_500-246724_500-248580.foo.c,710_1494/hash_strnstr_230-182875_236-184211.foo.c
710_1494/check_symloop_enter_500-246752_500-248580.foo.c,710_1494/check_symloop_enter_500-246625_500-248580.foo.c
710_1494/check_symloop_enter_500-246625_500-248580.foo.c,710_1494/hash_strnstr_230-182875_231-182908.foo.c
710_1494/check_symloop_enter_500-246625_500-248580.foo.c,710_1494/hash_strnstr_230-182875_236-184211.foo.c
1319_1570/print_file_matches_150-227089_153-227158.foo.c,1319_1570/print_file_matches_149-227063_153-227158.foo.c
1330_1580_1581_1583_1584/check_symloop_enter_500-246724_500-248052.foo.c,1330_1580_1581_1583_1584/check_symloop_enter_500-246690_500-248052.foo.c
1330_1580_1581_1583_1584/check_symloop_enter_500-246724_500-248052.foo.c,1330_1580_1581_1583_1584/check_symloop_enter_500-246625_500-248052.foo.c
1330_1580_1581_1583_1584/check_symloop_enter_500-246724_500-248052.foo.c,1330_1580_1581_1583_1584/check_symloop_enter_500-246752_500-248052.foo.c
1330_1580_1581_1583_1584/check_symloop_enter_500-246690_500-248052.foo.c,1330_1580_1581_1583_1584/check_symloop_enter_500-246625_500-248052.foo.c
1330_1580_1581_1583_1584/check_symloop_enter_500-246690_500-248052.foo.c,1330_1580_1581_1583_1584/check_symloop_enter_500-246752_500-248052.foo.c
1330_1580_1581_1583_1584/check_symloop_enter_500-246625_500-248052.foo.c,1330_1580_1581_1583_1584/check_symloop_enter_500-246752_500-248052.foo.c
642_1488_1489_1490/open_46-25714_56-26044.foo.c,642_1488_1489_1490/open_43-25644_56-26044.foo.c
851_1523_1525_1527_1528_1529_1530/decompress_zlib_29-235182_98-239076.foo.c,851_1523_1525_1527_1528_1529_1530/decompress_zlib_29-235182_99-239098.foo.c
757_1510_1513_1514_1515_1516/ag_scandir_14-163757_27-164186.foo.c,757_1510_1513_1514_1515_1516/ag_scandir_14-163757_65-165256.foo.c
757_1510_1513_1514_1515_1516/ag_scandir_14-163757_27-164186.foo.c,757_1510_1513_1514_1515_1516/ag_scandir_14-163757_61-165202.foo.c
757_1510_1513_1514_1515_1516/ag_scandir_14-163757_27-164186.foo.c,757_1510_1513_1514_1515_1516/ag_scandir_11-163457_76-165549.foo.c
757_1510_1513_1514_1515_1516/ag_scandir_14-163757_27-164186.foo.c,757_1510_1513_1514_1515_1516/ag_scandir_12-163574_76-165549.foo.c
757_1510_1513_1514_1515_1516/ag_scandir_14-163757_27-164186.foo.c,757_1510_1513_1514_1515_1516/ag_scandir_14-163757_62-165225.foo.c
757_1510_1513_1514_1515_1516/ag_scandir_14-163757_27-164186.foo.c,757_1510_1513_1514_1515_1516/ag_scandir_14-163757_76-165549.foo.c
757_1510_1513_1514_1515_1516/ag_scandir_14-163757_27-164186.foo.c,757_1510_1513_1514_1515_1516/ag_scandir_12-163574_69-165303.foo.c
757_1510_1513_1514_1515_1516/ag_scandir_14-163757_27-164186.foo.c,757_1510_1513_1514_1515_1516/ag_scandir_14-163757_69-165303.foo.c
757_1510_1513_1514_1515_1516/ag_scandir_14-163757_27-164186.foo.c,757_1510_1513_1514_1515_1516/ag_scandir_11-163457_69-165303.foo.c
757_1510_1513_1514_1515_1516/ag_scandir_14-163757_65-165256.foo.c,757_1510_1513_1514_1515_1516/ag_scandir_14-163757_61-165202.foo.c
757_1510_1513_1514_1515_1516/ag_scandir_14-163757_65-165256.foo.c,757_1510_1513_1514_1515_1516/ag_scandir_11-163457_76-165549.foo.c
757_1510_1513_1514_1515_1516/ag_scandir_14-163757_65-165256.foo.c,757_1510_1513_1514_1515_1516/ag_scandir_12-163574_76-165549.foo.c
757_1510_1513_1514_1515_1516/ag_scandir_14-163757_65-165256.foo.c,757_1510_1513_1514_1515_1516/ag_scandir_14-163757_62-165225.foo.c
757_1510_1513_1514_1515_1516/ag_scandir_14-163757_65-165256.foo.c,757_1510_1513_1514_1515_1516/ag_scandir_14-163757_76-165549.foo.c
757_1510_1513_1514_1515_1516/ag_scandir_14-163757_65-165256.foo.c,757_1510_1513_1514_1515_1516/ag_scandir_12-163574_69-165303.foo.c
757_1510_1513_1514_1515_1516/ag_scandir_14-163757_65-165256.foo.c,757_1510_1513_1514_1515_1516/ag_scandir_14-163757_69-165303.foo.c
757_1510_1513_1514_1515_1516/ag_scandir_14-163757_65-165256.foo.c,757_1510_1513_1514_1515_1516/ag_scandir_11-163457_69-165303.foo.c
757_1510_1513_1514_1515_1516/ag_scandir_14-163757_61-165202.foo.c,757_1510_1513_1514_1515_1516/ag_scandir_11-163457_76-165549.foo.c
757_1510_1513_1514_1515_1516/ag_scandir_14-163757_61-165202.foo.c,757_1510_1513_1514_1515_1516/ag_scandir_12-163574_76-165549.foo.c
757_1510_1513_1514_1515_1516/ag_scandir_14-163757_61-165202.foo.c,757_1510_1513_1514_1515_1516/ag_scandir_14-163757_62-165225.foo.c
757_1510_1513_1514_1515_1516/ag_scandir_14-163757_61-165202.foo.c,757_1510_1513_1514_1515_1516/ag_scandir_14-163757_76-165549.foo.c
757_1510_1513_1514_1515_1516/ag_scandir_14-163757_61-165202.foo.c,757_1510_1513_1514_1515_1516/ag_scandir_12-163574_69-165303.foo.c
757_1510_1513_1514_1515_1516/ag_scandir_14-163757_61-165202.foo.c,757_1510_1513_1514_1515_1516/ag_scandir_14-163757_69-165303.foo.c
757_1510_1513_1514_1515_1516/ag_scandir_14-163757_61-165202.foo.c,757_1510_1513_1514_1515_1516/ag_scandir_11-163457_69-165303.foo.c
757_1510_1513_1514_1515_1516/ag_scandir_11-163457_76-165549.foo.c,757_1510_1513_1514_1515_1516/ag_scandir_12-163574_76-165549.foo.c
757_1510_1513_1514_1515_1516/ag_scandir_11-163457_76-165549.foo.c,757_1510_1513_1514_1515_1516/ag_scandir_14-163757_62-165225.foo.c
757_1510_1513_1514_1515_1516/ag_scandir_11-163457_76-165549.foo.c,757_1510_1513_1514_1515_1516/ag_scandir_14-163757_76-165549.foo.c
757_1510_1513_1514_1515_1516/ag_scandir_11-163457_76-165549.foo.c,757_1510_1513_1514_1515_1516/ag_scandir_12-163574_69-165303.foo.c
757_1510_1513_1514_1515_1516/ag_scandir_11-163457_76-165549.foo.c,757_1510_1513_1514_1515_1516/ag_scandir_14-163757_69-165303.foo.c
757_1510_1513_1514_1515_1516/ag_scandir_11-163457_76-165549.foo.c,757_1510_1513_1514_1515_1516/ag_scandir_11-163457_69-165303.foo.c
757_1510_1513_1514_1515_1516/ag_scandir_12-163574_76-165549.foo.c,757_1510_1513_1514_1515_1516/ag_scandir_14-163757_62-165225.foo.c
757_1510_1513_1514_1515_1516/ag_scandir_12-163574_76-165549.foo.c,757_1510_1513_1514_1515_1516/ag_scandir_14-163757_76-165549.foo.c
757_1510_1513_1514_1515_1516/ag_scandir_12-163574_76-165549.foo.c,757_1510_1513_1514_1515_1516/ag_scandir_12-163574_69-165303.foo.c
757_1510_1513_1514_1515_1516/ag_scandir_12-163574_76-165549.foo.c,757_1510_1513_1514_1515_1516/ag_scandir_14-163757_69-165303.foo.c
757_1510_1513_1514_1515_1516/ag_scandir_12-163574_76-165549.foo.c,757_1510_1513_1514_1515_1516/ag_scandir_11-163457_69-165303.foo.c
757_1510_1513_1514_1515_1516/ag_scandir_14-163757_62-165225.foo.c,757_1510_1513_1514_1515_1516/ag_scandir_14-163757_76-165549.foo.c
757_1510_1513_1514_1515_1516/ag_scandir_14-163757_62-165225.foo.c,757_1510_1513_1514_1515_1516/ag_scandir_12-163574_69-165303.foo.c
757_1510_1513_1514_1515_1516/ag_scandir_14-163757_62-165225.foo.c,757_1510_1513_1514_1515_1516/ag_scandir_14-163757_69-165303.foo.c
757_1510_1513_1514_1515_1516/ag_scandir_14-163757_62-165225.foo.c,757_1510_1513_1514_1515_1516/ag_scandir_11-163457_69-165303.foo.c
757_1510_1513_1514_1515_1516/ag_scandir_14-163757_76-165549.foo.c,757_1510_1513_1514_1515_1516/ag_scandir_12-163574_69-165303.foo.c
757_1510_1513_1514_1515_1516/ag_scandir_14-163757_76-165549.foo.c,757_1510_1513_1514_1515_1516/ag_scandir_14-163757_69-165303.foo.c
757_1510_1513_1514_1515_1516/ag_scandir_14-163757_76-165549.foo.c,757_1510_1513_1514_1515_1516/ag_scandir_11-163457_69-165303.foo.c
757_1510_1513_1514_1515_1516/ag_scandir_12-163574_69-165303.foo.c,757_1510_1513_1514_1515_1516/ag_scandir_14-163757_69-165303.foo.c
757_1510_1513_1514_1515_1516/ag_scandir_12-163574_69-165303.foo.c,757_1510_1513_1514_1515_1516/ag_scandir_11-163457_69-165303.foo.c
757_1510_1513_1514_1515_1516/ag_scandir_14-163757_69-165303.foo.c,757_1510_1513_1514_1515_1516/ag_scandir_11-163457_69-165303.foo.c
905_1534/init_options_151-229067_165-235056.foo.c,905_1534/init_options_151-229067_166-235080.foo.c
905_1534/init_options_151-229067_165-235056.foo.c,905_1534/init_options_152-229099_165-235056.foo.c
905_1534/init_options_151-229067_165-235056.foo.c,905_1534/init_options_148-228997_165-235056.foo.c
905_1534/init_options_151-229067_165-235056.foo.c,905_1534/init_options_148-228997_166-235080.foo.c
905_1534/init_options_151-229067_165-235056.foo.c,905_1534/init_options_152-229099_166-235080.foo.c
905_1534/init_options_151-229067_166-235080.foo.c,905_1534/init_options_152-229099_165-235056.foo.c
905_1534/init_options_151-229067_166-235080.foo.c,905_1534/init_options_148-228997_165-235056.foo.c
905_1534/init_options_151-229067_166-235080.foo.c,905_1534/init_options_148-228997_166-235080.foo.c
905_1534/init_options_151-229067_166-235080.foo.c,905_1534/init_options_152-229099_166-235080.foo.c
905_1534/init_options_152-229099_165-235056.foo.c,905_1534/init_options_148-228997_165-235056.foo.c
905_1534/init_options_152-229099_165-235056.foo.c,905_1534/init_options_148-228997_166-235080.foo.c
905_1534/init_options_152-229099_165-235056.foo.c,905_1534/init_options_152-229099_166-235080.foo.c
905_1534/init_options_148-228997_165-235056.foo.c,905_1534/init_options_148-228997_166-235080.foo.c
905_1534/init_options_148-228997_165-235056.foo.c,905_1534/init_options_152-229099_166-235080.foo.c
905_1534/init_options_148-228997_166-235080.foo.c,905_1534/init_options_152-229099_166-235080.foo.c
901_1531/init_options_153-234604_157-234965.foo.c,901_1531/init_options_153-234604_156-234936.foo.c
513_1464_1465_1466_1467/search_file_264-233338_301-235332.foo.c,513_1464_1465_1466_1467/search_file_264-233338_288-234810.foo.c
513_1464_1465_1466_1467/search_file_264-233338_301-235332.foo.c,513_1464_1465_1466_1467/search_file_264-233338_296-235212.foo.c
513_1464_1465_1466_1467/search_file_264-233338_301-235332.foo.c,513_1464_1465_1466_1467/search_file_264-233338_314-236214.foo.c
513_1464_1465_1466_1467/search_file_264-233338_301-235332.foo.c,513_1464_1465_1466_1467/search_file_264-233338_333-236922.foo.c
513_1464_1465_1466_1467/search_file_264-233338_301-235332.foo.c,513_1464_1465_1466_1467/search_file_264-233338_324-236605.foo.c
513_1464_1465_1466_1467/search_file_264-233338_301-235332.foo.c,513_1464_1465_1466_1467/search_file_264-233338_307-235513.foo.c
513_1464_1465_1466_1467/search_file_264-233338_288-234810.foo.c,513_1464_1465_1466_1467/search_file_264-233338_296-235212.foo.c
513_1464_1465_1466_1467/search_file_264-233338_288-234810.foo.c,513_1464_1465_1466_1467/search_file_264-233338_314-236214.foo.c
513_1464_1465_1466_1467/search_file_264-233338_288-234810.foo.c,513_1464_1465_1466_1467/search_file_264-233338_333-236922.foo.c
513_1464_1465_1466_1467/search_file_264-233338_288-234810.foo.c,513_1464_1465_1466_1467/search_file_264-233338_324-236605.foo.c
513_1464_1465_1466_1467/search_file_264-233338_288-234810.foo.c,513_1464_1465_1466_1467/search_file_264-233338_307-235513.foo.c
513_1464_1465_1466_1467/search_file_264-233338_296-235212.foo.c,513_1464_1465_1466_1467/search_file_264-233338_314-236214.foo.c
513_1464_1465_1466_1467/search_file_264-233338_296-235212.foo.c,513_1464_1465_1466_1467/search_file_264-233338_333-236922.foo.c
513_1464_1465_1466_1467/search_file_264-233338_296-235212.foo.c,513_1464_1465_1466_1467/search_file_264-233338_324-236605.foo.c
513_1464_1465_1466_1467/search_file_264-233338_296-235212.foo.c,513_1464_1465_1466_1467/search_file_264-233338_307-235513.foo.c
513_1464_1465_1466_1467/search_file_264-233338_314-236214.foo.c,513_1464_1465_1466_1467/search_file_264-233338_333-236922.foo.c
513_1464_1465_1466_1467/search_file_264-233338_314-236214.foo.c,513_1464_1465_1466_1467/search_file_264-233338_324-236605.foo.c
513_1464_1465_1466_1467/search_file_264-233338_314-236214.foo.c,513_1464_1465_1466_1467/search_file_264-233338_307-235513.foo.c
513_1464_1465_1466_1467/search_file_264-233338_333-236922.foo.c,513_1464_1465_1466_1467/search_file_264-233338_324-236605.foo.c
513_1464_1465_1466_1467/search_file_264-233338_333-236922.foo.c,513_1464_1465_1466_1467/search_file_264-233338_307-235513.foo.c
513_1464_1465_1466_1467/search_file_264-233338_324-236605.foo.c,513_1464_1465_1466_1467/search_file_264-233338_307-235513.foo.c
373_1425_1427_1429_1430_1431_1432_1433/filename_filter_299-199059_323-206790.foo.c,373_1425_1427_1429_1430_1431_1432_1433/filename_filter_299-199059_322-205704.foo.c
373_1425_1427_1429_1430_1431_1432_1433/filename_filter_299-199059_323-206790.foo.c,373_1425_1427_1429_1430_1431_1432_1433/filename_filter_294-198961_322-205704.foo.c
373_1425_1427_1429_1430_1431_1432_1433/filename_filter_299-199059_323-206790.foo.c,373_1425_1427_1429_1430_1431_1432_1433/filename_filter_294-198961_323-206790.foo.c
373_1425_1427_1429_1430_1431_1432_1433/filename_filter_299-199059_322-205704.foo.c,373_1425_1427_1429_1430_1431_1432_1433/filename_filter_294-198961_322-205704.foo.c
373_1425_1427_1429_1430_1431_1432_1433/filename_filter_299-199059_322-205704.foo.c,373_1425_1427_1429_1430_1431_1432_1433/filename_filter_294-198961_323-206790.foo.c
373_1425_1427_1429_1430_1431_1432_1433/filename_filter_294-198961_322-205704.foo.c,373_1425_1427_1429_1430_1431_1432_1433/filename_filter_294-198961_323-206790.foo.c
431_1439_1443_1445_1446_1447_1448_1449/search_file_270-233639_295-235182.foo.c,431_1439_1443_1445_1446_1447_1448_1449/search_file_271-233680_295-235182.foo.c
431_1439/search_file_270-233639_295-235182.foo.c,431_1439/ag_scandir_27-164186_44-164882.foo.c
431_1439/search_file_270-233639_295-235182.foo.c,431_1439/search_buf_63-225775_109-227772.foo.c
431_1439/search_file_270-233639_295-235182.foo.c,431_1439/search_file_271-233680_295-235182.foo.c
431_1439/search_file_270-233639_295-235182.foo.c,431_1439/main_149-233137_149-233137.foo.c
431_1439/ag_scandir_27-164186_44-164882.foo.c,431_1439/search_buf_63-225775_109-227772.foo.c
431_1439/ag_scandir_27-164186_44-164882.foo.c,431_1439/search_file_271-233680_295-235182.foo.c
431_1439/ag_scandir_27-164186_44-164882.foo.c,431_1439/main_149-233137_149-233137.foo.c
431_1439/search_buf_63-225775_109-227772.foo.c,431_1439/search_file_271-233680_295-235182.foo.c
431_1439/search_buf_63-225775_109-227772.foo.c,431_1439/main_149-233137_149-233137.foo.c
431_1439/search_file_271-233680_295-235182.foo.c,431_1439/main_149-233137_149-233137.foo.c
515_1465/search_file_264-233338_322-236575.foo.c,515_1465/search_file_263-233317_301-235332.foo.c
515_1465/search_file_264-233338_322-236575.foo.c,515_1465/search_file_263-233317_322-236575.foo.c
515_1465/search_file_264-233338_322-236575.foo.c,515_1465/search_file_263-233317_296-235212.foo.c
515_1465/search_file_264-233338_322-236575.foo.c,515_1465/search_file_263-233317_288-234810.foo.c
515_1465/search_file_264-233338_322-236575.foo.c,515_1465/search_file_263-233317_324-236605.foo.c
515_1465/search_file_264-233338_322-236575.foo.c,515_1465/search_file_263-233317_333-236922.foo.c
515_1465/search_file_264-233338_322-236575.foo.c,515_1465/search_file_263-233317_314-236214.foo.c
515_1465/search_file_264-233338_322-236575.foo.c,515_1465/search_file_263-233317_307-235513.foo.c
515_1465/search_file_263-233317_301-235332.foo.c,515_1465/search_file_263-233317_322-236575.foo.c
515_1465/search_file_263-233317_301-235332.foo.c,515_1465/search_file_263-233317_296-235212.foo.c
515_1465/search_file_263-233317_301-235332.foo.c,515_1465/search_file_263-233317_288-234810.foo.c
515_1465/search_file_263-233317_301-235332.foo.c,515_1465/search_file_263-233317_324-236605.foo.c
515_1465/search_file_263-233317_301-235332.foo.c,515_1465/search_file_263-233317_333-236922.foo.c
515_1465/search_file_263-233317_301-235332.foo.c,515_1465/search_file_263-233317_314-236214.foo.c
515_1465/search_file_263-233317_301-235332.foo.c,515_1465/search_file_263-233317_307-235513.foo.c
515_1465/search_file_263-233317_322-236575.foo.c,515_1465/search_file_263-233317_296-235212.foo.c
515_1465/search_file_263-233317_322-236575.foo.c,515_1465/search_file_263-233317_288-234810.foo.c
515_1465/search_file_263-233317_322-236575.foo.c,515_1465/search_file_263-233317_324-236605.foo.c
515_1465/search_file_263-233317_322-236575.foo.c,515_1465/search_file_263-233317_333-236922.foo.c
515_1465/search_file_263-233317_322-236575.foo.c,515_1465/search_file_263-233317_314-236214.foo.c
515_1465/search_file_263-233317_322-236575.foo.c,515_1465/search_file_263-233317_307-235513.foo.c
515_1465/search_file_263-233317_296-235212.foo.c,515_1465/search_file_263-233317_288-234810.foo.c
515_1465/search_file_263-233317_296-235212.foo.c,515_1465/search_file_263-233317_324-236605.foo.c
515_1465/search_file_263-233317_296-235212.foo.c,515_1465/search_file_263-233317_333-236922.foo.c
515_1465/search_file_263-233317_296-235212.foo.c,515_1465/search_file_263-233317_314-236214.foo.c
515_1465/search_file_263-233317_296-235212.foo.c,515_1465/search_file_263-233317_307-235513.foo.c
515_1465/search_file_263-233317_288-234810.foo.c,515_1465/search_file_263-233317_324-236605.foo.c
515_1465/search_file_263-233317_288-234810.foo.c,515_1465/search_file_263-233317_333-236922.foo.c
515_1465/search_file_263-233317_288-234810.foo.c,515_1465/search_file_263-233317_314-236214.foo.c
515_1465/search_file_263-233317_288-234810.foo.c,515_1465/search_file_263-233317_307-235513.foo.c
515_1465/search_file_263-233317_324-236605.foo.c,515_1465/search_file_263-233317_333-236922.foo.c
515_1465/search_file_263-233317_324-236605.foo.c,515_1465/search_file_263-233317_314-236214.foo.c
515_1465/search_file_263-233317_324-236605.foo.c,515_1465/search_file_263-233317_307-235513.foo.c
515_1465/search_file_263-233317_333-236922.foo.c,515_1465/search_file_263-233317_314-236214.foo.c
515_1465/search_file_263-233317_333-236922.foo.c,515_1465/search_file_263-233317_307-235513.foo.c
515_1465/search_file_263-233317_314-236214.foo.c,515_1465/search_file_263-233317_307-235513.foo.c
1237/search_buf_22-224535_39-224962.foo.c,1237/search_buf_21-224514_39-224962.foo.c
565_1469_1474_1476_1477_1478/add_ignore_pattern_162-186967_162-186967.foo.c,565_1469_1474_1476_1477_1478/add_ignore_pattern_104-177886_104-177886.foo.c
565_1469_1474_1476_1477_1478/add_ignore_pattern_162-186967_162-186967.foo.c,565_1469_1474_1476_1477_1478/hash_strnstr_219-181462_215-181277.foo.c
565_1469_1474_1476_1477_1478/add_ignore_pattern_162-186967_162-186967.foo.c,565_1469_1474_1476_1477_1478/init_options_153-234604_153-234604.foo.c
565_1469_1474_1476_1477_1478/add_ignore_pattern_162-186967_162-186967.foo.c,565_1469_1474_1476_1477_1478/is_binary_354-195244_355-195288.foo.c
565_1469_1474_1476_1477_1478/add_ignore_pattern_162-186967_162-186967.foo.c,565_1469_1474_1476_1477_1478/binary_search_431-206627_431-206627.foo.c
565_1469_1474_1476_1477_1478/add_ignore_pattern_162-186967_162-186967.foo.c,565_1469_1474_1476_1477_1478/filename_filter_300-204835_300-204835.foo.c
565_1469_1474_1476_1477_1478/add_ignore_pattern_162-186967_162-186967.foo.c,565_1469_1474_1476_1477_1478/generate_hash_165-178258_165-178258.foo.c
565_1469_1474_1476_1477_1478/add_ignore_pattern_162-186967_162-186967.foo.c,565_1469_1474_1476_1477_1478/filename_filter_339-212482_339-212482.foo.c
565_1469_1474_1476_1477_1478/add_ignore_pattern_162-186967_162-186967.foo.c,565_1469_1474_1476_1477_1478/hash_strnstr_231-182908_228-182791.foo.c
565_1469_1474_1476_1477_1478/add_ignore_pattern_162-186967_162-186967.foo.c,565_1469_1474_1476_1477_1478/is_binary_349-194568_349-194568.foo.c
565_1469_1474_1476_1477_1478/add_ignore_pattern_162-186967_162-186967.foo.c,565_1469_1474_1476_1477_1478/is_binary_349-194568_355-195288.foo.c
565_1469_1474_1476_1477_1478/add_ignore_pattern_104-177886_104-177886.foo.c,565_1469_1474_1476_1477_1478/hash_strnstr_219-181462_215-181277.foo.c
565_1469_1474_1476_1477_1478/add_ignore_pattern_104-177886_104-177886.foo.c,565_1469_1474_1476_1477_1478/init_options_153-234604_153-234604.foo.c
565_1469_1474_1476_1477_1478/add_ignore_pattern_104-177886_104-177886.foo.c,565_1469_1474_1476_1477_1478/is_binary_354-195244_355-195288.foo.c
565_1469_1474_1476_1477_1478/add_ignore_pattern_104-177886_104-177886.foo.c,565_1469_1474_1476_1477_1478/binary_search_431-206627_431-206627.foo.c
565_1469_1474_1476_1477_1478/add_ignore_pattern_104-177886_104-177886.foo.c,565_1469_1474_1476_1477_1478/filename_filter_300-204835_300-204835.foo.c
565_1469_1474_1476_1477_1478/add_ignore_pattern_104-177886_104-177886.foo.c,565_1469_1474_1476_1477_1478/generate_hash_165-178258_165-178258.foo.c
565_1469_1474_1476_1477_1478/add_ignore_pattern_104-177886_104-177886.foo.c,565_1469_1474_1476_1477_1478/filename_filter_339-212482_339-212482.foo.c
565_1469_1474_1476_1477_1478/add_ignore_pattern_104-177886_104-177886.foo.c,565_1469_1474_1476_1477_1478/hash_strnstr_231-182908_228-182791.foo.c
565_1469_1474_1476_1477_1478/add_ignore_pattern_104-177886_104-177886.foo.c,565_1469_1474_1476_1477_1478/is_binary_349-194568_349-194568.foo.c
565_1469_1474_1476_1477_1478/add_ignore_pattern_104-177886_104-177886.foo.c,565_1469_1474_1476_1477_1478/is_binary_349-194568_355-195288.foo.c
565_1469_1474_1476_1477_1478/hash_strnstr_219-181462_215-181277.foo.c,565_1469_1474_1476_1477_1478/init_options_153-234604_153-234604.foo.c
565_1469_1474_1476_1477_1478/hash_strnstr_219-181462_215-181277.foo.c,565_1469_1474_1476_1477_1478/is_binary_354-195244_355-195288.foo.c
565_1469_1474_1476_1477_1478/hash_strnstr_219-181462_215-181277.foo.c,565_1469_1474_1476_1477_1478/binary_search_431-206627_431-206627.foo.c
565_1469_1474_1476_1477_1478/hash_strnstr_219-181462_215-181277.foo.c,565_1469_1474_1476_1477_1478/filename_filter_300-204835_300-204835.foo.c
565_1469_1474_1476_1477_1478/hash_strnstr_219-181462_215-181277.foo.c,565_1469_1474_1476_1477_1478/generate_hash_165-178258_165-178258.foo.c
565_1469_1474_1476_1477_1478/hash_strnstr_219-181462_215-181277.foo.c,565_1469_1474_1476_1477_1478/filename_filter_339-212482_339-212482.foo.c
565_1469_1474_1476_1477_1478/hash_strnstr_219-181462_215-181277.foo.c,565_1469_1474_1476_1477_1478/hash_strnstr_231-182908_228-182791.foo.c
565_1469_1474_1476_1477_1478/hash_strnstr_219-181462_215-181277.foo.c,565_1469_1474_1476_1477_1478/is_binary_349-194568_349-194568.foo.c
565_1469_1474_1476_1477_1478/hash_strnstr_219-181462_215-181277.foo.c,565_1469_1474_1476_1477_1478/is_binary_349-194568_355-195288.foo.c
565_1469_1474_1476_1477_1478/init_options_153-234604_153-234604.foo.c,565_1469_1474_1476_1477_1478/is_binary_354-195244_355-195288.foo.c
565_1469_1474_1476_1477_1478/init_options_153-234604_153-234604.foo.c,565_1469_1474_1476_1477_1478/binary_search_431-206627_431-206627.foo.c
565_1469_1474_1476_1477_1478/init_options_153-234604_153-234604.foo.c,565_1469_1474_1476_1477_1478/filename_filter_300-204835_300-204835.foo.c
565_1469_1474_1476_1477_1478/init_options_153-234604_153-234604.foo.c,565_1469_1474_1476_1477_1478/generate_hash_165-178258_165-178258.foo.c
565_1469_1474_1476_1477_1478/init_options_153-234604_153-234604.foo.c,565_1469_1474_1476_1477_1478/filename_filter_339-212482_339-212482.foo.c
565_1469_1474_1476_1477_1478/init_options_153-234604_153-234604.foo.c,565_1469_1474_1476_1477_1478/hash_strnstr_231-182908_228-182791.foo.c
565_1469_1474_1476_1477_1478/init_options_153-234604_153-234604.foo.c,565_1469_1474_1476_1477_1478/is_binary_349-194568_349-194568.foo.c
565_1469_1474_1476_1477_1478/init_options_153-234604_153-234604.foo.c,565_1469_1474_1476_1477_1478/is_binary_349-194568_355-195288.foo.c
565_1469_1474_1476_1477_1478/is_binary_354-195244_355-195288.foo.c,565_1469_1474_1476_1477_1478/binary_search_431-206627_431-206627.foo.c
565_1469_1474_1476_1477_1478/is_binary_354-195244_355-195288.foo.c,565_1469_1474_1476_1477_1478/filename_filter_300-204835_300-204835.foo.c
565_1469_1474_1476_1477_1478/is_binary_354-195244_355-195288.foo.c,565_1469_1474_1476_1477_1478/generate_hash_165-178258_165-178258.foo.c
565_1469_1474_1476_1477_1478/is_binary_354-195244_355-195288.foo.c,565_1469_1474_1476_1477_1478/filename_filter_339-212482_339-212482.foo.c
565_1469_1474_1476_1477_1478/is_binary_354-195244_355-195288.foo.c,565_1469_1474_1476_1477_1478/hash_strnstr_231-182908_228-182791.foo.c
565_1469_1474_1476_1477_1478/is_binary_354-195244_355-195288.foo.c,565_1469_1474_1476_1477_1478/is_binary_349-194568_349-194568.foo.c
565_1469_1474_1476_1477_1478/is_binary_354-195244_355-195288.foo.c,565_1469_1474_1476_1477_1478/is_binary_349-194568_355-195288.foo.c
565_1469_1474_1476_1477_1478/binary_search_431-206627_431-206627.foo.c,565_1469_1474_1476_1477_1478/filename_filter_300-204835_300-204835.foo.c
565_1469_1474_1476_1477_1478/binary_search_431-206627_431-206627.foo.c,565_1469_1474_1476_1477_1478/generate_hash_165-178258_165-178258.foo.c
565_1469_1474_1476_1477_1478/binary_search_431-206627_431-206627.foo.c,565_1469_1474_1476_1477_1478/filename_filter_339-212482_339-212482.foo.c
565_1469_1474_1476_1477_1478/binary_search_431-206627_431-206627.foo.c,565_1469_1474_1476_1477_1478/hash_strnstr_231-182908_228-182791.foo.c
565_1469_1474_1476_1477_1478/binary_search_431-206627_431-206627.foo.c,565_1469_1474_1476_1477_1478/is_binary_349-194568_349-194568.foo.c
565_1469_1474_1476_1477_1478/binary_search_431-206627_431-206627.foo.c,565_1469_1474_1476_1477_1478/is_binary_349-194568_355-195288.foo.c
565_1469_1474_1476_1477_1478/filename_filter_300-204835_300-204835.foo.c,565_1469_1474_1476_1477_1478/generate_hash_165-178258_165-178258.foo.c
565_1469_1474_1476_1477_1478/filename_filter_300-204835_300-204835.foo.c,565_1469_1474_1476_1477_1478/filename_filter_339-212482_339-212482.foo.c
565_1469_1474_1476_1477_1478/filename_filter_300-204835_300-204835.foo.c,565_1469_1474_1476_1477_1478/hash_strnstr_231-182908_228-182791.foo.c
565_1469_1474_1476_1477_1478/filename_filter_300-204835_300-204835.foo.c,565_1469_1474_1476_1477_1478/is_binary_349-194568_349-194568.foo.c
565_1469_1474_1476_1477_1478/filename_filter_300-204835_300-204835.foo.c,565_1469_1474_1476_1477_1478/is_binary_349-194568_355-195288.foo.c
565_1469_1474_1476_1477_1478/generate_hash_165-178258_165-178258.foo.c,565_1469_1474_1476_1477_1478/filename_filter_339-212482_339-212482.foo.c
565_1469_1474_1476_1477_1478/generate_hash_165-178258_165-178258.foo.c,565_1469_1474_1476_1477_1478/hash_strnstr_231-182908_228-182791.foo.c
565_1469_1474_1476_1477_1478/generate_hash_165-178258_165-178258.foo.c,565_1469_1474_1476_1477_1478/is_binary_349-194568_349-194568.foo.c
565_1469_1474_1476_1477_1478/generate_hash_165-178258_165-178258.foo.c,565_1469_1474_1476_1477_1478/is_binary_349-194568_355-195288.foo.c
565_1469_1474_1476_1477_1478/filename_filter_339-212482_339-212482.foo.c,565_1469_1474_1476_1477_1478/hash_strnstr_231-182908_228-182791.foo.c
565_1469_1474_1476_1477_1478/filename_filter_339-212482_339-212482.foo.c,565_1469_1474_1476_1477_1478/is_binary_349-194568_349-194568.foo.c
565_1469_1474_1476_1477_1478/filename_filter_339-212482_339-212482.foo.c,565_1469_1474_1476_1477_1478/is_binary_349-194568_355-195288.foo.c
565_1469_1474_1476_1477_1478/hash_strnstr_231-182908_228-182791.foo.c,565_1469_1474_1476_1477_1478/is_binary_349-194568_349-194568.foo.c
565_1469_1474_1476_1477_1478/hash_strnstr_231-182908_228-182791.foo.c,565_1469_1474_1476_1477_1478/is_binary_349-194568_355-195288.foo.c
565_1469_1474_1476_1477_1478/is_binary_349-194568_349-194568.foo.c,565_1469_1474_1476_1477_1478/is_binary_349-194568_355-195288.foo.c
1158_1551_1553/decompress_zlib_60-236847_57-236781.foo.c,1158_1551_1553/decompress_zlib_60-236847_74-237735.foo.c
341_1415_1417_1418_1419_1420_1423/filename_filter_322-205704_349-213122.foo.c,341_1415_1417_1418_1419_1420_1423/filename_filter_323-206790_382-214196.foo.c
341_1415_1417_1418_1419_1420_1423/filename_filter_322-205704_349-213122.foo.c,341_1415_1417_1418_1419_1420_1423/filename_filter_322-205704_382-214196.foo.c
341_1415_1417_1418_1419_1420_1423/filename_filter_322-205704_349-213122.foo.c,341_1415_1417_1418_1419_1420_1423/filename_filter_323-206790_349-213122.foo.c
341_1415_1417_1418_1419_1420_1423/filename_filter_322-205704_349-213122.foo.c,341_1415_1417_1418_1419_1420_1423/filename_filter_322-205704_339-212482.foo.c
341_1415_1417_1418_1419_1420_1423/filename_filter_322-205704_349-213122.foo.c,341_1415_1417_1418_1419_1420_1423/path_ignore_search_216-189452_268-198009.foo.c
341_1415_1417_1418_1419_1420_1423/filename_filter_322-205704_349-213122.foo.c,341_1415_1417_1418_1419_1420_1423/filename_filter_323-206790_339-212482.foo.c
341_1415_1417_1418_1419_1420_1423/filename_filter_322-205704_349-213122.foo.c,341_1415_1417_1418_1419_1420_1423/path_ignore_search_216-189452_277-198406.foo.c
341_1415_1417_1418_1419_1420_1423/filename_filter_322-205704_349-213122.foo.c,341_1415_1417_1418_1419_1420_1423/path_ignore_search_215-189382_277-198406.foo.c
341_1415_1417_1418_1419_1420_1423/filename_filter_322-205704_349-213122.foo.c,341_1415_1417_1418_1419_1420_1423/path_ignore_search_215-189382_268-198009.foo.c
341_1415_1417_1418_1419_1420_1423/filename_filter_323-206790_382-214196.foo.c,341_1415_1417_1418_1419_1420_1423/filename_filter_322-205704_382-214196.foo.c
341_1415_1417_1418_1419_1420_1423/filename_filter_323-206790_382-214196.foo.c,341_1415_1417_1418_1419_1420_1423/filename_filter_323-206790_349-213122.foo.c
341_1415_1417_1418_1419_1420_1423/filename_filter_323-206790_382-214196.foo.c,341_1415_1417_1418_1419_1420_1423/filename_filter_322-205704_339-212482.foo.c
341_1415_1417_1418_1419_1420_1423/filename_filter_323-206790_382-214196.foo.c,341_1415_1417_1418_1419_1420_1423/path_ignore_search_216-189452_268-198009.foo.c
341_1415_1417_1418_1419_1420_1423/filename_filter_323-206790_382-214196.foo.c,341_1415_1417_1418_1419_1420_1423/filename_filter_323-206790_339-212482.foo.c
341_1415_1417_1418_1419_1420_1423/filename_filter_323-206790_382-214196.foo.c,341_1415_1417_1418_1419_1420_1423/path_ignore_search_216-189452_277-198406.foo.c
341_1415_1417_1418_1419_1420_1423/filename_filter_323-206790_382-214196.foo.c,341_1415_1417_1418_1419_1420_1423/path_ignore_search_215-189382_277-198406.foo.c
341_1415_1417_1418_1419_1420_1423/filename_filter_323-206790_382-214196.foo.c,341_1415_1417_1418_1419_1420_1423/path_ignore_search_215-189382_268-198009.foo.c
341_1415_1417_1418_1419_1420_1423/filename_filter_322-205704_382-214196.foo.c,341_1415_1417_1418_1419_1420_1423/filename_filter_323-206790_349-213122.foo.c
341_1415_1417_1418_1419_1420_1423/filename_filter_322-205704_382-214196.foo.c,341_1415_1417_1418_1419_1420_1423/filename_filter_322-205704_339-212482.foo.c
341_1415_1417_1418_1419_1420_1423/filename_filter_322-205704_382-214196.foo.c,341_1415_1417_1418_1419_1420_1423/path_ignore_search_216-189452_268-198009.foo.c
341_1415_1417_1418_1419_1420_1423/filename_filter_322-205704_382-214196.foo.c,341_1415_1417_1418_1419_1420_1423/filename_filter_323-206790_339-212482.foo.c
341_1415_1417_1418_1419_1420_1423/filename_filter_322-205704_382-214196.foo.c,341_1415_1417_1418_1419_1420_1423/path_ignore_search_216-189452_277-198406.foo.c
341_1415_1417_1418_1419_1420_1423/filename_filter_322-205704_382-214196.foo.c,341_1415_1417_1418_1419_1420_1423/path_ignore_search_215-189382_277-198406.foo.c
341_1415_1417_1418_1419_1420_1423/filename_filter_322-205704_382-214196.foo.c,341_1415_1417_1418_1419_1420_1423/path_ignore_search_215-189382_268-198009.foo.c
341_1415_1417_1418_1419_1420_1423/filename_filter_323-206790_349-213122.foo.c,341_1415_1417_1418_1419_1420_1423/filename_filter_322-205704_339-212482.foo.c
341_1415_1417_1418_1419_1420_1423/filename_filter_323-206790_349-213122.foo.c,341_1415_1417_1418_1419_1420_1423/path_ignore_search_216-189452_268-198009.foo.c
341_1415_1417_1418_1419_1420_1423/filename_filter_323-206790_349-213122.foo.c,341_1415_1417_1418_1419_1420_1423/filename_filter_323-206790_339-212482.foo.c
341_1415_1417_1418_1419_1420_1423/filename_filter_323-206790_349-213122.foo.c,341_1415_1417_1418_1419_1420_1423/path_ignore_search_216-189452_277-198406.foo.c
341_1415_1417_1418_1419_1420_1423/filename_filter_323-206790_349-213122.foo.c,341_1415_1417_1418_1419_1420_1423/path_ignore_search_215-189382_277-198406.foo.c
341_1415_1417_1418_1419_1420_1423/filename_filter_323-206790_349-213122.foo.c,341_1415_1417_1418_1419_1420_1423/path_ignore_search_215-189382_268-198009.foo.c
341_1415_1417_1418_1419_1420_1423/filename_filter_322-205704_339-212482.foo.c,341_1415_1417_1418_1419_1420_1423/path_ignore_search_216-189452_268-198009.foo.c
341_1415_1417_1418_1419_1420_1423/filename_filter_322-205704_339-212482.foo.c,341_1415_1417_1418_1419_1420_1423/filename_filter_323-206790_339-212482.foo.c
341_1415_1417_1418_1419_1420_1423/filename_filter_322-205704_339-212482.foo.c,341_1415_1417_1418_1419_1420_1423/path_ignore_search_216-189452_277-198406.foo.c
341_1415_1417_1418_1419_1420_1423/filename_filter_322-205704_339-212482.foo.c,341_1415_1417_1418_1419_1420_1423/path_ignore_search_215-189382_277-198406.foo.c
341_1415_1417_1418_1419_1420_1423/filename_filter_322-205704_339-212482.foo.c,341_1415_1417_1418_1419_1420_1423/path_ignore_search_215-189382_268-198009.foo.c
341_1415_1417_1418_1419_1420_1423/path_ignore_search_216-189452_268-198009.foo.c,341_1415_1417_1418_1419_1420_1423/filename_filter_323-206790_339-212482.foo.c
341_1415_1417_1418_1419_1420_1423/path_ignore_search_216-189452_268-198009.foo.c,341_1415_1417_1418_1419_1420_1423/path_ignore_search_216-189452_277-198406.foo.c
341_1415_1417_1418_1419_1420_1423/path_ignore_search_216-189452_268-198009.foo.c,341_1415_1417_1418_1419_1420_1423/path_ignore_search_215-189382_277-198406.foo.c
341_1415_1417_1418_1419_1420_1423/path_ignore_search_216-189452_268-198009.foo.c,341_1415_1417_1418_1419_1420_1423/path_ignore_search_215-189382_268-198009.foo.c
341_1415_1417_1418_1419_1420_1423/filename_filter_323-206790_339-212482.foo.c,341_1415_1417_1418_1419_1420_1423/path_ignore_search_216-189452_277-198406.foo.c
341_1415_1417_1418_1419_1420_1423/filename_filter_323-206790_339-212482.foo.c,341_1415_1417_1418_1419_1420_1423/path_ignore_search_215-189382_277-198406.foo.c
341_1415_1417_1418_1419_1420_1423/filename_filter_323-206790_339-212482.foo.c,341_1415_1417_1418_1419_1420_1423/path_ignore_search_215-189382_268-198009.foo.c
341_1415_1417_1418_1419_1420_1423/path_ignore_search_216-189452_277-198406.foo.c,341_1415_1417_1418_1419_1420_1423/path_ignore_search_215-189382_277-198406.foo.c
341_1415_1417_1418_1419_1420_1423/path_ignore_search_216-189452_277-198406.foo.c,341_1415_1417_1418_1419_1420_1423/path_ignore_search_215-189382_268-198009.foo.c
341_1415_1417_1418_1419_1420_1423/path_ignore_search_215-189382_277-198406.foo.c,341_1415_1417_1418_1419_1420_1423/path_ignore_search_215-189382_268-198009.foo.c
492_1449_1455_1458_1459_1460/search_buf_67-225821_102-227401.foo.c,492_1449_1455_1458_1459_1460/search_buf_67-225821_103-227459.foo.c
492_1449_1455_1458_1459_1460/search_buf_67-225821_102-227401.foo.c,492_1449_1455_1458_1459_1460/search_buf_67-225821_80-226715.foo.c
492_1449_1455_1458_1459_1460/search_buf_67-225821_102-227401.foo.c,492_1449_1455_1458_1459_1460/search_buf_76-226521_80-226715.foo.c
492_1449_1455_1458_1459_1460/search_buf_67-225821_103-227459.foo.c,492_1449_1455_1458_1459_1460/search_buf_67-225821_80-226715.foo.c
492_1449_1455_1458_1459_1460/search_buf_67-225821_103-227459.foo.c,492_1449_1455_1458_1459_1460/search_buf_76-226521_80-226715.foo.c
492_1449_1455_1458_1459_1460/search_buf_67-225821_80-226715.foo.c,492_1449_1455_1458_1459_1460/search_buf_76-226521_80-226715.foo.c
1002/check_symloop_enter_493-242129_493-243756.foo.c,1002/check_symloop_enter_493-242153_493-243756.foo.c
1002/check_symloop_enter_493-242129_493-243756.foo.c,1002/check_symloop_enter_493-242181_493-243756.foo.c
1002/check_symloop_enter_493-242129_493-243756.foo.c,1002/check_symloop_enter_493-242219_493-243756.foo.c
1002/check_symloop_enter_493-242129_493-243756.foo.c,1002/check_symloop_leave_515-252554_515-254129.foo.c
1002/check_symloop_enter_493-242129_493-243756.foo.c,1002/check_symloop_leave_515-252450_515-254129.foo.c
1002/check_symloop_enter_493-242129_493-243756.foo.c,1002/check_symloop_enter_493-242077_493-243756.foo.c
1002/check_symloop_enter_493-242129_493-243756.foo.c,1002/check_symloop_leave_515-252526_515-254129.foo.c
1002/check_symloop_enter_493-242129_493-243756.foo.c,1002/check_symloop_leave_515-252502_515-254129.foo.c
1002/check_symloop_enter_493-242153_493-243756.foo.c,1002/check_symloop_enter_493-242181_493-243756.foo.c
1002/check_symloop_enter_493-242153_493-243756.foo.c,1002/check_symloop_enter_493-242219_493-243756.foo.c
1002/check_symloop_enter_493-242153_493-243756.foo.c,1002/check_symloop_leave_515-252554_515-254129.foo.c
1002/check_symloop_enter_493-242153_493-243756.foo.c,1002/check_symloop_leave_515-252450_515-254129.foo.c
1002/check_symloop_enter_493-242153_493-243756.foo.c,1002/check_symloop_enter_493-242077_493-243756.foo.c
1002/check_symloop_enter_493-242153_493-243756.foo.c,1002/check_symloop_leave_515-252526_515-254129.foo.c
1002/check_symloop_enter_493-242153_493-243756.foo.c,1002/check_symloop_leave_515-252502_515-254129.foo.c
1002/check_symloop_enter_493-242181_493-243756.foo.c,1002/check_symloop_enter_493-242219_493-243756.foo.c
1002/check_symloop_enter_493-242181_493-243756.foo.c,1002/check_symloop_leave_515-252554_515-254129.foo.c
1002/check_symloop_enter_493-242181_493-243756.foo.c,1002/check_symloop_leave_515-252450_515-254129.foo.c
1002/check_symloop_enter_493-242181_493-243756.foo.c,1002/check_symloop_enter_493-242077_493-243756.foo.c
1002/check_symloop_enter_493-242181_493-243756.foo.c,1002/check_symloop_leave_515-252526_515-254129.foo.c
1002/check_symloop_enter_493-242181_493-243756.foo.c,1002/check_symloop_leave_515-252502_515-254129.foo.c
1002/check_symloop_enter_493-242219_493-243756.foo.c,1002/check_symloop_leave_515-252554_515-254129.foo.c
1002/check_symloop_enter_493-242219_493-243756.foo.c,1002/check_symloop_leave_515-252450_515-254129.foo.c
1002/check_symloop_enter_493-242219_493-243756.foo.c,1002/check_symloop_enter_493-242077_493-243756.foo.c
1002/check_symloop_enter_493-242219_493-243756.foo.c,1002/check_symloop_leave_515-252526_515-254129.foo.c
1002/check_symloop_enter_493-242219_493-243756.foo.c,1002/check_symloop_leave_515-252502_515-254129.foo.c
1002/check_symloop_leave_515-252554_515-254129.foo.c,1002/check_symloop_leave_515-252450_515-254129.foo.c
1002/check_symloop_leave_515-252554_515-254129.foo.c,1002/check_symloop_enter_493-242077_493-243756.foo.c
1002/check_symloop_leave_515-252554_515-254129.foo.c,1002/check_symloop_leave_515-252526_515-254129.foo.c
1002/check_symloop_leave_515-252554_515-254129.foo.c,1002/check_symloop_leave_515-252502_515-254129.foo.c
1002/check_symloop_leave_515-252450_515-254129.foo.c,1002/check_symloop_enter_493-242077_493-243756.foo.c
1002/check_symloop_leave_515-252450_515-254129.foo.c,1002/check_symloop_leave_515-252526_515-254129.foo.c
1002/check_symloop_leave_515-252450_515-254129.foo.c,1002/check_symloop_leave_515-252502_515-254129.foo.c
1002/check_symloop_enter_493-242077_493-243756.foo.c,1002/check_symloop_leave_515-252526_515-254129.foo.c
1002/check_symloop_enter_493-242077_493-243756.foo.c,1002/check_symloop_leave_515-252502_515-254129.foo.c
1002/check_symloop_leave_515-252526_515-254129.foo.c,1002/check_symloop_leave_515-252502_515-254129.foo.c
898_1529_1530_1531_1532_1533/init_options_148-228997_156-234936.foo.c,898_1529_1530_1531_1532_1533/init_options_152-229099_156-234936.foo.c
898_1529_1530_1531_1532_1533/init_options_148-228997_156-234936.foo.c,898_1529_1530_1531_1532_1533/init_options_151-229067_157-234965.foo.c
898_1529_1530_1531_1532_1533/init_options_148-228997_156-234936.foo.c,898_1529_1530_1531_1532_1533/init_options_151-229067_153-234604.foo.c
898_1529_1530_1531_1532_1533/init_options_148-228997_156-234936.foo.c,898_1529_1530_1531_1532_1533/init_options_148-228997_157-234965.foo.c
898_1529_1530_1531_1532_1533/init_options_148-228997_156-234936.foo.c,898_1529_1530_1531_1532_1533/init_options_151-229067_156-234936.foo.c
898_1529_1530_1531_1532_1533/init_options_148-228997_156-234936.foo.c,898_1529_1530_1531_1532_1533/init_options_152-229099_157-234965.foo.c
898_1529_1530_1531_1532_1533/init_options_148-228997_156-234936.foo.c,898_1529_1530_1531_1532_1533/init_options_152-229099_153-234604.foo.c
898_1529_1530_1531_1532_1533/init_options_148-228997_156-234936.foo.c,898_1529_1530_1531_1532_1533/init_options_148-228997_153-234604.foo.c
898_1529_1530_1531_1532_1533/init_options_152-229099_156-234936.foo.c,898_1529_1530_1531_1532_1533/init_options_151-229067_157-234965.foo.c
898_1529_1530_1531_1532_1533/init_options_152-229099_156-234936.foo.c,898_1529_1530_1531_1532_1533/init_options_151-229067_153-234604.foo.c
898_1529_1530_1531_1532_1533/init_options_152-229099_156-234936.foo.c,898_1529_1530_1531_1532_1533/init_options_148-228997_157-234965.foo.c
898_1529_1530_1531_1532_1533/init_options_152-229099_156-234936.foo.c,898_1529_1530_1531_1532_1533/init_options_151-229067_156-234936.foo.c
898_1529_1530_1531_1532_1533/init_options_152-229099_156-234936.foo.c,898_1529_1530_1531_1532_1533/init_options_152-229099_157-234965.foo.c
898_1529_1530_1531_1532_1533/init_options_152-229099_156-234936.foo.c,898_1529_1530_1531_1532_1533/init_options_152-229099_153-234604.foo.c
898_1529_1530_1531_1532_1533/init_options_152-229099_156-234936.foo.c,898_1529_1530_1531_1532_1533/init_options_148-228997_153-234604.foo.c
898_1529_1530_1531_1532_1533/init_options_151-229067_157-234965.foo.c,898_1529_1530_1531_1532_1533/init_options_151-229067_153-234604.foo.c
898_1529_1530_1531_1532_1533/init_options_151-229067_157-234965.foo.c,898_1529_1530_1531_1532_1533/init_options_148-228997_157-234965.foo.c
898_1529_1530_1531_1532_1533/init_options_151-229067_157-234965.foo.c,898_1529_1530_1531_1532_1533/init_options_151-229067_156-234936.foo.c
898_1529_1530_1531_1532_1533/init_options_151-229067_157-234965.foo.c,898_1529_1530_1531_1532_1533/init_options_152-229099_157-234965.foo.c
898_1529_1530_1531_1532_1533/init_options_151-229067_157-234965.foo.c,898_1529_1530_1531_1532_1533/init_options_152-229099_153-234604.foo.c
898_1529_1530_1531_1532_1533/init_options_151-229067_157-234965.foo.c,898_1529_1530_1531_1532_1533/init_options_148-228997_153-234604.foo.c
898_1529_1530_1531_1532_1533/init_options_151-229067_153-234604.foo.c,898_1529_1530_1531_1532_1533/init_options_148-228997_157-234965.foo.c
898_1529_1530_1531_1532_1533/init_options_151-229067_153-234604.foo.c,898_1529_1530_1531_1532_1533/init_options_151-229067_156-234936.foo.c
898_1529_1530_1531_1532_1533/init_options_151-229067_153-234604.foo.c,898_1529_1530_1531_1532_1533/init_options_152-229099_157-234965.foo.c
898_1529_1530_1531_1532_1533/init_options_151-229067_153-234604.foo.c,898_1529_1530_1531_1532_1533/init_options_152-229099_153-234604.foo.c
898_1529_1530_1531_1532_1533/init_options_151-229067_153-234604.foo.c,898_1529_1530_1531_1532_1533/init_options_148-228997_153-234604.foo.c
898_1529_1530_1531_1532_1533/init_options_148-228997_157-234965.foo.c,898_1529_1530_1531_1532_1533/init_options_151-229067_156-234936.foo.c
898_1529_1530_1531_1532_1533/init_options_148-228997_157-234965.foo.c,898_1529_1530_1531_1532_1533/init_options_152-229099_157-234965.foo.c
898_1529_1530_1531_1532_1533/init_options_148-228997_157-234965.foo.c,898_1529_1530_1531_1532_1533/init_options_152-229099_153-234604.foo.c
898_1529_1530_1531_1532_1533/init_options_148-228997_157-234965.foo.c,898_1529_1530_1531_1532_1533/init_options_148-228997_153-234604.foo.c
898_1529_1530_1531_1532_1533/init_options_151-229067_156-234936.foo.c,898_1529_1530_1531_1532_1533/init_options_152-229099_157-234965.foo.c
898_1529_1530_1531_1532_1533/init_options_151-229067_156-234936.foo.c,898_1529_1530_1531_1532_1533/init_options_152-229099_153-234604.foo.c
898_1529_1530_1531_1532_1533/init_options_151-229067_156-234936.foo.c,898_1529_1530_1531_1532_1533/init_options_148-228997_153-234604.foo.c
898_1529_1530_1531_1532_1533/init_options_152-229099_157-234965.foo.c,898_1529_1530_1531_1532_1533/init_options_152-229099_153-234604.foo.c
898_1529_1530_1531_1532_1533/init_options_152-229099_157-234965.foo.c,898_1529_1530_1531_1532_1533/init_options_148-228997_153-234604.foo.c
898_1529_1530_1531_1532_1533/init_options_152-229099_153-234604.foo.c,898_1529_1530_1531_1532_1533/init_options_148-228997_153-234604.foo.c
1265_1566_1567_1568_1569_1570_1571/main_188-235428_188-235428.foo.c,1265_1566_1567_1568_1569_1570_1571/main_188-235428_193-235477.foo.c
737/decompress_zlib_32-235386_56-236768.foo.c,737/decompress_zlib_30-235199_55-236704.foo.c
737/decompress_zlib_32-235386_56-236768.foo.c,737/decompress_zlib_30-235199_52-236638.foo.c
737/decompress_zlib_32-235386_56-236768.foo.c,737/decompress_zlib_32-235386_93-238915.foo.c
737/decompress_zlib_32-235386_56-236768.foo.c,737/decompress_zlib_31-235358_90-238852.foo.c
737/decompress_zlib_32-235386_56-236768.foo.c,737/decompress_zlib_32-235386_90-238852.foo.c
737/decompress_zlib_32-235386_56-236768.foo.c,737/decompress_zlib_31-235358_93-238915.foo.c
737/decompress_zlib_32-235386_56-236768.foo.c,737/decompress_zlib_32-235386_99-239098.foo.c
737/decompress_zlib_32-235386_56-236768.foo.c,737/decompress_zlib_31-235358_98-239076.foo.c
737/decompress_zlib_32-235386_56-236768.foo.c,737/decompress_zlib_30-235199_45-236030.foo.c
737/decompress_zlib_32-235386_56-236768.foo.c,737/decompress_zlib_30-235199_54-236674.foo.c
737/decompress_zlib_32-235386_56-236768.foo.c,737/decompress_zlib_31-235358_56-236768.foo.c
737/decompress_zlib_32-235386_56-236768.foo.c,737/decompress_zlib_30-235199_50-236606.foo.c
737/decompress_zlib_30-235199_55-236704.foo.c,737/decompress_zlib_30-235199_52-236638.foo.c
737/decompress_zlib_30-235199_55-236704.foo.c,737/decompress_zlib_32-235386_93-238915.foo.c
737/decompress_zlib_30-235199_55-236704.foo.c,737/decompress_zlib_31-235358_90-238852.foo.c
737/decompress_zlib_30-235199_55-236704.foo.c,737/decompress_zlib_32-235386_90-238852.foo.c
737/decompress_zlib_30-235199_55-236704.foo.c,737/decompress_zlib_31-235358_93-238915.foo.c
737/decompress_zlib_30-235199_55-236704.foo.c,737/decompress_zlib_32-235386_99-239098.foo.c
737/decompress_zlib_30-235199_55-236704.foo.c,737/decompress_zlib_31-235358_98-239076.foo.c
737/decompress_zlib_30-235199_55-236704.foo.c,737/decompress_zlib_30-235199_45-236030.foo.c
737/decompress_zlib_30-235199_55-236704.foo.c,737/decompress_zlib_30-235199_54-236674.foo.c
737/decompress_zlib_30-235199_55-236704.foo.c,737/decompress_zlib_31-235358_56-236768.foo.c
737/decompress_zlib_30-235199_55-236704.foo.c,737/decompress_zlib_30-235199_50-236606.foo.c
737/decompress_zlib_30-235199_52-236638.foo.c,737/decompress_zlib_32-235386_93-238915.foo.c
737/decompress_zlib_30-235199_52-236638.foo.c,737/decompress_zlib_31-235358_90-238852.foo.c
737/decompress_zlib_30-235199_52-236638.foo.c,737/decompress_zlib_32-235386_90-238852.foo.c
737/decompress_zlib_30-235199_52-236638.foo.c,737/decompress_zlib_31-235358_93-238915.foo.c
737/decompress_zlib_30-235199_52-236638.foo.c,737/decompress_zlib_32-235386_99-239098.foo.c
737/decompress_zlib_30-235199_52-236638.foo.c,737/decompress_zlib_31-235358_98-239076.foo.c
737/decompress_zlib_30-235199_52-236638.foo.c,737/decompress_zlib_30-235199_45-236030.foo.c
737/decompress_zlib_30-235199_52-236638.foo.c,737/decompress_zlib_30-235199_54-236674.foo.c
737/decompress_zlib_30-235199_52-236638.foo.c,737/decompress_zlib_31-235358_56-236768.foo.c
737/decompress_zlib_30-235199_52-236638.foo.c,737/decompress_zlib_30-235199_50-236606.foo.c
737/decompress_zlib_32-235386_93-238915.foo.c,737/decompress_zlib_31-235358_90-238852.foo.c
737/decompress_zlib_32-235386_93-238915.foo.c,737/decompress_zlib_32-235386_90-238852.foo.c
737/decompress_zlib_32-235386_93-238915.foo.c,737/decompress_zlib_31-235358_93-238915.foo.c
737/decompress_zlib_32-235386_93-238915.foo.c,737/decompress_zlib_32-235386_99-239098.foo.c
737/decompress_zlib_32-235386_93-238915.foo.c,737/decompress_zlib_31-235358_98-239076.foo.c
737/decompress_zlib_32-235386_93-238915.foo.c,737/decompress_zlib_30-235199_45-236030.foo.c
737/decompress_zlib_32-235386_93-238915.foo.c,737/decompress_zlib_30-235199_54-236674.foo.c
737/decompress_zlib_32-235386_93-238915.foo.c,737/decompress_zlib_31-235358_56-236768.foo.c
737/decompress_zlib_32-235386_93-238915.foo.c,737/decompress_zlib_30-235199_50-236606.foo.c
737/decompress_zlib_31-235358_90-238852.foo.c,737/decompress_zlib_32-235386_90-238852.foo.c
737/decompress_zlib_31-235358_90-238852.foo.c,737/decompress_zlib_31-235358_93-238915.foo.c
737/decompress_zlib_31-235358_90-238852.foo.c,737/decompress_zlib_32-235386_99-239098.foo.c
737/decompress_zlib_31-235358_90-238852.foo.c,737/decompress_zlib_31-235358_98-239076.foo.c
737/decompress_zlib_31-235358_90-238852.foo.c,737/decompress_zlib_30-235199_45-236030.foo.c
737/decompress_zlib_31-235358_90-238852.foo.c,737/decompress_zlib_30-235199_54-236674.foo.c
737/decompress_zlib_31-235358_90-238852.foo.c,737/decompress_zlib_31-235358_56-236768.foo.c
737/decompress_zlib_31-235358_90-238852.foo.c,737/decompress_zlib_30-235199_50-236606.foo.c
737/decompress_zlib_32-235386_90-238852.foo.c,737/decompress_zlib_31-235358_93-238915.foo.c
737/decompress_zlib_32-235386_90-238852.foo.c,737/decompress_zlib_32-235386_99-239098.foo.c
737/decompress_zlib_32-235386_90-238852.foo.c,737/decompress_zlib_31-235358_98-239076.foo.c
737/decompress_zlib_32-235386_90-238852.foo.c,737/decompress_zlib_30-235199_45-236030.foo.c
737/decompress_zlib_32-235386_90-238852.foo.c,737/decompress_zlib_30-235199_54-236674.foo.c
737/decompress_zlib_32-235386_90-238852.foo.c,737/decompress_zlib_31-235358_56-236768.foo.c
737/decompress_zlib_32-235386_90-238852.foo.c,737/decompress_zlib_30-235199_50-236606.foo.c
737/decompress_zlib_31-235358_93-238915.foo.c,737/decompress_zlib_32-235386_99-239098.foo.c
737/decompress_zlib_31-235358_93-238915.foo.c,737/decompress_zlib_31-235358_98-239076.foo.c
737/decompress_zlib_31-235358_93-238915.foo.c,737/decompress_zlib_30-235199_45-236030.foo.c
737/decompress_zlib_31-235358_93-238915.foo.c,737/decompress_zlib_30-235199_54-236674.foo.c
737/decompress_zlib_31-235358_93-238915.foo.c,737/decompress_zlib_31-235358_56-236768.foo.c
737/decompress_zlib_31-235358_93-238915.foo.c,737/decompress_zlib_30-235199_50-236606.foo.c
737/decompress_zlib_32-235386_99-239098.foo.c,737/decompress_zlib_31-235358_98-239076.foo.c
737/decompress_zlib_32-235386_99-239098.foo.c,737/decompress_zlib_30-235199_45-236030.foo.c
737/decompress_zlib_32-235386_99-239098.foo.c,737/decompress_zlib_30-235199_54-236674.foo.c
737/decompress_zlib_32-235386_99-239098.foo.c,737/decompress_zlib_31-235358_56-236768.foo.c
737/decompress_zlib_32-235386_99-239098.foo.c,737/decompress_zlib_30-235199_50-236606.foo.c
737/decompress_zlib_31-235358_98-239076.foo.c,737/decompress_zlib_30-235199_45-236030.foo.c
737/decompress_zlib_31-235358_98-239076.foo.c,737/decompress_zlib_30-235199_54-236674.foo.c
737/decompress_zlib_31-235358_98-239076.foo.c,737/decompress_zlib_31-235358_56-236768.foo.c
737/decompress_zlib_31-235358_98-239076.foo.c,737/decompress_zlib_30-235199_50-236606.foo.c
737/decompress_zlib_30-235199_45-236030.foo.c,737/decompress_zlib_30-235199_54-236674.foo.c
737/decompress_zlib_30-235199_45-236030.foo.c,737/decompress_zlib_31-235358_56-236768.foo.c
737/decompress_zlib_30-235199_45-236030.foo.c,737/decompress_zlib_30-235199_50-236606.foo.c
737/decompress_zlib_30-235199_54-236674.foo.c,737/decompress_zlib_31-235358_56-236768.foo.c
737/decompress_zlib_30-235199_54-236674.foo.c,737/decompress_zlib_30-235199_50-236606.foo.c
737/decompress_zlib_31-235358_56-236768.foo.c,737/decompress_zlib_30-235199_50-236606.foo.c
1168_1552_1553/decompress_zlib_31-235358_54-236674.foo.c,1168_1552_1553/decompress_zlib_31-235358_50-236606.foo.c
1168_1552_1553/decompress_zlib_31-235358_54-236674.foo.c,1168_1552_1553/decompress_zlib_32-235386_55-236704.foo.c
1168_1552_1553/decompress_zlib_31-235358_54-236674.foo.c,1168_1552_1553/decompress_zlib_31-235358_55-236704.foo.c
1168_1552_1553/decompress_zlib_31-235358_54-236674.foo.c,1168_1552_1553/decompress_zlib_31-235358_52-236638.foo.c
1168_1552_1553/decompress_zlib_31-235358_50-236606.foo.c,1168_1552_1553/decompress_zlib_32-235386_55-236704.foo.c
1168_1552_1553/decompress_zlib_31-235358_50-236606.foo.c,1168_1552_1553/decompress_zlib_31-235358_55-236704.foo.c
1168_1552_1553/decompress_zlib_31-235358_50-236606.foo.c,1168_1552_1553/decompress_zlib_31-235358_52-236638.foo.c
1168_1552_1553/decompress_zlib_32-235386_55-236704.foo.c,1168_1552_1553/decompress_zlib_31-235358_55-236704.foo.c
1168_1552_1553/decompress_zlib_32-235386_55-236704.foo.c,1168_1552_1553/decompress_zlib_31-235358_52-236638.foo.c
1168_1552_1553/decompress_zlib_31-235358_55-236704.foo.c,1168_1552_1553/decompress_zlib_31-235358_52-236638.foo.c
373_1424_1426_1427/search_buf_67-225821_107-227730.foo.c,373_1424_1426_1427/path_ignore_search_216-189452_226-195632.foo.c
373_1424_1426_1427/search_buf_67-225821_107-227730.foo.c,373_1424_1426_1427/search_buf_76-226521_107-227730.foo.c
373_1424_1426_1427/search_buf_67-225821_107-227730.foo.c,373_1424_1426_1427/path_ignore_search_215-189382_226-195632.foo.c
373_1424_1426_1427/path_ignore_search_216-189452_226-195632.foo.c,373_1424_1426_1427/search_buf_76-226521_107-227730.foo.c
373_1424_1426_1427/path_ignore_search_216-189452_226-195632.foo.c,373_1424_1426_1427/path_ignore_search_215-189382_226-195632.foo.c
373_1424_1426_1427/search_buf_76-226521_107-227730.foo.c,373_1424_1426_1427/path_ignore_search_215-189382_226-195632.foo.c
895_1526_1527_1528/init_options_152-229099_168-235126.foo.c,895_1526_1527_1528/init_options_148-228997_168-235126.foo.c
895_1526_1527_1528/init_options_152-229099_168-235126.foo.c,895_1526_1527_1528/init_options_151-229067_170-235194.foo.c
895_1526_1527_1528/init_options_152-229099_168-235126.foo.c,895_1526_1527_1528/init_options_151-229067_169-235152.foo.c
895_1526_1527_1528/init_options_152-229099_168-235126.foo.c,895_1526_1527_1528/init_options_148-228997_170-235194.foo.c
895_1526_1527_1528/init_options_152-229099_168-235126.foo.c,895_1526_1527_1528/init_options_151-229067_168-235126.foo.c
895_1526_1527_1528/init_options_152-229099_168-235126.foo.c,895_1526_1527_1528/init_options_153-234604_171-235224.foo.c
895_1526_1527_1528/init_options_152-229099_168-235126.foo.c,895_1526_1527_1528/init_options_152-229099_170-235194.foo.c
895_1526_1527_1528/init_options_152-229099_168-235126.foo.c,895_1526_1527_1528/init_options_152-229099_169-235152.foo.c
895_1526_1527_1528/init_options_152-229099_168-235126.foo.c,895_1526_1527_1528/init_options_148-228997_169-235152.foo.c
895_1526_1527_1528/init_options_148-228997_168-235126.foo.c,895_1526_1527_1528/init_options_151-229067_170-235194.foo.c
895_1526_1527_1528/init_options_148-228997_168-235126.foo.c,895_1526_1527_1528/init_options_151-229067_169-235152.foo.c
895_1526_1527_1528/init_options_148-228997_168-235126.foo.c,895_1526_1527_1528/init_options_148-228997_170-235194.foo.c
895_1526_1527_1528/init_options_148-228997_168-235126.foo.c,895_1526_1527_1528/init_options_151-229067_168-235126.foo.c
895_1526_1527_1528/init_options_148-228997_168-235126.foo.c,895_1526_1527_1528/init_options_153-234604_171-235224.foo.c
895_1526_1527_1528/init_options_148-228997_168-235126.foo.c,895_1526_1527_1528/init_options_152-229099_170-235194.foo.c
895_1526_1527_1528/init_options_148-228997_168-235126.foo.c,895_1526_1527_1528/init_options_152-229099_169-235152.foo.c
895_1526_1527_1528/init_options_148-228997_168-235126.foo.c,895_1526_1527_1528/init_options_148-228997_169-235152.foo.c
895_1526_1527_1528/init_options_151-229067_170-235194.foo.c,895_1526_1527_1528/init_options_151-229067_169-235152.foo.c
895_1526_1527_1528/init_options_151-229067_170-235194.foo.c,895_1526_1527_1528/init_options_148-228997_170-235194.foo.c
895_1526_1527_1528/init_options_151-229067_170-235194.foo.c,895_1526_1527_1528/init_options_151-229067_168-235126.foo.c
895_1526_1527_1528/init_options_151-229067_170-235194.foo.c,895_1526_1527_1528/init_options_153-234604_171-235224.foo.c
895_1526_1527_1528/init_options_151-229067_170-235194.foo.c,895_1526_1527_1528/init_options_152-229099_170-235194.foo.c
895_1526_1527_1528/init_options_151-229067_170-235194.foo.c,895_1526_1527_1528/init_options_152-229099_169-235152.foo.c
895_1526_1527_1528/init_options_151-229067_170-235194.foo.c,895_1526_1527_1528/init_options_148-228997_169-235152.foo.c
895_1526_1527_1528/init_options_151-229067_169-235152.foo.c,895_1526_1527_1528/init_options_148-228997_170-235194.foo.c
895_1526_1527_1528/init_options_151-229067_169-235152.foo.c,895_1526_1527_1528/init_options_151-229067_168-235126.foo.c
895_1526_1527_1528/init_options_151-229067_169-235152.foo.c,895_1526_1527_1528/init_options_153-234604_171-235224.foo.c
895_1526_1527_1528/init_options_151-229067_169-235152.foo.c,895_1526_1527_1528/init_options_152-229099_170-235194.foo.c
895_1526_1527_1528/init_options_151-229067_169-235152.foo.c,895_1526_1527_1528/init_options_152-229099_169-235152.foo.c
895_1526_1527_1528/init_options_151-229067_169-235152.foo.c,895_1526_1527_1528/init_options_148-228997_169-235152.foo.c
895_1526_1527_1528/init_options_148-228997_170-235194.foo.c,895_1526_1527_1528/init_options_151-229067_168-235126.foo.c
895_1526_1527_1528/init_options_148-228997_170-235194.foo.c,895_1526_1527_1528/init_options_153-234604_171-235224.foo.c
895_1526_1527_1528/init_options_148-228997_170-235194.foo.c,895_1526_1527_1528/init_options_152-229099_170-235194.foo.c
895_1526_1527_1528/init_options_148-228997_170-235194.foo.c,895_1526_1527_1528/init_options_152-229099_169-235152.foo.c
895_1526_1527_1528/init_options_148-228997_170-235194.foo.c,895_1526_1527_1528/init_options_148-228997_169-235152.foo.c
895_1526_1527_1528/init_options_151-229067_168-235126.foo.c,895_1526_1527_1528/init_options_153-234604_171-235224.foo.c
895_1526_1527_1528/init_options_151-229067_168-235126.foo.c,895_1526_1527_1528/init_options_152-229099_170-235194.foo.c
895_1526_1527_1528/init_options_151-229067_168-235126.foo.c,895_1526_1527_1528/init_options_152-229099_169-235152.foo.c
895_1526_1527_1528/init_options_151-229067_168-235126.foo.c,895_1526_1527_1528/init_options_148-228997_169-235152.foo.c
895_1526_1527_1528/init_options_153-234604_171-235224.foo.c,895_1526_1527_1528/init_options_152-229099_170-235194.foo.c
895_1526_1527_1528/init_options_153-234604_171-235224.foo.c,895_1526_1527_1528/init_options_152-229099_169-235152.foo.c
895_1526_1527_1528/init_options_153-234604_171-235224.foo.c,895_1526_1527_1528/init_options_148-228997_169-235152.foo.c
895_1526_1527_1528/init_options_152-229099_170-235194.foo.c,895_1526_1527_1528/init_options_152-229099_169-235152.foo.c
895_1526_1527_1528/init_options_152-229099_170-235194.foo.c,895_1526_1527_1528/init_options_148-228997_169-235152.foo.c
895_1526_1527_1528/init_options_152-229099_169-235152.foo.c,895_1526_1527_1528/init_options_148-228997_169-235152.foo.c
901/init_options_153-234604_157-234965.foo.c,901/init_options_153-234604_156-234936.foo.c
710_1495/path_ignore_search_228-196304_258-197558.foo.c,710_1495/path_ignore_search_228-196304_245-196970.foo.c
145_1380_1381_1382_1383/main_107-230227_146-232959.foo.c,145_1380_1381_1382_1383/main_111-230477_146-232959.foo.c
145_1380_1381_1382_1383/main_107-230227_146-232959.foo.c,145_1380_1381_1382_1383/main_104-229951_146-232959.foo.c
145_1380_1381_1382_1383/main_107-230227_146-232959.foo.c,145_1380_1381_1382_1383/main_101-229717_146-232959.foo.c
145_1380_1381_1382_1383/main_107-230227_146-232959.foo.c,145_1380_1381_1382_1383/main_115-230605_146-232959.foo.c
145_1380_1381_1382_1383/main_107-230227_146-232959.foo.c,145_1380_1381_1382_1383/main_98-229483_146-232959.foo.c
145_1380_1381_1382_1383/main_111-230477_146-232959.foo.c,145_1380_1381_1382_1383/main_104-229951_146-232959.foo.c
145_1380_1381_1382_1383/main_111-230477_146-232959.foo.c,145_1380_1381_1382_1383/main_101-229717_146-232959.foo.c
145_1380_1381_1382_1383/main_111-230477_146-232959.foo.c,145_1380_1381_1382_1383/main_115-230605_146-232959.foo.c
145_1380_1381_1382_1383/main_111-230477_146-232959.foo.c,145_1380_1381_1382_1383/main_98-229483_146-232959.foo.c
145_1380_1381_1382_1383/main_104-229951_146-232959.foo.c,145_1380_1381_1382_1383/main_101-229717_146-232959.foo.c
145_1380_1381_1382_1383/main_104-229951_146-232959.foo.c,145_1380_1381_1382_1383/main_115-230605_146-232959.foo.c
145_1380_1381_1382_1383/main_104-229951_146-232959.foo.c,145_1380_1381_1382_1383/main_98-229483_146-232959.foo.c
145_1380_1381_1382_1383/main_101-229717_146-232959.foo.c,145_1380_1381_1382_1383/main_115-230605_146-232959.foo.c
145_1380_1381_1382_1383/main_101-229717_146-232959.foo.c,145_1380_1381_1382_1383/main_98-229483_146-232959.foo.c
145_1380_1381_1382_1383/main_115-230605_146-232959.foo.c,145_1380_1381_1382_1383/main_98-229483_146-232959.foo.c
494_1455_1459_1463_1464/search_buf_76-226521_109-227772.foo.c,494_1455_1459_1463_1464/search_file_276-233800_295-235182.foo.c
566_1476_1479_1481_1483/init_wordchar_table_446-207194_447-207221.foo.c,566_1476_1479_1481_1483/init_wordchar_table_445-207158_447-207221.foo.c
566_1476_1479_1481_1483/init_wordchar_table_446-207194_447-207221.foo.c,566_1476_1479_1481_1483/init_wordchar_table_447-207221_445-207158.foo.c
566_1476_1479_1481_1483/init_wordchar_table_446-207194_447-207221.foo.c,566_1476_1479_1481_1483/init_wordchar_table_445-207158_445-207158.foo.c
566_1476_1479_1481_1483/init_wordchar_table_446-207194_447-207221.foo.c,566_1476_1479_1481_1483/init_wordchar_table_446-207194_445-207158.foo.c
566_1476_1479_1481_1483/init_wordchar_table_445-207158_447-207221.foo.c,566_1476_1479_1481_1483/init_wordchar_table_447-207221_445-207158.foo.c
566_1476_1479_1481_1483/init_wordchar_table_445-207158_447-207221.foo.c,566_1476_1479_1481_1483/init_wordchar_table_445-207158_445-207158.foo.c
566_1476_1479_1481_1483/init_wordchar_table_445-207158_447-207221.foo.c,566_1476_1479_1481_1483/init_wordchar_table_446-207194_445-207158.foo.c
566_1476_1479_1481_1483/init_wordchar_table_447-207221_445-207158.foo.c,566_1476_1479_1481_1483/init_wordchar_table_445-207158_445-207158.foo.c
566_1476_1479_1481_1483/init_wordchar_table_447-207221_445-207158.foo.c,566_1476_1479_1481_1483/init_wordchar_table_446-207194_445-207158.foo.c
566_1476_1479_1481_1483/init_wordchar_table_445-207158_445-207158.foo.c,566_1476_1479_1481_1483/init_wordchar_table_446-207194_445-207158.foo.c
494_1455_1459/hash_strnstr_207-180975_239-184248.foo.c,494_1455_1459/hash_strnstr_207-180975_228-182791.foo.c
494_1455_1459/hash_strnstr_207-180975_239-184248.foo.c,494_1455_1459/search_buf_76-226521_109-227772.foo.c
494_1455_1459/hash_strnstr_207-180975_239-184248.foo.c,494_1455_1459/search_file_276-233800_295-235182.foo.c
494_1455_1459/hash_strnstr_207-180975_228-182791.foo.c,494_1455_1459/search_buf_76-226521_109-227772.foo.c
494_1455_1459/hash_strnstr_207-180975_228-182791.foo.c,494_1455_1459/search_file_276-233800_295-235182.foo.c
494_1455_1459/search_buf_76-226521_109-227772.foo.c,494_1455_1459/search_file_276-233800_295-235182.foo.c
1168_1552_1553_1554_1555_1556/decompress_zlib_31-235358_54-236674.foo.c,1168_1552_1553_1554_1555_1556/decompress_zlib_31-235358_50-236606.foo.c
1168_1552_1553_1554_1555_1556/decompress_zlib_31-235358_54-236674.foo.c,1168_1552_1553_1554_1555_1556/decompress_zlib_32-235386_55-236704.foo.c
1168_1552_1553_1554_1555_1556/decompress_zlib_31-235358_54-236674.foo.c,1168_1552_1553_1554_1555_1556/decompress_zlib_31-235358_55-236704.foo.c
1168_1552_1553_1554_1555_1556/decompress_zlib_31-235358_54-236674.foo.c,1168_1552_1553_1554_1555_1556/decompress_zlib_31-235358_52-236638.foo.c
1168_1552_1553_1554_1555_1556/decompress_zlib_31-235358_50-236606.foo.c,1168_1552_1553_1554_1555_1556/decompress_zlib_32-235386_55-236704.foo.c
1168_1552_1553_1554_1555_1556/decompress_zlib_31-235358_50-236606.foo.c,1168_1552_1553_1554_1555_1556/decompress_zlib_31-235358_55-236704.foo.c
1168_1552_1553_1554_1555_1556/decompress_zlib_31-235358_50-236606.foo.c,1168_1552_1553_1554_1555_1556/decompress_zlib_31-235358_52-236638.foo.c
1168_1552_1553_1554_1555_1556/decompress_zlib_32-235386_55-236704.foo.c,1168_1552_1553_1554_1555_1556/decompress_zlib_31-235358_55-236704.foo.c
1168_1552_1553_1554_1555_1556/decompress_zlib_32-235386_55-236704.foo.c,1168_1552_1553_1554_1555_1556/decompress_zlib_31-235358_52-236638.foo.c
1168_1552_1553_1554_1555_1556/decompress_zlib_31-235358_55-236704.foo.c,1168_1552_1553_1554_1555_1556/decompress_zlib_31-235358_52-236638.foo.c
367_1421/filename_filter_336-207044_382-214196.foo.c,367_1421/add_ignore_pattern_104-177886_161-181675.foo.c
367_1421/filename_filter_336-207044_382-214196.foo.c,367_1421/add_ignore_pattern_104-177886_167-187342.foo.c
367_1421/add_ignore_pattern_104-177886_161-181675.foo.c,367_1421/add_ignore_pattern_104-177886_167-187342.foo.c
757_1511_1514/main_91-229293_104-229951.foo.c,757_1511_1514/main_91-229293_107-230227.foo.c
901_1531_1532_1533/init_options_153-234604_157-234965.foo.c,901_1531_1532_1533/init_options_153-234604_156-234936.foo.c
900_1530_1531_1532_1533_1534_1535/init_options_152-229099_172-235257.foo.c,900_1530_1531_1532_1533_1534_1535/init_options_148-228997_172-235257.foo.c
900_1530_1531_1532_1533_1534_1535/init_options_152-229099_172-235257.foo.c,900_1530_1531_1532_1533_1534_1535/init_options_151-229067_172-235257.foo.c
900_1530_1531_1532_1533_1534_1535/init_options_148-228997_172-235257.foo.c,900_1530_1531_1532_1533_1534_1535/init_options_151-229067_172-235257.foo.c
339/search_buf_22-224535_176-230756.foo.c,339/search_buf_24-224563_54-225306.foo.c
339/search_buf_22-224535_176-230756.foo.c,339/search_buf_21-224514_176-230756.foo.c
339/search_buf_24-224563_54-225306.foo.c,339/search_buf_21-224514_176-230756.foo.c
212_1385_1387_1388_1389/search_file_264-233338_426-239497.foo.c,212_1385_1387_1388_1389/search_file_267-233496_426-239497.foo.c
212_1385_1387_1388_1389/search_file_264-233338_426-239497.foo.c,212_1385_1387_1388_1389/search_file_266-233480_426-239497.foo.c
212_1385_1387_1388_1389/search_file_267-233496_426-239497.foo.c,212_1385_1387_1388_1389/search_file_266-233480_426-239497.foo.c
1265/main_188-235428_188-235428.foo.c,1265/main_188-235428_193-235477.foo.c
341_1415_1417_1418/filename_filter_322-205704_349-213122.foo.c,341_1415_1417_1418/filename_filter_323-206790_382-214196.foo.c
341_1415_1417_1418/filename_filter_322-205704_349-213122.foo.c,341_1415_1417_1418/filename_filter_322-205704_382-214196.foo.c
341_1415_1417_1418/filename_filter_322-205704_349-213122.foo.c,341_1415_1417_1418/filename_filter_323-206790_349-213122.foo.c
341_1415_1417_1418/filename_filter_322-205704_349-213122.foo.c,341_1415_1417_1418/filename_filter_336-207044_347-213078.foo.c
341_1415_1417_1418/filename_filter_322-205704_349-213122.foo.c,341_1415_1417_1418/filename_filter_322-205704_339-212482.foo.c
341_1415_1417_1418/filename_filter_322-205704_349-213122.foo.c,341_1415_1417_1418/path_ignore_search_216-189452_268-198009.foo.c
341_1415_1417_1418/filename_filter_322-205704_349-213122.foo.c,341_1415_1417_1418/filename_filter_323-206790_339-212482.foo.c
341_1415_1417_1418/filename_filter_322-205704_349-213122.foo.c,341_1415_1417_1418/path_ignore_search_216-189452_277-198406.foo.c
341_1415_1417_1418/filename_filter_322-205704_349-213122.foo.c,341_1415_1417_1418/path_ignore_search_215-189382_277-198406.foo.c
341_1415_1417_1418/filename_filter_322-205704_349-213122.foo.c,341_1415_1417_1418/path_ignore_search_215-189382_268-198009.foo.c
341_1415_1417_1418/filename_filter_322-205704_349-213122.foo.c,341_1415_1417_1418/filename_filter_339-212482_347-213078.foo.c
341_1415_1417_1418/filename_filter_323-206790_382-214196.foo.c,341_1415_1417_1418/filename_filter_322-205704_382-214196.foo.c
341_1415_1417_1418/filename_filter_323-206790_382-214196.foo.c,341_1415_1417_1418/filename_filter_323-206790_349-213122.foo.c
341_1415_1417_1418/filename_filter_323-206790_382-214196.foo.c,341_1415_1417_1418/filename_filter_336-207044_347-213078.foo.c
341_1415_1417_1418/filename_filter_323-206790_382-214196.foo.c,341_1415_1417_1418/filename_filter_322-205704_339-212482.foo.c
341_1415_1417_1418/filename_filter_323-206790_382-214196.foo.c,341_1415_1417_1418/path_ignore_search_216-189452_268-198009.foo.c
341_1415_1417_1418/filename_filter_323-206790_382-214196.foo.c,341_1415_1417_1418/filename_filter_323-206790_339-212482.foo.c
341_1415_1417_1418/filename_filter_323-206790_382-214196.foo.c,341_1415_1417_1418/path_ignore_search_216-189452_277-198406.foo.c
341_1415_1417_1418/filename_filter_323-206790_382-214196.foo.c,341_1415_1417_1418/path_ignore_search_215-189382_277-198406.foo.c
341_1415_1417_1418/filename_filter_323-206790_382-214196.foo.c,341_1415_1417_1418/path_ignore_search_215-189382_268-198009.foo.c
341_1415_1417_1418/filename_filter_323-206790_382-214196.foo.c,341_1415_1417_1418/filename_filter_339-212482_347-213078.foo.c
341_1415_1417_1418/filename_filter_322-205704_382-214196.foo.c,341_1415_1417_1418/filename_filter_323-206790_349-213122.foo.c
341_1415_1417_1418/filename_filter_322-205704_382-214196.foo.c,341_1415_1417_1418/filename_filter_336-207044_347-213078.foo.c
341_1415_1417_1418/filename_filter_322-205704_382-214196.foo.c,341_1415_1417_1418/filename_filter_322-205704_339-212482.foo.c
341_1415_1417_1418/filename_filter_322-205704_382-214196.foo.c,341_1415_1417_1418/path_ignore_search_216-189452_268-198009.foo.c
341_1415_1417_1418/filename_filter_322-205704_382-214196.foo.c,341_1415_1417_1418/filename_filter_323-206790_339-212482.foo.c
341_1415_1417_1418/filename_filter_322-205704_382-214196.foo.c,341_1415_1417_1418/path_ignore_search_216-189452_277-198406.foo.c
341_1415_1417_1418/filename_filter_322-205704_382-214196.foo.c,341_1415_1417_1418/path_ignore_search_215-189382_277-198406.foo.c
341_1415_1417_1418/filename_filter_322-205704_382-214196.foo.c,341_1415_1417_1418/path_ignore_search_215-189382_268-198009.foo.c
341_1415_1417_1418/filename_filter_322-205704_382-214196.foo.c,341_1415_1417_1418/filename_filter_339-212482_347-213078.foo.c
341_1415_1417_1418/filename_filter_323-206790_349-213122.foo.c,341_1415_1417_1418/filename_filter_336-207044_347-213078.foo.c
341_1415_1417_1418/filename_filter_323-206790_349-213122.foo.c,341_1415_1417_1418/filename_filter_322-205704_339-212482.foo.c
341_1415_1417_1418/filename_filter_323-206790_349-213122.foo.c,341_1415_1417_1418/path_ignore_search_216-189452_268-198009.foo.c
341_1415_1417_1418/filename_filter_323-206790_349-213122.foo.c,341_1415_1417_1418/filename_filter_323-206790_339-212482.foo.c
341_1415_1417_1418/filename_filter_323-206790_349-213122.foo.c,341_1415_1417_1418/path_ignore_search_216-189452_277-198406.foo.c
341_1415_1417_1418/filename_filter_323-206790_349-213122.foo.c,341_1415_1417_1418/path_ignore_search_215-189382_277-198406.foo.c
341_1415_1417_1418/filename_filter_323-206790_349-213122.foo.c,341_1415_1417_1418/path_ignore_search_215-189382_268-198009.foo.c
341_1415_1417_1418/filename_filter_323-206790_349-213122.foo.c,341_1415_1417_1418/filename_filter_339-212482_347-213078.foo.c
341_1415_1417_1418/filename_filter_336-207044_347-213078.foo.c,341_1415_1417_1418/filename_filter_322-205704_339-212482.foo.c
341_1415_1417_1418/filename_filter_336-207044_347-213078.foo.c,341_1415_1417_1418/path_ignore_search_216-189452_268-198009.foo.c
341_1415_1417_1418/filename_filter_336-207044_347-213078.foo.c,341_1415_1417_1418/filename_filter_323-206790_339-212482.foo.c
341_1415_1417_1418/filename_filter_336-207044_347-213078.foo.c,341_1415_1417_1418/path_ignore_search_216-189452_277-198406.foo.c
341_1415_1417_1418/filename_filter_336-207044_347-213078.foo.c,341_1415_1417_1418/path_ignore_search_215-189382_277-198406.foo.c
341_1415_1417_1418/filename_filter_336-207044_347-213078.foo.c,341_1415_1417_1418/path_ignore_search_215-189382_268-198009.foo.c
341_1415_1417_1418/filename_filter_336-207044_347-213078.foo.c,341_1415_1417_1418/filename_filter_339-212482_347-213078.foo.c
341_1415_1417_1418/filename_filter_322-205704_339-212482.foo.c,341_1415_1417_1418/path_ignore_search_216-189452_268-198009.foo.c
341_1415_1417_1418/filename_filter_322-205704_339-212482.foo.c,341_1415_1417_1418/filename_filter_323-206790_339-212482.foo.c
341_1415_1417_1418/filename_filter_322-205704_339-212482.foo.c,341_1415_1417_1418/path_ignore_search_216-189452_277-198406.foo.c
341_1415_1417_1418/filename_filter_322-205704_339-212482.foo.c,341_1415_1417_1418/path_ignore_search_215-189382_277-198406.foo.c
341_1415_1417_1418/filename_filter_322-205704_339-212482.foo.c,341_1415_1417_1418/path_ignore_search_215-189382_268-198009.foo.c
341_1415_1417_1418/filename_filter_322-205704_339-212482.foo.c,341_1415_1417_1418/filename_filter_339-212482_347-213078.foo.c
341_1415_1417_1418/path_ignore_search_216-189452_268-198009.foo.c,341_1415_1417_1418/filename_filter_323-206790_339-212482.foo.c
341_1415_1417_1418/path_ignore_search_216-189452_268-198009.foo.c,341_1415_1417_1418/path_ignore_search_216-189452_277-198406.foo.c
341_1415_1417_1418/path_ignore_search_216-189452_268-198009.foo.c,341_1415_1417_1418/path_ignore_search_215-189382_277-198406.foo.c
341_1415_1417_1418/path_ignore_search_216-189452_268-198009.foo.c,341_1415_1417_1418/path_ignore_search_215-189382_268-198009.foo.c
341_1415_1417_1418/path_ignore_search_216-189452_268-198009.foo.c,341_1415_1417_1418/filename_filter_339-212482_347-213078.foo.c
341_1415_1417_1418/filename_filter_323-206790_339-212482.foo.c,341_1415_1417_1418/path_ignore_search_216-189452_277-198406.foo.c
341_1415_1417_1418/filename_filter_323-206790_339-212482.foo.c,341_1415_1417_1418/path_ignore_search_215-189382_277-198406.foo.c
341_1415_1417_1418/filename_filter_323-206790_339-212482.foo.c,341_1415_1417_1418/path_ignore_search_215-189382_268-198009.foo.c
341_1415_1417_1418/filename_filter_323-206790_339-212482.foo.c,341_1415_1417_1418/filename_filter_339-212482_347-213078.foo.c
341_1415_1417_1418/path_ignore_search_216-189452_277-198406.foo.c,341_1415_1417_1418/path_ignore_search_215-189382_277-198406.foo.c
341_1415_1417_1418/path_ignore_search_216-189452_277-198406.foo.c,341_1415_1417_1418/path_ignore_search_215-189382_268-198009.foo.c
341_1415_1417_1418/path_ignore_search_216-189452_277-198406.foo.c,341_1415_1417_1418/filename_filter_339-212482_347-213078.foo.c
341_1415_1417_1418/path_ignore_search_215-189382_277-198406.foo.c,341_1415_1417_1418/path_ignore_search_215-189382_268-198009.foo.c
341_1415_1417_1418/path_ignore_search_215-189382_277-198406.foo.c,341_1415_1417_1418/filename_filter_339-212482_347-213078.foo.c
341_1415_1417_1418/path_ignore_search_215-189382_268-198009.foo.c,341_1415_1417_1418/filename_filter_339-212482_347-213078.foo.c
273_1393_1395_1397/search_file_324-236605_426-239497.foo.c,273_1393_1395_1397/search_file_296-235212_426-239497.foo.c
341_1416_1418_1419_1420_1421/filename_filter_299-199059_336-207044.foo.c,341_1416_1418_1419_1420_1421/add_ignore_pattern_115-178817_170-187513.foo.c
341_1416_1418_1419_1420_1421/filename_filter_299-199059_336-207044.foo.c,341_1416_1418_1419_1420_1421/add_ignore_pattern_109-178412_168-187394.foo.c
341_1416_1418_1419_1420_1421/filename_filter_299-199059_336-207044.foo.c,341_1416_1418_1419_1420_1421/add_ignore_pattern_109-178412_170-187513.foo.c
341_1416_1418_1419_1420_1421/filename_filter_299-199059_336-207044.foo.c,341_1416_1418_1419_1420_1421/filename_filter_294-198961_336-207044.foo.c
341_1416_1418_1419_1420_1421/filename_filter_299-199059_336-207044.foo.c,341_1416_1418_1419_1420_1421/add_ignore_pattern_115-178817_168-187394.foo.c
341_1416_1418_1419_1420_1421/add_ignore_pattern_115-178817_170-187513.foo.c,341_1416_1418_1419_1420_1421/add_ignore_pattern_109-178412_168-187394.foo.c
341_1416_1418_1419_1420_1421/add_ignore_pattern_115-178817_170-187513.foo.c,341_1416_1418_1419_1420_1421/add_ignore_pattern_109-178412_170-187513.foo.c
341_1416_1418_1419_1420_1421/add_ignore_pattern_115-178817_170-187513.foo.c,341_1416_1418_1419_1420_1421/filename_filter_294-198961_336-207044.foo.c
341_1416_1418_1419_1420_1421/add_ignore_pattern_115-178817_170-187513.foo.c,341_1416_1418_1419_1420_1421/add_ignore_pattern_115-178817_168-187394.foo.c
341_1416_1418_1419_1420_1421/add_ignore_pattern_109-178412_168-187394.foo.c,341_1416_1418_1419_1420_1421/add_ignore_pattern_109-178412_170-187513.foo.c
341_1416_1418_1419_1420_1421/add_ignore_pattern_109-178412_168-187394.foo.c,341_1416_1418_1419_1420_1421/filename_filter_294-198961_336-207044.foo.c
341_1416_1418_1419_1420_1421/add_ignore_pattern_109-178412_168-187394.foo.c,341_1416_1418_1419_1420_1421/add_ignore_pattern_115-178817_168-187394.foo.c
341_1416_1418_1419_1420_1421/add_ignore_pattern_109-178412_170-187513.foo.c,341_1416_1418_1419_1420_1421/filename_filter_294-198961_336-207044.foo.c
341_1416_1418_1419_1420_1421/add_ignore_pattern_109-178412_170-187513.foo.c,341_1416_1418_1419_1420_1421/add_ignore_pattern_115-178817_168-187394.foo.c
341_1416_1418_1419_1420_1421/filename_filter_294-198961_336-207044.foo.c,341_1416_1418_1419_1420_1421/add_ignore_pattern_115-178817_168-187394.foo.c
1002_1543/check_symloop_enter_493-242129_493-243756.foo.c,1002_1543/check_symloop_enter_493-242153_493-243756.foo.c
1002_1543/check_symloop_enter_493-242129_493-243756.foo.c,1002_1543/check_symloop_enter_493-242181_493-243756.foo.c
1002_1543/check_symloop_enter_493-242129_493-243756.foo.c,1002_1543/check_symloop_enter_493-242219_493-243756.foo.c
1002_1543/check_symloop_enter_493-242129_493-243756.foo.c,1002_1543/check_symloop_leave_515-252554_515-254129.foo.c
1002_1543/check_symloop_enter_493-242129_493-243756.foo.c,1002_1543/check_symloop_leave_515-252450_515-254129.foo.c
1002_1543/check_symloop_enter_493-242129_493-243756.foo.c,1002_1543/check_symloop_enter_493-242077_493-243756.foo.c
1002_1543/check_symloop_enter_493-242129_493-243756.foo.c,1002_1543/check_symloop_leave_515-252526_515-254129.foo.c
1002_1543/check_symloop_enter_493-242129_493-243756.foo.c,1002_1543/check_symloop_leave_515-252502_515-254129.foo.c
1002_1543/check_symloop_enter_493-242153_493-243756.foo.c,1002_1543/check_symloop_enter_493-242181_493-243756.foo.c
1002_1543/check_symloop_enter_493-242153_493-243756.foo.c,1002_1543/check_symloop_enter_493-242219_493-243756.foo.c
1002_1543/check_symloop_enter_493-242153_493-243756.foo.c,1002_1543/check_symloop_leave_515-252554_515-254129.foo.c
1002_1543/check_symloop_enter_493-242153_493-243756.foo.c,1002_1543/check_symloop_leave_515-252450_515-254129.foo.c
1002_1543/check_symloop_enter_493-242153_493-243756.foo.c,1002_1543/check_symloop_enter_493-242077_493-243756.foo.c
1002_1543/check_symloop_enter_493-242153_493-243756.foo.c,1002_1543/check_symloop_leave_515-252526_515-254129.foo.c
1002_1543/check_symloop_enter_493-242153_493-243756.foo.c,1002_1543/check_symloop_leave_515-252502_515-254129.foo.c
1002_1543/check_symloop_enter_493-242181_493-243756.foo.c,1002_1543/check_symloop_enter_493-242219_493-243756.foo.c
1002_1543/check_symloop_enter_493-242181_493-243756.foo.c,1002_1543/check_symloop_leave_515-252554_515-254129.foo.c
1002_1543/check_symloop_enter_493-242181_493-243756.foo.c,1002_1543/check_symloop_leave_515-252450_515-254129.foo.c
1002_1543/check_symloop_enter_493-242181_493-243756.foo.c,1002_1543/check_symloop_enter_493-242077_493-243756.foo.c
1002_1543/check_symloop_enter_493-242181_493-243756.foo.c,1002_1543/check_symloop_leave_515-252526_515-254129.foo.c
1002_1543/check_symloop_enter_493-242181_493-243756.foo.c,1002_1543/check_symloop_leave_515-252502_515-254129.foo.c
1002_1543/check_symloop_enter_493-242219_493-243756.foo.c,1002_1543/check_symloop_leave_515-252554_515-254129.foo.c
1002_1543/check_symloop_enter_493-242219_493-243756.foo.c,1002_1543/check_symloop_leave_515-252526_515-254129.foo.c
1002_1543/check_symloop_enter_493-242219_493-243756.foo.c,1002_1543/check_symloop_leave_515-252502_515-254129.foo.c
1002_1543/check_symloop_leave_515-252554_515-254129.foo.c,1002_1543/check_symloop_leave_515-252450_515-254129.foo.c
1002_1543/check_symloop_leave_515-252554_515-254129.foo.c,1002_1543/check_symloop_enter_493-242077_493-243756.foo.c
1002_1543/check_symloop_leave_515-252554_515-254129.foo.c,1002_1543/check_symloop_leave_515-252526_515-254129.foo.c
1002_1543/check_symloop_leave_515-252554_515-254129.foo.c,1002_1543/check_symloop_leave_515-252502_515-254129.foo.c
1002_1543/check_symloop_leave_515-252450_515-254129.foo.c,1002_1543/check_symloop_leave_515-252526_515-254129.foo.c
1002_1543/check_symloop_leave_515-252450_515-254129.foo.c,1002_1543/check_symloop_leave_515-252502_515-254129.foo.c
1002_1543/check_symloop_enter_493-242077_493-243756.foo.c,1002_1543/check_symloop_leave_515-252526_515-254129.foo.c
1002_1543/check_symloop_enter_493-242077_493-243756.foo.c,1002_1543/check_symloop_leave_515-252502_515-254129.foo.c
1002_1543/check_symloop_leave_515-252526_515-254129.foo.c,1002_1543/check_symloop_leave_515-252502_515-254129.foo.c
904_1533_1534_1535_1536/init_options_152-229099_158-235000.foo.c,904_1533_1534_1535_1536/init_options_153-234604_163-235036.foo.c
904_1533_1534_1535_1536/init_options_148-228997_158-235000.foo.c,904_1533_1534_1535_1536/init_options_153-234604_163-235036.foo.c
904_1533_1534_1535_1536/init_options_153-234604_163-235036.foo.c,904_1533_1534_1535_1536/init_options_151-229067_158-235000.foo.c
341_1416_1418_1419_1420_1421_1422_1423/filename_filter_299-199059_336-207044.foo.c,341_1416_1418_1419_1420_1421_1422_1423/add_ignore_pattern_115-178817_170-187513.foo.c
341_1416_1418_1419_1420_1421_1422_1423/filename_filter_299-199059_336-207044.foo.c,341_1416_1418_1419_1420_1421_1422_1423/add_ignore_pattern_109-178412_170-187513.foo.c
341_1416_1418_1419_1420_1421_1422_1423/add_ignore_pattern_115-178817_170-187513.foo.c,341_1416_1418_1419_1420_1421_1422_1423/add_ignore_pattern_109-178412_170-187513.foo.c
341_1416_1418_1419_1420_1421_1422_1423/add_ignore_pattern_115-178817_170-187513.foo.c,341_1416_1418_1419_1420_1421_1422_1423/filename_filter_294-198961_336-207044.foo.c
341_1416_1418_1419_1420_1421_1422_1423/add_ignore_pattern_109-178412_170-187513.foo.c,341_1416_1418_1419_1420_1421_1422_1423/filename_filter_294-198961_336-207044.foo.c
1004/check_symloop_leave_515-252592_515-254129.foo.c,1004/check_symloop_leave_515-252592_515-253586.foo.c
224_1388/main_41-227501_107-230227.foo.c,224_1388/main_41-227501_96-229400.foo.c
224_1388/main_41-227501_96-229400.foo.c,224_1388/main_41-227501_104-229951.foo.c
224_1388/main_41-227501_96-229400.foo.c,224_1388/main_41-227501_101-229717.foo.c
732_1505/decompress_lzma_144-240932_172-242131.foo.c,732_1505/decompress_lzma_144-240932_174-242169.foo.c
732_1505/decompress_lzma_144-240932_174-242169.foo.c,732_1505/decompress_lzma_143-240902_172-242131.foo.c
732_1505/decompress_lzma_144-240932_174-242169.foo.c,732_1505/decompress_lzma_143-240902_183-242318.foo.c
732_1505/decompress_lzma_144-240932_174-242169.foo.c,732_1505/decompress_lzma_144-240932_183-242318.foo.c
732_1505/decompress_lzma_144-240932_174-242169.foo.c,732_1505/decompress_lzma_144-240932_145-240996.foo.c
732_1505/decompress_lzma_144-240932_174-242169.foo.c,732_1505/decompress_lzma_143-240902_186-242364.foo.c
732_1505/decompress_lzma_144-240932_174-242169.foo.c,732_1505/decompress_lzma_144-240932_186-242364.foo.c
732_1505/decompress_lzma_144-240932_174-242169.foo.c,732_1505/decompress_lzma_143-240902_145-240996.foo.c
732_1505/decompress_lzma_144-240932_174-242169.foo.c,732_1505/decompress_lzma_144-240932_182-242296.foo.c
732_1505/decompress_lzma_143-240902_174-242169.foo.c,732_1505/decompress_lzma_144-240932_186-242364.foo.c
732_1505/decompress_lzma_143-240902_183-242318.foo.c,732_1505/decompress_lzma_143-240902_182-242296.foo.c
732_1505/decompress_lzma_144-240932_183-242318.foo.c,732_1505/decompress_lzma_143-240902_182-242296.foo.c
732_1505/decompress_lzma_143-240902_186-242364.foo.c,732_1505/decompress_lzma_143-240902_182-242296.foo.c
732_1505/decompress_lzma_144-240932_186-242364.foo.c,732_1505/decompress_lzma_143-240902_182-242296.foo.c
355/search_buf_21-224514_54-225306.foo.c,355/search_buf_22-224535_54-225306.foo.c
145_1380_1381_1382_1383_1384/main_107-230227_146-232959.foo.c,145_1380_1381_1382_1383_1384/main_98-229483_146-232959.foo.c
145_1380_1381_1382_1383_1384/main_111-230477_146-232959.foo.c,145_1380_1381_1382_1383_1384/main_98-229483_146-232959.foo.c
145_1380_1381_1382_1383_1384/main_104-229951_146-232959.foo.c,145_1380_1381_1382_1383_1384/main_98-229483_146-232959.foo.c
145_1380_1381_1382_1383_1384/main_101-229717_146-232959.foo.c,145_1380_1381_1382_1383_1384/main_98-229483_146-232959.foo.c
145_1380_1381_1382_1383_1384/main_115-230605_146-232959.foo.c,145_1380_1381_1382_1383_1384/main_98-229483_146-232959.foo.c
512_1462_1464/search_file_267-233496_288-234810.foo.c,512_1462_1464/search_file_267-233496_307-235513.foo.c
512_1462_1464/search_file_266-233480_333-236922.foo.c,512_1462_1464/search_file_266-233480_314-236214.foo.c
367_1423_1426_1427_1428_1429_1430_1431/is_binary_336-187700_349-194568.foo.c,367_1423_1426_1427_1428_1429_1430_1431/is_binary_335-187644_349-194568.foo.c
367_1423_1426/is_binary_336-187700_349-194568.foo.c,367_1423_1426/is_binary_335-187644_349-194568.foo.c
1330_1580/check_symloop_enter_500-246724_500-248052.foo.c,1330_1580/check_symloop_enter_500-246690_500-248052.foo.c
1330_1580/check_symloop_enter_500-246724_500-248052.foo.c,1330_1580/check_symloop_enter_500-246625_500-248052.foo.c
1330_1580/check_symloop_enter_500-246724_500-248052.foo.c,1330_1580/check_symloop_enter_493-242181_493-243213.foo.c
1330_1580/check_symloop_enter_500-246724_500-248052.foo.c,1330_1580/check_symloop_enter_500-246752_500-248052.foo.c
1330_1580/check_symloop_enter_500-246690_500-248052.foo.c,1330_1580/check_symloop_enter_500-246625_500-248052.foo.c
1330_1580/check_symloop_enter_500-246690_500-248052.foo.c,1330_1580/check_symloop_enter_493-242181_493-243213.foo.c
1330_1580/check_symloop_enter_500-246690_500-248052.foo.c,1330_1580/check_symloop_enter_500-246752_500-248052.foo.c
1330_1580/check_symloop_enter_500-246625_500-248052.foo.c,1330_1580/check_symloop_enter_500-246752_500-248052.foo.c
1330_1580/check_symloop_enter_493-242181_493-243213.foo.c,1330_1580/check_symloop_enter_500-246752_500-248052.foo.c
452_1442/search_file_372-238158_383-238467.foo.c,452_1442/search_file_372-238158_386-238575.foo.c
1158_1550_1552_1553_1554_1555_1556_1557/decompress_zlib_38-235495_54-236674.foo.c,1158_1550_1552_1553_1554_1555_1556_1557/decompress_zlib_32-235386_52-236638.foo.c
1353_1581_1582_1583_1584_1585_1586/init_options_157-234965_172-235257.foo.c,1353_1581_1582_1583_1584_1585_1586/init_options_156-234936_172-235257.foo.c
1353_1581_1582_1583_1584_1585_1586/init_options_157-234965_172-235257.foo.c,1353_1581_1582_1583_1584_1585_1586/init_options_158-235000_172-235257.foo.c
1353_1581_1582_1583_1584_1585_1586/init_options_156-234936_172-235257.foo.c,1353_1581_1582_1583_1584_1585_1586/init_options_158-235000_172-235257.foo.c
1192_1556_1557/strlcpy_657-213713_679-214019.foo.c,1192_1556_1557/strlcpy_661-213761_661-213761.foo.c
1192_1556_1557/strlcpy_657-213713_679-214019.foo.c,1192_1556_1557/strlcpy_661-213761_670-213902.foo.c
1192_1556_1557/strlcpy_657-213713_679-214019.foo.c,1192_1556_1557/strlcpy_658-213738_679-214019.foo.c
1192_1556_1557/strlcpy_657-213713_679-214019.foo.c,1192_1556_1557/strlcpy_656-213694_679-214019.foo.c
1192_1556_1557/strlcpy_657-213713_679-214019.foo.c,1192_1556_1557/strlcpy_658-213738_670-213902.foo.c
1192_1556_1557/strlcpy_657-213713_679-214019.foo.c,1192_1556_1557/strlcpy_657-213713_661-213761.foo.c
1192_1556_1557/strlcpy_657-213713_679-214019.foo.c,1192_1556_1557/strlcpy_661-213761_679-214019.foo.c
1192_1556_1557/strlcpy_657-213713_679-214019.foo.c,1192_1556_1557/strlcpy_656-213694_670-213902.foo.c
1192_1556_1557/strlcpy_657-213713_679-214019.foo.c,1192_1556_1557/strlcpy_657-213713_670-213902.foo.c
1192_1556_1557/strlcpy_657-213713_679-214019.foo.c,1192_1556_1557/strlcpy_658-213738_661-213761.foo.c
1192_1556_1557/strlcpy_657-213713_679-214019.foo.c,1192_1556_1557/strlcpy_656-213694_661-213761.foo.c
1192_1556_1557/strlcpy_661-213761_661-213761.foo.c,1192_1556_1557/strlcpy_658-213738_679-214019.foo.c
1192_1556_1557/strlcpy_661-213761_661-213761.foo.c,1192_1556_1557/strlcpy_658-213738_670-213902.foo.c
1192_1556_1557/strlcpy_661-213761_661-213761.foo.c,1192_1556_1557/strlcpy_657-213713_661-213761.foo.c
1192_1556_1557/strlcpy_661-213761_661-213761.foo.c,1192_1556_1557/strlcpy_657-213713_670-213902.foo.c
1192_1556_1557/strlcpy_661-213761_661-213761.foo.c,1192_1556_1557/strlcpy_658-213738_661-213761.foo.c
1192_1556_1557/strlcpy_661-213761_670-213902.foo.c,1192_1556_1557/strlcpy_658-213738_679-214019.foo.c
1192_1556_1557/strlcpy_661-213761_670-213902.foo.c,1192_1556_1557/strlcpy_658-213738_670-213902.foo.c
1192_1556_1557/strlcpy_661-213761_670-213902.foo.c,1192_1556_1557/strlcpy_657-213713_661-213761.foo.c
1192_1556_1557/strlcpy_661-213761_670-213902.foo.c,1192_1556_1557/strlcpy_657-213713_670-213902.foo.c
1192_1556_1557/strlcpy_661-213761_670-213902.foo.c,1192_1556_1557/strlcpy_658-213738_661-213761.foo.c
1192_1556_1557/strlcpy_658-213738_679-214019.foo.c,1192_1556_1557/strlcpy_656-213694_679-214019.foo.c
1192_1556_1557/strlcpy_658-213738_679-214019.foo.c,1192_1556_1557/strlcpy_658-213738_670-213902.foo.c
1192_1556_1557/strlcpy_658-213738_679-214019.foo.c,1192_1556_1557/strlcpy_657-213713_661-213761.foo.c
1192_1556_1557/strlcpy_658-213738_679-214019.foo.c,1192_1556_1557/strlcpy_661-213761_679-214019.foo.c
1192_1556_1557/strlcpy_658-213738_679-214019.foo.c,1192_1556_1557/strlcpy_656-213694_670-213902.foo.c
1192_1556_1557/strlcpy_658-213738_679-214019.foo.c,1192_1556_1557/strlcpy_657-213713_670-213902.foo.c
1192_1556_1557/strlcpy_658-213738_679-214019.foo.c,1192_1556_1557/strlcpy_658-213738_661-213761.foo.c
1192_1556_1557/strlcpy_658-213738_679-214019.foo.c,1192_1556_1557/strlcpy_656-213694_661-213761.foo.c
1192_1556_1557/strlcpy_656-213694_679-214019.foo.c,1192_1556_1557/strlcpy_658-213738_670-213902.foo.c
1192_1556_1557/strlcpy_656-213694_679-214019.foo.c,1192_1556_1557/strlcpy_657-213713_661-213761.foo.c
1192_1556_1557/strlcpy_656-213694_679-214019.foo.c,1192_1556_1557/strlcpy_657-213713_670-213902.foo.c
1192_1556_1557/strlcpy_656-213694_679-214019.foo.c,1192_1556_1557/strlcpy_658-213738_661-213761.foo.c
1192_1556_1557/strlcpy_658-213738_670-213902.foo.c,1192_1556_1557/strlcpy_657-213713_661-213761.foo.c
1192_1556_1557/strlcpy_658-213738_670-213902.foo.c,1192_1556_1557/strlcpy_661-213761_679-214019.foo.c
1192_1556_1557/strlcpy_658-213738_670-213902.foo.c,1192_1556_1557/strlcpy_656-213694_670-213902.foo.c
1192_1556_1557/strlcpy_658-213738_670-213902.foo.c,1192_1556_1557/strlcpy_657-213713_670-213902.foo.c
1192_1556_1557/strlcpy_658-213738_670-213902.foo.c,1192_1556_1557/strlcpy_658-213738_661-213761.foo.c
1192_1556_1557/strlcpy_658-213738_670-213902.foo.c,1192_1556_1557/strlcpy_656-213694_661-213761.foo.c
1192_1556_1557/strlcpy_657-213713_661-213761.foo.c,1192_1556_1557/strlcpy_661-213761_679-214019.foo.c
1192_1556_1557/strlcpy_657-213713_661-213761.foo.c,1192_1556_1557/strlcpy_656-213694_670-213902.foo.c
1192_1556_1557/strlcpy_657-213713_661-213761.foo.c,1192_1556_1557/strlcpy_657-213713_670-213902.foo.c
1192_1556_1557/strlcpy_657-213713_661-213761.foo.c,1192_1556_1557/strlcpy_658-213738_661-213761.foo.c
1192_1556_1557/strlcpy_657-213713_661-213761.foo.c,1192_1556_1557/strlcpy_656-213694_661-213761.foo.c
1192_1556_1557/strlcpy_661-213761_679-214019.foo.c,1192_1556_1557/strlcpy_657-213713_670-213902.foo.c
1192_1556_1557/strlcpy_661-213761_679-214019.foo.c,1192_1556_1557/strlcpy_658-213738_661-213761.foo.c
1192_1556_1557/strlcpy_656-213694_670-213902.foo.c,1192_1556_1557/strlcpy_657-213713_670-213902.foo.c
1192_1556_1557/strlcpy_656-213694_670-213902.foo.c,1192_1556_1557/strlcpy_658-213738_661-213761.foo.c
1192_1556_1557/strlcpy_657-213713_670-213902.foo.c,1192_1556_1557/strlcpy_658-213738_661-213761.foo.c
1192_1556_1557/strlcpy_657-213713_670-213902.foo.c,1192_1556_1557/strlcpy_656-213694_661-213761.foo.c
1192_1556_1557/strlcpy_658-213738_661-213761.foo.c,1192_1556_1557/strlcpy_656-213694_661-213761.foo.c
1192_1556_1557_1558_1559_1560_1561/strlcpy_657-213713_679-214019.foo.c,1192_1556_1557_1558_1559_1560_1561/strlcpy_661-213761_661-213761.foo.c
1192_1556_1557_1558_1559_1560_1561/strlcpy_657-213713_679-214019.foo.c,1192_1556_1557_1558_1559_1560_1561/strlcpy_661-213761_670-213902.foo.c
1192_1556_1557_1558_1559_1560_1561/strlcpy_657-213713_679-214019.foo.c,1192_1556_1557_1558_1559_1560_1561/strlcpy_658-213738_679-214019.foo.c
1192_1556_1557_1558_1559_1560_1561/strlcpy_657-213713_679-214019.foo.c,1192_1556_1557_1558_1559_1560_1561/strlcpy_656-213694_679-214019.foo.c
1192_1556_1557_1558_1559_1560_1561/strlcpy_657-213713_679-214019.foo.c,1192_1556_1557_1558_1559_1560_1561/strlcpy_658-213738_670-213902.foo.c
1192_1556_1557_1558_1559_1560_1561/strlcpy_657-213713_679-214019.foo.c,1192_1556_1557_1558_1559_1560_1561/strlcpy_657-213713_661-213761.foo.c
1192_1556_1557_1558_1559_1560_1561/strlcpy_657-213713_679-214019.foo.c,1192_1556_1557_1558_1559_1560_1561/strlcpy_661-213761_679-214019.foo.c
1192_1556_1557_1558_1559_1560_1561/strlcpy_657-213713_679-214019.foo.c,1192_1556_1557_1558_1559_1560_1561/strlcpy_656-213694_670-213902.foo.c
1192_1556_1557_1558_1559_1560_1561/strlcpy_657-213713_679-214019.foo.c,1192_1556_1557_1558_1559_1560_1561/strlcpy_657-213713_670-213902.foo.c
1192_1556_1557_1558_1559_1560_1561/strlcpy_657-213713_679-214019.foo.c,1192_1556_1557_1558_1559_1560_1561/strlcpy_658-213738_661-213761.foo.c
1192_1556_1557_1558_1559_1560_1561/strlcpy_657-213713_679-214019.foo.c,1192_1556_1557_1558_1559_1560_1561/strlcpy_656-213694_661-213761.foo.c
1192_1556_1557_1558_1559_1560_1561/strlcpy_661-213761_661-213761.foo.c,1192_1556_1557_1558_1559_1560_1561/strlcpy_661-213761_670-213902.foo.c
1192_1556_1557_1558_1559_1560_1561/strlcpy_661-213761_661-213761.foo.c,1192_1556_1557_1558_1559_1560_1561/strlcpy_658-213738_679-214019.foo.c
1192_1556_1557_1558_1559_1560_1561/strlcpy_661-213761_661-213761.foo.c,1192_1556_1557_1558_1559_1560_1561/strlcpy_656-213694_679-214019.foo.c
1192_1556_1557_1558_1559_1560_1561/strlcpy_661-213761_661-213761.foo.c,1192_1556_1557_1558_1559_1560_1561/strlcpy_658-213738_670-213902.foo.c
1192_1556_1557_1558_1559_1560_1561/strlcpy_661-213761_661-213761.foo.c,1192_1556_1557_1558_1559_1560_1561/strlcpy_657-213713_661-213761.foo.c
1192_1556_1557_1558_1559_1560_1561/strlcpy_661-213761_661-213761.foo.c,1192_1556_1557_1558_1559_1560_1561/strlcpy_661-213761_679-214019.foo.c
1192_1556_1557_1558_1559_1560_1561/strlcpy_661-213761_661-213761.foo.c,1192_1556_1557_1558_1559_1560_1561/strlcpy_656-213694_670-213902.foo.c
1192_1556_1557_1558_1559_1560_1561/strlcpy_661-213761_661-213761.foo.c,1192_1556_1557_1558_1559_1560_1561/strlcpy_657-213713_670-213902.foo.c
1192_1556_1557_1558_1559_1560_1561/strlcpy_661-213761_661-213761.foo.c,1192_1556_1557_1558_1559_1560_1561/strlcpy_658-213738_661-213761.foo.c
1192_1556_1557_1558_1559_1560_1561/strlcpy_661-213761_661-213761.foo.c,1192_1556_1557_1558_1559_1560_1561/strlcpy_656-213694_661-213761.foo.c
1192_1556_1557_1558_1559_1560_1561/strlcpy_661-213761_670-213902.foo.c,1192_1556_1557_1558_1559_1560_1561/strlcpy_658-213738_679-214019.foo.c
1192_1556_1557_1558_1559_1560_1561/strlcpy_661-213761_670-213902.foo.c,1192_1556_1557_1558_1559_1560_1561/strlcpy_656-213694_679-214019.foo.c
1192_1556_1557_1558_1559_1560_1561/strlcpy_661-213761_670-213902.foo.c,1192_1556_1557_1558_1559_1560_1561/strlcpy_658-213738_670-213902.foo.c
1192_1556_1557_1558_1559_1560_1561/strlcpy_661-213761_670-213902.foo.c,1192_1556_1557_1558_1559_1560_1561/strlcpy_657-213713_661-213761.foo.c
1192_1556_1557_1558_1559_1560_1561/strlcpy_661-213761_670-213902.foo.c,1192_1556_1557_1558_1559_1560_1561/strlcpy_661-213761_679-214019.foo.c
1192_1556_1557_1558_1559_1560_1561/strlcpy_661-213761_670-213902.foo.c,1192_1556_1557_1558_1559_1560_1561/strlcpy_656-213694_670-213902.foo.c
1192_1556_1557_1558_1559_1560_1561/strlcpy_661-213761_670-213902.foo.c,1192_1556_1557_1558_1559_1560_1561/strlcpy_657-213713_670-213902.foo.c
1192_1556_1557_1558_1559_1560_1561/strlcpy_661-213761_670-213902.foo.c,1192_1556_1557_1558_1559_1560_1561/strlcpy_658-213738_661-213761.foo.c
1192_1556_1557_1558_1559_1560_1561/strlcpy_661-213761_670-213902.foo.c,1192_1556_1557_1558_1559_1560_1561/strlcpy_656-213694_661-213761.foo.c
1192_1556_1557_1558_1559_1560_1561/strlcpy_658-213738_679-214019.foo.c,1192_1556_1557_1558_1559_1560_1561/strlcpy_656-213694_679-214019.foo.c
1192_1556_1557_1558_1559_1560_1561/strlcpy_658-213738_679-214019.foo.c,1192_1556_1557_1558_1559_1560_1561/strlcpy_658-213738_670-213902.foo.c
1192_1556_1557_1558_1559_1560_1561/strlcpy_658-213738_679-214019.foo.c,1192_1556_1557_1558_1559_1560_1561/strlcpy_657-213713_661-213761.foo.c
1192_1556_1557_1558_1559_1560_1561/strlcpy_658-213738_679-214019.foo.c,1192_1556_1557_1558_1559_1560_1561/strlcpy_661-213761_679-214019.foo.c
1192_1556_1557_1558_1559_1560_1561/strlcpy_658-213738_679-214019.foo.c,1192_1556_1557_1558_1559_1560_1561/strlcpy_656-213694_670-213902.foo.c
1192_1556_1557_1558_1559_1560_1561/strlcpy_658-213738_679-214019.foo.c,1192_1556_1557_1558_1559_1560_1561/strlcpy_657-213713_670-213902.foo.c
1192_1556_1557_1558_1559_1560_1561/strlcpy_658-213738_679-214019.foo.c,1192_1556_1557_1558_1559_1560_1561/strlcpy_658-213738_661-213761.foo.c
1192_1556_1557_1558_1559_1560_1561/strlcpy_658-213738_679-214019.foo.c,1192_1556_1557_1558_1559_1560_1561/strlcpy_656-213694_661-213761.foo.c
1192_1556_1557_1558_1559_1560_1561/strlcpy_656-213694_679-214019.foo.c,1192_1556_1557_1558_1559_1560_1561/strlcpy_658-213738_670-213902.foo.c
1192_1556_1557_1558_1559_1560_1561/strlcpy_656-213694_679-214019.foo.c,1192_1556_1557_1558_1559_1560_1561/strlcpy_657-213713_661-213761.foo.c
1192_1556_1557_1558_1559_1560_1561/strlcpy_656-213694_679-214019.foo.c,1192_1556_1557_1558_1559_1560_1561/strlcpy_661-213761_679-214019.foo.c
1192_1556_1557_1558_1559_1560_1561/strlcpy_656-213694_679-214019.foo.c,1192_1556_1557_1558_1559_1560_1561/strlcpy_656-213694_670-213902.foo.c
1192_1556_1557_1558_1559_1560_1561/strlcpy_656-213694_679-214019.foo.c,1192_1556_1557_1558_1559_1560_1561/strlcpy_657-213713_670-213902.foo.c
1192_1556_1557_1558_1559_1560_1561/strlcpy_656-213694_679-214019.foo.c,1192_1556_1557_1558_1559_1560_1561/strlcpy_658-213738_661-213761.foo.c
1192_1556_1557_1558_1559_1560_1561/strlcpy_656-213694_679-214019.foo.c,1192_1556_1557_1558_1559_1560_1561/strlcpy_656-213694_661-213761.foo.c
1192_1556_1557_1558_1559_1560_1561/strlcpy_658-213738_670-213902.foo.c,1192_1556_1557_1558_1559_1560_1561/strlcpy_657-213713_661-213761.foo.c
1192_1556_1557_1558_1559_1560_1561/strlcpy_658-213738_670-213902.foo.c,1192_1556_1557_1558_1559_1560_1561/strlcpy_661-213761_679-214019.foo.c
1192_1556_1557_1558_1559_1560_1561/strlcpy_658-213738_670-213902.foo.c,1192_1556_1557_1558_1559_1560_1561/strlcpy_656-213694_670-213902.foo.c
1192_1556_1557_1558_1559_1560_1561/strlcpy_658-213738_670-213902.foo.c,1192_1556_1557_1558_1559_1560_1561/strlcpy_657-213713_670-213902.foo.c
1192_1556_1557_1558_1559_1560_1561/strlcpy_658-213738_670-213902.foo.c,1192_1556_1557_1558_1559_1560_1561/strlcpy_658-213738_661-213761.foo.c
1192_1556_1557_1558_1559_1560_1561/strlcpy_658-213738_670-213902.foo.c,1192_1556_1557_1558_1559_1560_1561/strlcpy_656-213694_661-213761.foo.c
1192_1556_1557_1558_1559_1560_1561/strlcpy_657-213713_661-213761.foo.c,1192_1556_1557_1558_1559_1560_1561/strlcpy_661-213761_679-214019.foo.c
1192_1556_1557_1558_1559_1560_1561/strlcpy_657-213713_661-213761.foo.c,1192_1556_1557_1558_1559_1560_1561/strlcpy_656-213694_670-213902.foo.c
1192_1556_1557_1558_1559_1560_1561/strlcpy_657-213713_661-213761.foo.c,1192_1556_1557_1558_1559_1560_1561/strlcpy_657-213713_670-213902.foo.c
1192_1556_1557_1558_1559_1560_1561/strlcpy_657-213713_661-213761.foo.c,1192_1556_1557_1558_1559_1560_1561/strlcpy_658-213738_661-213761.foo.c
1192_1556_1557_1558_1559_1560_1561/strlcpy_657-213713_661-213761.foo.c,1192_1556_1557_1558_1559_1560_1561/strlcpy_656-213694_661-213761.foo.c
1192_1556_1557_1558_1559_1560_1561/strlcpy_661-213761_679-214019.foo.c,1192_1556_1557_1558_1559_1560_1561/strlcpy_656-213694_670-213902.foo.c
1192_1556_1557_1558_1559_1560_1561/strlcpy_661-213761_679-214019.foo.c,1192_1556_1557_1558_1559_1560_1561/strlcpy_657-213713_670-213902.foo.c
1192_1556_1557_1558_1559_1560_1561/strlcpy_661-213761_679-214019.foo.c,1192_1556_1557_1558_1559_1560_1561/strlcpy_658-213738_661-213761.foo.c
1192_1556_1557_1558_1559_1560_1561/strlcpy_661-213761_679-214019.foo.c,1192_1556_1557_1558_1559_1560_1561/strlcpy_656-213694_661-213761.foo.c
1192_1556_1557_1558_1559_1560_1561/strlcpy_656-213694_670-213902.foo.c,1192_1556_1557_1558_1559_1560_1561/strlcpy_657-213713_670-213902.foo.c
1192_1556_1557_1558_1559_1560_1561/strlcpy_656-213694_670-213902.foo.c,1192_1556_1557_1558_1559_1560_1561/strlcpy_658-213738_661-213761.foo.c
1192_1556_1557_1558_1559_1560_1561/strlcpy_656-213694_670-213902.foo.c,1192_1556_1557_1558_1559_1560_1561/strlcpy_656-213694_661-213761.foo.c
1192_1556_1557_1558_1559_1560_1561/strlcpy_657-213713_670-213902.foo.c,1192_1556_1557_1558_1559_1560_1561/strlcpy_658-213738_661-213761.foo.c
1192_1556_1557_1558_1559_1560_1561/strlcpy_657-213713_670-213902.foo.c,1192_1556_1557_1558_1559_1560_1561/strlcpy_656-213694_661-213761.foo.c
1192_1556_1557_1558_1559_1560_1561/strlcpy_658-213738_661-213761.foo.c,1192_1556_1557_1558_1559_1560_1561/strlcpy_656-213694_661-213761.foo.c
732_1505_1508_1509_1510/decompress_lzma_144-240932_172-242131.foo.c,732_1505_1508_1509_1510/decompress_lzma_143-240902_174-242169.foo.c
732_1505_1508_1509_1510/decompress_lzma_144-240932_174-242169.foo.c,732_1505_1508_1509_1510/decompress_lzma_143-240902_174-242169.foo.c
732_1505_1508_1509_1510/decompress_lzma_143-240902_174-242169.foo.c,732_1505_1508_1509_1510/decompress_lzma_143-240902_183-242318.foo.c
732_1505_1508_1509_1510/decompress_lzma_143-240902_174-242169.foo.c,732_1505_1508_1509_1510/decompress_lzma_144-240932_183-242318.foo.c
732_1505_1508_1509_1510/decompress_lzma_143-240902_174-242169.foo.c,732_1505_1508_1509_1510/decompress_lzma_143-240902_186-242364.foo.c
732_1505_1508_1509_1510/decompress_lzma_143-240902_174-242169.foo.c,732_1505_1508_1509_1510/decompress_lzma_144-240932_186-242364.foo.c
732_1505_1508_1509_1510/decompress_lzma_143-240902_174-242169.foo.c,732_1505_1508_1509_1510/decompress_lzma_144-240932_182-242296.foo.c
1328/check_symloop_enter_500-246752_500-247994.foo.c,1328/check_symloop_enter_500-246690_500-246790.foo.c
1328/check_symloop_enter_500-246752_500-247994.foo.c,1328/check_symloop_enter_500-246724_500-246790.foo.c
1328/check_symloop_enter_500-246752_500-247994.foo.c,1328/check_symloop_enter_500-246625_500-247994.foo.c
1328/check_symloop_enter_500-246752_500-247994.foo.c,1328/check_symloop_enter_500-246690_500-247994.foo.c
1328/check_symloop_enter_500-246752_500-247994.foo.c,1328/check_symloop_enter_500-246752_500-246790.foo.c
1328/check_symloop_enter_500-246752_500-247994.foo.c,1328/check_symloop_enter_500-246625_500-246790.foo.c
1328/check_symloop_enter_500-246752_500-247994.foo.c,1328/check_symloop_enter_500-246724_500-247994.foo.c
1328/check_symloop_enter_500-246690_500-246790.foo.c,1328/check_symloop_enter_500-246724_500-246790.foo.c
1328/check_symloop_enter_500-246690_500-246790.foo.c,1328/check_symloop_enter_500-246690_500-247994.foo.c
1328/check_symloop_enter_500-246690_500-246790.foo.c,1328/check_symloop_enter_500-246752_500-246790.foo.c
1328/check_symloop_enter_500-246690_500-246790.foo.c,1328/check_symloop_enter_500-246724_500-247994.foo.c
1328/check_symloop_enter_500-246724_500-246790.foo.c,1328/check_symloop_enter_500-246625_500-247994.foo.c
1328/check_symloop_enter_500-246724_500-246790.foo.c,1328/check_symloop_enter_500-246690_500-247994.foo.c
1328/check_symloop_enter_500-246724_500-246790.foo.c,1328/check_symloop_enter_500-246752_500-246790.foo.c
1328/check_symloop_enter_500-246724_500-246790.foo.c,1328/check_symloop_enter_500-246625_500-246790.foo.c
1328/check_symloop_enter_500-246724_500-246790.foo.c,1328/check_symloop_enter_500-246724_500-247994.foo.c
1328/check_symloop_enter_500-246625_500-247994.foo.c,1328/check_symloop_enter_500-246690_500-247994.foo.c
1328/check_symloop_enter_500-246625_500-247994.foo.c,1328/check_symloop_enter_500-246752_500-246790.foo.c
1328/check_symloop_enter_500-246625_500-247994.foo.c,1328/check_symloop_enter_500-246724_500-247994.foo.c
1328/check_symloop_enter_500-246690_500-247994.foo.c,1328/check_symloop_enter_500-246752_500-246790.foo.c
1328/check_symloop_enter_500-246690_500-247994.foo.c,1328/check_symloop_enter_500-246625_500-246790.foo.c
1328/check_symloop_enter_500-246690_500-247994.foo.c,1328/check_symloop_enter_500-246724_500-247994.foo.c
1328/check_symloop_enter_500-246752_500-246790.foo.c,1328/check_symloop_enter_500-246625_500-246790.foo.c
1328/check_symloop_enter_500-246752_500-246790.foo.c,1328/check_symloop_enter_500-246724_500-247994.foo.c
1328/check_symloop_enter_500-246625_500-246790.foo.c,1328/check_symloop_enter_500-246724_500-247994.foo.c
1002_1543_1545_1546_1547_1548/check_symloop_enter_493-242129_493-243756.foo.c,1002_1543_1545_1546_1547_1548/check_symloop_enter_493-242153_493-243756.foo.c
1002_1543_1545_1546_1547_1548/check_symloop_enter_493-242129_493-243756.foo.c,1002_1543_1545_1546_1547_1548/check_symloop_enter_493-242181_493-243756.foo.c
1002_1543_1545_1546_1547_1548/check_symloop_enter_493-242129_493-243756.foo.c,1002_1543_1545_1546_1547_1548/check_symloop_leave_515-252554_515-254129.foo.c
1002_1543_1545_1546_1547_1548/check_symloop_enter_493-242129_493-243756.foo.c,1002_1543_1545_1546_1547_1548/check_symloop_leave_515-252450_515-254129.foo.c
1002_1543_1545_1546_1547_1548/check_symloop_enter_493-242129_493-243756.foo.c,1002_1543_1545_1546_1547_1548/check_symloop_enter_493-242077_493-243756.foo.c
1002_1543_1545_1546_1547_1548/check_symloop_enter_493-242129_493-243756.foo.c,1002_1543_1545_1546_1547_1548/check_symloop_leave_515-252526_515-254129.foo.c
1002_1543_1545_1546_1547_1548/check_symloop_enter_493-242129_493-243756.foo.c,1002_1543_1545_1546_1547_1548/check_symloop_leave_515-252502_515-254129.foo.c
1002_1543_1545_1546_1547_1548/check_symloop_enter_493-242153_493-243756.foo.c,1002_1543_1545_1546_1547_1548/check_symloop_enter_493-242181_493-243756.foo.c
1002_1543_1545_1546_1547_1548/check_symloop_enter_493-242153_493-243756.foo.c,1002_1543_1545_1546_1547_1548/check_symloop_leave_515-252554_515-254129.foo.c
1002_1543_1545_1546_1547_1548/check_symloop_enter_493-242153_493-243756.foo.c,1002_1543_1545_1546_1547_1548/check_symloop_leave_515-252450_515-254129.foo.c
1002_1543_1545_1546_1547_1548/check_symloop_enter_493-242153_493-243756.foo.c,1002_1543_1545_1546_1547_1548/check_symloop_enter_493-242077_493-243756.foo.c
1002_1543_1545_1546_1547_1548/check_symloop_enter_493-242153_493-243756.foo.c,1002_1543_1545_1546_1547_1548/check_symloop_leave_515-252526_515-254129.foo.c
1002_1543_1545_1546_1547_1548/check_symloop_enter_493-242153_493-243756.foo.c,1002_1543_1545_1546_1547_1548/check_symloop_leave_515-252502_515-254129.foo.c
1002_1543_1545_1546_1547_1548/check_symloop_enter_493-242181_493-243756.foo.c,1002_1543_1545_1546_1547_1548/check_symloop_leave_515-252554_515-254129.foo.c
1002_1543_1545_1546_1547_1548/check_symloop_enter_493-242181_493-243756.foo.c,1002_1543_1545_1546_1547_1548/check_symloop_leave_515-252450_515-254129.foo.c
1002_1543_1545_1546_1547_1548/check_symloop_enter_493-242181_493-243756.foo.c,1002_1543_1545_1546_1547_1548/check_symloop_enter_493-242077_493-243756.foo.c
1002_1543_1545_1546_1547_1548/check_symloop_enter_493-242181_493-243756.foo.c,1002_1543_1545_1546_1547_1548/check_symloop_leave_515-252526_515-254129.foo.c
1002_1543_1545_1546_1547_1548/check_symloop_enter_493-242181_493-243756.foo.c,1002_1543_1545_1546_1547_1548/check_symloop_leave_515-252502_515-254129.foo.c
1002_1543_1545_1546_1547_1548/check_symloop_leave_515-252554_515-254129.foo.c,1002_1543_1545_1546_1547_1548/check_symloop_leave_515-252450_515-254129.foo.c
1002_1543_1545_1546_1547_1548/check_symloop_leave_515-252554_515-254129.foo.c,1002_1543_1545_1546_1547_1548/check_symloop_enter_493-242077_493-243756.foo.c
1002_1543_1545_1546_1547_1548/check_symloop_leave_515-252554_515-254129.foo.c,1002_1543_1545_1546_1547_1548/check_symloop_leave_515-252526_515-254129.foo.c
1002_1543_1545_1546_1547_1548/check_symloop_leave_515-252554_515-254129.foo.c,1002_1543_1545_1546_1547_1548/check_symloop_leave_515-252502_515-254129.foo.c
1002_1543_1545_1546_1547_1548/check_symloop_leave_515-252450_515-254129.foo.c,1002_1543_1545_1546_1547_1548/check_symloop_leave_515-252526_515-254129.foo.c
1002_1543_1545_1546_1547_1548/check_symloop_leave_515-252450_515-254129.foo.c,1002_1543_1545_1546_1547_1548/check_symloop_leave_515-252502_515-254129.foo.c
1002_1543_1545_1546_1547_1548/check_symloop_enter_493-242077_493-243756.foo.c,1002_1543_1545_1546_1547_1548/check_symloop_leave_515-252526_515-254129.foo.c
1002_1543_1545_1546_1547_1548/check_symloop_enter_493-242077_493-243756.foo.c,1002_1543_1545_1546_1547_1548/check_symloop_leave_515-252502_515-254129.foo.c
1002_1543_1545_1546_1547_1548/check_symloop_leave_515-252526_515-254129.foo.c,1002_1543_1545_1546_1547_1548/check_symloop_leave_515-252502_515-254129.foo.c
431_1439_1441_1444_1445_1446/ag_scandir_27-164186_44-164882.foo.c,431_1439_1441_1444_1445_1446/search_buf_63-225775_109-227772.foo.c
1198_1557/invert_matches_244-184465_304-186126.foo.c,1198_1557/invert_matches_244-184465_300-185985.foo.c
1198_1557/invert_matches_244-184465_304-186126.foo.c,1198_1557/invert_matches_244-184465_266-184954.foo.c
1198_1557/invert_matches_244-184465_300-185985.foo.c,1198_1557/invert_matches_244-184465_266-184954.foo.c
273/search_file_333-236922_426-239497.foo.c,273/search_file_295-235182_426-239497.foo.c
273/search_file_333-236922_426-239497.foo.c,273/search_file_307-235513_426-239497.foo.c
273/search_file_333-236922_426-239497.foo.c,273/search_file_324-236605_426-239497.foo.c
273/search_file_333-236922_426-239497.foo.c,273/search_file_358-237135_426-239497.foo.c
273/search_file_333-236922_426-239497.foo.c,273/search_file_296-235212_426-239497.foo.c
273/search_file_333-236922_426-239497.foo.c,273/search_file_301-235332_426-239497.foo.c
273/search_file_295-235182_426-239497.foo.c,273/search_file_307-235513_426-239497.foo.c
273/search_file_295-235182_426-239497.foo.c,273/search_file_324-236605_426-239497.foo.c
273/search_file_295-235182_426-239497.foo.c,273/search_file_358-237135_426-239497.foo.c
273/search_file_295-235182_426-239497.foo.c,273/search_file_296-235212_426-239497.foo.c
273/search_file_295-235182_426-239497.foo.c,273/search_file_301-235332_426-239497.foo.c
273/search_file_307-235513_426-239497.foo.c,273/search_file_324-236605_426-239497.foo.c
273/search_file_307-235513_426-239497.foo.c,273/search_file_358-237135_426-239497.foo.c
273/search_file_307-235513_426-239497.foo.c,273/search_file_296-235212_426-239497.foo.c
273/search_file_307-235513_426-239497.foo.c,273/search_file_301-235332_426-239497.foo.c
273/search_file_324-236605_426-239497.foo.c,273/search_file_358-237135_426-239497.foo.c
273/search_file_324-236605_426-239497.foo.c,273/search_file_296-235212_426-239497.foo.c
273/search_file_324-236605_426-239497.foo.c,273/search_file_301-235332_426-239497.foo.c
273/search_file_358-237135_426-239497.foo.c,273/search_file_296-235212_426-239497.foo.c
273/search_file_358-237135_426-239497.foo.c,273/search_file_301-235332_426-239497.foo.c
273/search_file_296-235212_426-239497.foo.c,273/search_file_301-235332_426-239497.foo.c
757_1510_1513/ag_scandir_14-163757_27-164186.foo.c,757_1510_1513/ag_scandir_14-163757_65-165256.foo.c
757_1510_1513/ag_scandir_14-163757_27-164186.foo.c,757_1510_1513/ag_scandir_14-163757_61-165202.foo.c
757_1510_1513/ag_scandir_14-163757_27-164186.foo.c,757_1510_1513/ag_scandir_11-163457_76-165549.foo.c
757_1510_1513/ag_scandir_14-163757_27-164186.foo.c,757_1510_1513/ag_scandir_12-163574_76-165549.foo.c
757_1510_1513/ag_scandir_14-163757_27-164186.foo.c,757_1510_1513/ag_scandir_14-163757_62-165225.foo.c
757_1510_1513/ag_scandir_14-163757_27-164186.foo.c,757_1510_1513/ag_scandir_14-163757_76-165549.foo.c
757_1510_1513/ag_scandir_14-163757_27-164186.foo.c,757_1510_1513/ag_scandir_12-163574_69-165303.foo.c
757_1510_1513/ag_scandir_14-163757_27-164186.foo.c,757_1510_1513/ag_scandir_14-163757_69-165303.foo.c
757_1510_1513/ag_scandir_14-163757_27-164186.foo.c,757_1510_1513/ag_scandir_11-163457_69-165303.foo.c
757_1510_1513/ag_scandir_14-163757_65-165256.foo.c,757_1510_1513/ag_scandir_14-163757_61-165202.foo.c
757_1510_1513/ag_scandir_14-163757_65-165256.foo.c,757_1510_1513/ag_scandir_11-163457_76-165549.foo.c
757_1510_1513/ag_scandir_14-163757_65-165256.foo.c,757_1510_1513/ag_scandir_12-163574_76-165549.foo.c
757_1510_1513/ag_scandir_14-163757_65-165256.foo.c,757_1510_1513/ag_scandir_14-163757_62-165225.foo.c
757_1510_1513/ag_scandir_14-163757_65-165256.foo.c,757_1510_1513/ag_scandir_14-163757_76-165549.foo.c
757_1510_1513/ag_scandir_14-163757_65-165256.foo.c,757_1510_1513/ag_scandir_12-163574_69-165303.foo.c
757_1510_1513/ag_scandir_14-163757_65-165256.foo.c,757_1510_1513/ag_scandir_14-163757_69-165303.foo.c
757_1510_1513/ag_scandir_14-163757_65-165256.foo.c,757_1510_1513/ag_scandir_11-163457_69-165303.foo.c
757_1510_1513/ag_scandir_14-163757_61-165202.foo.c,757_1510_1513/ag_scandir_11-163457_76-165549.foo.c
757_1510_1513/ag_scandir_14-163757_61-165202.foo.c,757_1510_1513/ag_scandir_12-163574_76-165549.foo.c
757_1510_1513/ag_scandir_14-163757_61-165202.foo.c,757_1510_1513/ag_scandir_14-163757_62-165225.foo.c
757_1510_1513/ag_scandir_14-163757_61-165202.foo.c,757_1510_1513/ag_scandir_14-163757_76-165549.foo.c
757_1510_1513/ag_scandir_14-163757_61-165202.foo.c,757_1510_1513/ag_scandir_12-163574_69-165303.foo.c
757_1510_1513/ag_scandir_14-163757_61-165202.foo.c,757_1510_1513/ag_scandir_14-163757_69-165303.foo.c
757_1510_1513/ag_scandir_14-163757_61-165202.foo.c,757_1510_1513/ag_scandir_11-163457_69-165303.foo.c
757_1510_1513/ag_scandir_11-163457_76-165549.foo.c,757_1510_1513/ag_scandir_12-163574_76-165549.foo.c
757_1510_1513/ag_scandir_11-163457_76-165549.foo.c,757_1510_1513/ag_scandir_14-163757_62-165225.foo.c
757_1510_1513/ag_scandir_11-163457_76-165549.foo.c,757_1510_1513/ag_scandir_14-163757_76-165549.foo.c
757_1510_1513/ag_scandir_11-163457_76-165549.foo.c,757_1510_1513/ag_scandir_12-163574_69-165303.foo.c
757_1510_1513/ag_scandir_11-163457_76-165549.foo.c,757_1510_1513/ag_scandir_14-163757_69-165303.foo.c
757_1510_1513/ag_scandir_11-163457_76-165549.foo.c,757_1510_1513/ag_scandir_11-163457_69-165303.foo.c
757_1510_1513/ag_scandir_12-163574_76-165549.foo.c,757_1510_1513/ag_scandir_14-163757_62-165225.foo.c
757_1510_1513/ag_scandir_12-163574_76-165549.foo.c,757_1510_1513/ag_scandir_14-163757_76-165549.foo.c
757_1510_1513/ag_scandir_12-163574_76-165549.foo.c,757_1510_1513/ag_scandir_12-163574_69-165303.foo.c
757_1510_1513/ag_scandir_12-163574_76-165549.foo.c,757_1510_1513/ag_scandir_14-163757_69-165303.foo.c
757_1510_1513/ag_scandir_12-163574_76-165549.foo.c,757_1510_1513/ag_scandir_11-163457_69-165303.foo.c
757_1510_1513/ag_scandir_14-163757_62-165225.foo.c,757_1510_1513/ag_scandir_14-163757_76-165549.foo.c
757_1510_1513/ag_scandir_14-163757_62-165225.foo.c,757_1510_1513/ag_scandir_12-163574_69-165303.foo.c
757_1510_1513/ag_scandir_14-163757_62-165225.foo.c,757_1510_1513/ag_scandir_14-163757_69-165303.foo.c
757_1510_1513/ag_scandir_14-163757_62-165225.foo.c,757_1510_1513/ag_scandir_11-163457_69-165303.foo.c
757_1510_1513/ag_scandir_14-163757_76-165549.foo.c,757_1510_1513/ag_scandir_12-163574_69-165303.foo.c
757_1510_1513/ag_scandir_14-163757_76-165549.foo.c,757_1510_1513/ag_scandir_14-163757_69-165303.foo.c
757_1510_1513/ag_scandir_14-163757_76-165549.foo.c,757_1510_1513/ag_scandir_11-163457_69-165303.foo.c
757_1510_1513/ag_scandir_12-163574_69-165303.foo.c,757_1510_1513/ag_scandir_14-163757_69-165303.foo.c
757_1510_1513/ag_scandir_12-163574_69-165303.foo.c,757_1510_1513/ag_scandir_11-163457_69-165303.foo.c
757_1510_1513/ag_scandir_14-163757_69-165303.foo.c,757_1510_1513/ag_scandir_11-163457_69-165303.foo.c
889/generate_hash_170-178456_165-178258.foo.c,889/is_binary_360-195439_365-195646.foo.c
889/generate_hash_170-178456_165-178258.foo.c,889/is_binary_362-195539_367-195746.foo.c
889/generate_hash_170-178456_165-178258.foo.c,889/is_binary_360-195439_360-195439.foo.c
889/is_binary_360-195439_365-195646.foo.c,889/is_binary_362-195539_367-195746.foo.c
889/is_binary_360-195439_365-195646.foo.c,889/is_binary_360-195439_360-195439.foo.c
889/is_binary_362-195539_367-195746.foo.c,889/is_binary_360-195439_360-195439.foo.c
373_1424_1426_1427_1428/search_buf_67-225821_107-227730.foo.c,373_1424_1426_1427_1428/path_ignore_search_216-189452_226-195632.foo.c
373_1424_1426_1427_1428/search_buf_67-225821_107-227730.foo.c,373_1424_1426_1427_1428/search_buf_76-226521_107-227730.foo.c
373_1424_1426_1427_1428/search_buf_67-225821_107-227730.foo.c,373_1424_1426_1427_1428/path_ignore_search_215-189382_226-195632.foo.c
373_1424_1426_1427_1428/path_ignore_search_216-189452_226-195632.foo.c,373_1424_1426_1427_1428/search_buf_76-226521_107-227730.foo.c
373_1424_1426_1427_1428/path_ignore_search_216-189452_226-195632.foo.c,373_1424_1426_1427_1428/path_ignore_search_215-189382_226-195632.foo.c
373_1424_1426_1427_1428/search_buf_76-226521_107-227730.foo.c,373_1424_1426_1427_1428/path_ignore_search_215-189382_226-195632.foo.c
411_1426_1430_1431_1432_1433/search_file_295-235182_322-236575.foo.c,411_1426_1430_1431_1432_1433/filename_filter_299-199059_319-205584.foo.c
411_1426_1430_1431_1432_1433/search_file_295-235182_322-236575.foo.c,411_1426_1430_1431_1432_1433/add_ignore_pattern_161-181675_170-187513.foo.c
411_1426_1430_1431_1432_1433/search_file_295-235182_322-236575.foo.c,411_1426_1430_1431_1432_1433/filename_filter_294-198961_320-205647.foo.c
411_1426_1430_1431_1432_1433/search_file_295-235182_322-236575.foo.c,411_1426_1430_1431_1432_1433/add_ignore_pattern_104-177886_109-178412.foo.c
411_1426_1430_1431_1432_1433/search_file_295-235182_322-236575.foo.c,411_1426_1430_1431_1432_1433/search_file_296-235212_322-236575.foo.c
411_1426_1430_1431_1432_1433/search_file_295-235182_322-236575.foo.c,411_1426_1430_1431_1432_1433/filename_filter_299-199059_320-205647.foo.c
411_1426_1430_1431_1432_1433/search_file_295-235182_322-236575.foo.c,411_1426_1430_1431_1432_1433/filename_filter_294-198961_319-205584.foo.c
411_1426_1430_1431_1432_1433/search_file_295-235182_322-236575.foo.c,411_1426_1430_1431_1432_1433/add_ignore_pattern_161-181675_168-187394.foo.c
411_1426_1430_1431_1432_1433/filename_filter_299-199059_319-205584.foo.c,411_1426_1430_1431_1432_1433/add_ignore_pattern_161-181675_170-187513.foo.c
411_1426_1430_1431_1432_1433/filename_filter_299-199059_319-205584.foo.c,411_1426_1430_1431_1432_1433/filename_filter_294-198961_320-205647.foo.c
411_1426_1430_1431_1432_1433/filename_filter_299-199059_319-205584.foo.c,411_1426_1430_1431_1432_1433/add_ignore_pattern_104-177886_109-178412.foo.c
411_1426_1430_1431_1432_1433/filename_filter_299-199059_319-205584.foo.c,411_1426_1430_1431_1432_1433/search_file_296-235212_322-236575.foo.c
411_1426_1430_1431_1432_1433/filename_filter_299-199059_319-205584.foo.c,411_1426_1430_1431_1432_1433/filename_filter_299-199059_320-205647.foo.c
411_1426_1430_1431_1432_1433/filename_filter_299-199059_319-205584.foo.c,411_1426_1430_1431_1432_1433/filename_filter_294-198961_319-205584.foo.c
411_1426_1430_1431_1432_1433/filename_filter_299-199059_319-205584.foo.c,411_1426_1430_1431_1432_1433/add_ignore_pattern_161-181675_168-187394.foo.c
411_1426_1430_1431_1432_1433/add_ignore_pattern_161-181675_170-187513.foo.c,411_1426_1430_1431_1432_1433/filename_filter_294-198961_320-205647.foo.c
411_1426_1430_1431_1432_1433/add_ignore_pattern_161-181675_170-187513.foo.c,411_1426_1430_1431_1432_1433/add_ignore_pattern_104-177886_109-178412.foo.c
411_1426_1430_1431_1432_1433/add_ignore_pattern_161-181675_170-187513.foo.c,411_1426_1430_1431_1432_1433/search_file_296-235212_322-236575.foo.c
411_1426_1430_1431_1432_1433/add_ignore_pattern_161-181675_170-187513.foo.c,411_1426_1430_1431_1432_1433/filename_filter_299-199059_320-205647.foo.c
411_1426_1430_1431_1432_1433/add_ignore_pattern_161-181675_170-187513.foo.c,411_1426_1430_1431_1432_1433/filename_filter_294-198961_319-205584.foo.c
411_1426_1430_1431_1432_1433/add_ignore_pattern_161-181675_170-187513.foo.c,411_1426_1430_1431_1432_1433/add_ignore_pattern_161-181675_168-187394.foo.c
411_1426_1430_1431_1432_1433/filename_filter_294-198961_320-205647.foo.c,411_1426_1430_1431_1432_1433/add_ignore_pattern_104-177886_109-178412.foo.c
411_1426_1430_1431_1432_1433/filename_filter_294-198961_320-205647.foo.c,411_1426_1430_1431_1432_1433/search_file_296-235212_322-236575.foo.c
411_1426_1430_1431_1432_1433/filename_filter_294-198961_320-205647.foo.c,411_1426_1430_1431_1432_1433/filename_filter_299-199059_320-205647.foo.c
411_1426_1430_1431_1432_1433/filename_filter_294-198961_320-205647.foo.c,411_1426_1430_1431_1432_1433/filename_filter_294-198961_319-205584.foo.c
411_1426_1430_1431_1432_1433/filename_filter_294-198961_320-205647.foo.c,411_1426_1430_1431_1432_1433/add_ignore_pattern_161-181675_168-187394.foo.c
411_1426_1430_1431_1432_1433/add_ignore_pattern_104-177886_109-178412.foo.c,411_1426_1430_1431_1432_1433/search_file_296-235212_322-236575.foo.c
411_1426_1430_1431_1432_1433/add_ignore_pattern_104-177886_109-178412.foo.c,411_1426_1430_1431_1432_1433/filename_filter_299-199059_320-205647.foo.c
411_1426_1430_1431_1432_1433/add_ignore_pattern_104-177886_109-178412.foo.c,411_1426_1430_1431_1432_1433/filename_filter_294-198961_319-205584.foo.c
411_1426_1430_1431_1432_1433/add_ignore_pattern_104-177886_109-178412.foo.c,411_1426_1430_1431_1432_1433/add_ignore_pattern_161-181675_168-187394.foo.c
411_1426_1430_1431_1432_1433/search_file_296-235212_322-236575.foo.c,411_1426_1430_1431_1432_1433/filename_filter_299-199059_320-205647.foo.c
411_1426_1430_1431_1432_1433/search_file_296-235212_322-236575.foo.c,411_1426_1430_1431_1432_1433/filename_filter_294-198961_319-205584.foo.c
411_1426_1430_1431_1432_1433/search_file_296-235212_322-236575.foo.c,411_1426_1430_1431_1432_1433/add_ignore_pattern_161-181675_168-187394.foo.c
411_1426_1430_1431_1432_1433/filename_filter_299-199059_320-205647.foo.c,411_1426_1430_1431_1432_1433/filename_filter_294-198961_319-205584.foo.c
411_1426_1430_1431_1432_1433/filename_filter_299-199059_320-205647.foo.c,411_1426_1430_1431_1432_1433/add_ignore_pattern_161-181675_168-187394.foo.c
411_1426_1430_1431_1432_1433/filename_filter_294-198961_319-205584.foo.c,411_1426_1430_1431_1432_1433/add_ignore_pattern_161-181675_168-187394.foo.c
504_1459_1460/path_ignore_search_224-189691_226-195632.foo.c,504_1459_1460/binary_search_431-206627_438-207062.foo.c
504_1459_1460/path_ignore_search_224-189691_226-195632.foo.c,504_1459_1460/binary_search_431-206627_432-206890.foo.c
504_1459_1460/binary_search_431-206627_438-207062.foo.c,504_1459_1460/binary_search_431-206627_432-206890.foo.c
341_1416_1418_1419/filename_filter_299-199059_336-207044.foo.c,341_1416_1418_1419/add_ignore_pattern_115-178817_170-187513.foo.c
341_1416_1418_1419/filename_filter_299-199059_336-207044.foo.c,341_1416_1418_1419/add_ignore_pattern_109-178412_168-187394.foo.c
341_1416_1418_1419/filename_filter_299-199059_336-207044.foo.c,341_1416_1418_1419/add_ignore_pattern_109-178412_170-187513.foo.c
341_1416_1418_1419/filename_filter_299-199059_336-207044.foo.c,341_1416_1418_1419/filename_filter_294-198961_336-207044.foo.c
341_1416_1418_1419/filename_filter_299-199059_336-207044.foo.c,341_1416_1418_1419/add_ignore_pattern_115-178817_168-187394.foo.c
341_1416_1418_1419/add_ignore_pattern_115-178817_170-187513.foo.c,341_1416_1418_1419/add_ignore_pattern_109-178412_168-187394.foo.c
341_1416_1418_1419/add_ignore_pattern_115-178817_170-187513.foo.c,341_1416_1418_1419/add_ignore_pattern_109-178412_170-187513.foo.c
341_1416_1418_1419/add_ignore_pattern_115-178817_170-187513.foo.c,341_1416_1418_1419/filename_filter_294-198961_336-207044.foo.c
341_1416_1418_1419/add_ignore_pattern_115-178817_170-187513.foo.c,341_1416_1418_1419/add_ignore_pattern_115-178817_168-187394.foo.c
341_1416_1418_1419/add_ignore_pattern_109-178412_168-187394.foo.c,341_1416_1418_1419/add_ignore_pattern_109-178412_170-187513.foo.c
341_1416_1418_1419/add_ignore_pattern_109-178412_168-187394.foo.c,341_1416_1418_1419/filename_filter_294-198961_336-207044.foo.c
341_1416_1418_1419/add_ignore_pattern_109-178412_168-187394.foo.c,341_1416_1418_1419/add_ignore_pattern_115-178817_168-187394.foo.c
341_1416_1418_1419/add_ignore_pattern_109-178412_170-187513.foo.c,341_1416_1418_1419/filename_filter_294-198961_336-207044.foo.c
341_1416_1418_1419/add_ignore_pattern_109-178412_170-187513.foo.c,341_1416_1418_1419/add_ignore_pattern_115-178817_168-187394.foo.c
341_1416_1418_1419/filename_filter_294-198961_336-207044.foo.c,341_1416_1418_1419/add_ignore_pattern_115-178817_168-187394.foo.c
898_1529_1530_1531/init_options_148-228997_156-234936.foo.c,898_1529_1530_1531/init_options_152-229099_156-234936.foo.c
898_1529_1530_1531/init_options_148-228997_156-234936.foo.c,898_1529_1530_1531/init_options_151-229067_157-234965.foo.c
898_1529_1530_1531/init_options_148-228997_156-234936.foo.c,898_1529_1530_1531/init_options_151-229067_153-234604.foo.c
898_1529_1530_1531/init_options_148-228997_156-234936.foo.c,898_1529_1530_1531/init_options_148-228997_157-234965.foo.c
898_1529_1530_1531/init_options_148-228997_156-234936.foo.c,898_1529_1530_1531/init_options_151-229067_156-234936.foo.c
898_1529_1530_1531/init_options_148-228997_156-234936.foo.c,898_1529_1530_1531/init_options_152-229099_157-234965.foo.c
898_1529_1530_1531/init_options_148-228997_156-234936.foo.c,898_1529_1530_1531/init_options_152-229099_153-234604.foo.c
898_1529_1530_1531/init_options_148-228997_156-234936.foo.c,898_1529_1530_1531/init_options_148-228997_153-234604.foo.c
898_1529_1530_1531/init_options_152-229099_156-234936.foo.c,898_1529_1530_1531/init_options_151-229067_157-234965.foo.c
898_1529_1530_1531/init_options_152-229099_156-234936.foo.c,898_1529_1530_1531/init_options_151-229067_153-234604.foo.c
898_1529_1530_1531/init_options_152-229099_156-234936.foo.c,898_1529_1530_1531/init_options_148-228997_157-234965.foo.c
898_1529_1530_1531/init_options_152-229099_156-234936.foo.c,898_1529_1530_1531/init_options_151-229067_156-234936.foo.c
898_1529_1530_1531/init_options_152-229099_156-234936.foo.c,898_1529_1530_1531/init_options_152-229099_157-234965.foo.c
898_1529_1530_1531/init_options_152-229099_156-234936.foo.c,898_1529_1530_1531/init_options_152-229099_153-234604.foo.c
898_1529_1530_1531/init_options_152-229099_156-234936.foo.c,898_1529_1530_1531/init_options_148-228997_153-234604.foo.c
898_1529_1530_1531/init_options_151-229067_157-234965.foo.c,898_1529_1530_1531/init_options_151-229067_153-234604.foo.c
898_1529_1530_1531/init_options_151-229067_157-234965.foo.c,898_1529_1530_1531/init_options_148-228997_157-234965.foo.c
898_1529_1530_1531/init_options_151-229067_157-234965.foo.c,898_1529_1530_1531/init_options_151-229067_156-234936.foo.c
898_1529_1530_1531/init_options_151-229067_157-234965.foo.c,898_1529_1530_1531/init_options_152-229099_157-234965.foo.c
898_1529_1530_1531/init_options_151-229067_157-234965.foo.c,898_1529_1530_1531/init_options_152-229099_153-234604.foo.c
898_1529_1530_1531/init_options_151-229067_157-234965.foo.c,898_1529_1530_1531/init_options_148-228997_153-234604.foo.c
898_1529_1530_1531/init_options_151-229067_153-234604.foo.c,898_1529_1530_1531/init_options_148-228997_157-234965.foo.c
898_1529_1530_1531/init_options_151-229067_153-234604.foo.c,898_1529_1530_1531/init_options_151-229067_156-234936.foo.c
898_1529_1530_1531/init_options_151-229067_153-234604.foo.c,898_1529_1530_1531/init_options_152-229099_157-234965.foo.c
898_1529_1530_1531/init_options_151-229067_153-234604.foo.c,898_1529_1530_1531/init_options_152-229099_153-234604.foo.c
898_1529_1530_1531/init_options_151-229067_153-234604.foo.c,898_1529_1530_1531/init_options_148-228997_153-234604.foo.c
898_1529_1530_1531/init_options_148-228997_157-234965.foo.c,898_1529_1530_1531/init_options_151-229067_156-234936.foo.c
898_1529_1530_1531/init_options_148-228997_157-234965.foo.c,898_1529_1530_1531/init_options_152-229099_157-234965.foo.c
898_1529_1530_1531/init_options_148-228997_157-234965.foo.c,898_1529_1530_1531/init_options_152-229099_153-234604.foo.c
898_1529_1530_1531/init_options_148-228997_157-234965.foo.c,898_1529_1530_1531/init_options_148-228997_153-234604.foo.c
898_1529_1530_1531/init_options_151-229067_156-234936.foo.c,898_1529_1530_1531/init_options_152-229099_157-234965.foo.c
898_1529_1530_1531/init_options_151-229067_156-234936.foo.c,898_1529_1530_1531/init_options_152-229099_153-234604.foo.c
898_1529_1530_1531/init_options_151-229067_156-234936.foo.c,898_1529_1530_1531/init_options_148-228997_153-234604.foo.c
898_1529_1530_1531/init_options_152-229099_157-234965.foo.c,898_1529_1530_1531/init_options_152-229099_153-234604.foo.c
898_1529_1530_1531/init_options_152-229099_157-234965.foo.c,898_1529_1530_1531/init_options_148-228997_153-234604.foo.c
898_1529_1530_1531/init_options_152-229099_153-234604.foo.c,898_1529_1530_1531/init_options_148-228997_153-234604.foo.c
1319/print_file_matches_150-227089_153-227158.foo.c,1319/print_file_matches_149-227063_153-227158.foo.c
731_1502_1506/decompress_zlib_54-236674_93-238915.foo.c,731_1502_1506/decompress_zlib_52-236638_90-238852.foo.c
731_1502_1506/decompress_zlib_54-236674_93-238915.foo.c,731_1502_1506/decompress_zlib_54-236674_56-236768.foo.c
731_1502_1506/decompress_zlib_54-236674_93-238915.foo.c,731_1502_1506/decompress_zlib_55-236704_90-238852.foo.c
731_1502_1506/decompress_zlib_54-236674_93-238915.foo.c,731_1502_1506/decompress_zlib_55-236704_93-238915.foo.c
731_1502_1506/decompress_zlib_54-236674_93-238915.foo.c,731_1502_1506/decompress_zlib_52-236638_56-236768.foo.c
731_1502_1506/decompress_zlib_54-236674_93-238915.foo.c,731_1502_1506/decompress_zlib_52-236638_93-238915.foo.c
731_1502_1506/decompress_zlib_54-236674_93-238915.foo.c,731_1502_1506/decompress_zlib_54-236674_90-238852.foo.c
731_1502_1506/decompress_zlib_54-236674_93-238915.foo.c,731_1502_1506/decompress_zlib_55-236704_56-236768.foo.c
731_1502_1506/decompress_zlib_52-236638_90-238852.foo.c,731_1502_1506/decompress_zlib_54-236674_56-236768.foo.c
731_1502_1506/decompress_zlib_52-236638_90-238852.foo.c,731_1502_1506/decompress_zlib_55-236704_90-238852.foo.c
731_1502_1506/decompress_zlib_52-236638_90-238852.foo.c,731_1502_1506/decompress_zlib_55-236704_93-238915.foo.c
731_1502_1506/decompress_zlib_52-236638_90-238852.foo.c,731_1502_1506/decompress_zlib_52-236638_56-236768.foo.c
731_1502_1506/decompress_zlib_52-236638_90-238852.foo.c,731_1502_1506/decompress_zlib_52-236638_93-238915.foo.c
731_1502_1506/decompress_zlib_52-236638_90-238852.foo.c,731_1502_1506/decompress_zlib_54-236674_90-238852.foo.c
731_1502_1506/decompress_zlib_52-236638_90-238852.foo.c,731_1502_1506/decompress_zlib_55-236704_56-236768.foo.c
731_1502_1506/decompress_zlib_54-236674_56-236768.foo.c,731_1502_1506/decompress_zlib_55-236704_90-238852.foo.c
731_1502_1506/decompress_zlib_54-236674_56-236768.foo.c,731_1502_1506/decompress_zlib_55-236704_93-238915.foo.c
731_1502_1506/decompress_zlib_54-236674_56-236768.foo.c,731_1502_1506/decompress_zlib_52-236638_56-236768.foo.c
731_1502_1506/decompress_zlib_54-236674_56-236768.foo.c,731_1502_1506/decompress_zlib_52-236638_93-238915.foo.c
731_1502_1506/decompress_zlib_54-236674_56-236768.foo.c,731_1502_1506/decompress_zlib_54-236674_90-238852.foo.c
731_1502_1506/decompress_zlib_54-236674_56-236768.foo.c,731_1502_1506/decompress_zlib_55-236704_56-236768.foo.c
731_1502_1506/decompress_zlib_55-236704_90-238852.foo.c,731_1502_1506/decompress_zlib_55-236704_93-238915.foo.c
731_1502_1506/decompress_zlib_55-236704_90-238852.foo.c,731_1502_1506/decompress_zlib_52-236638_56-236768.foo.c
731_1502_1506/decompress_zlib_55-236704_90-238852.foo.c,731_1502_1506/decompress_zlib_52-236638_93-238915.foo.c
731_1502_1506/decompress_zlib_55-236704_90-238852.foo.c,731_1502_1506/decompress_zlib_54-236674_90-238852.foo.c
731_1502_1506/decompress_zlib_55-236704_90-238852.foo.c,731_1502_1506/decompress_zlib_55-236704_56-236768.foo.c
731_1502_1506/decompress_zlib_55-236704_93-238915.foo.c,731_1502_1506/decompress_zlib_52-236638_56-236768.foo.c
731_1502_1506/decompress_zlib_55-236704_93-238915.foo.c,731_1502_1506/decompress_zlib_52-236638_93-238915.foo.c
731_1502_1506/decompress_zlib_55-236704_93-238915.foo.c,731_1502_1506/decompress_zlib_54-236674_90-238852.foo.c
731_1502_1506/decompress_zlib_55-236704_93-238915.foo.c,731_1502_1506/decompress_zlib_55-236704_56-236768.foo.c
731_1502_1506/decompress_zlib_52-236638_56-236768.foo.c,731_1502_1506/decompress_zlib_52-236638_93-238915.foo.c
731_1502_1506/decompress_zlib_52-236638_56-236768.foo.c,731_1502_1506/decompress_zlib_54-236674_90-238852.foo.c
731_1502_1506/decompress_zlib_52-236638_56-236768.foo.c,731_1502_1506/decompress_zlib_55-236704_56-236768.foo.c
731_1502_1506/decompress_zlib_52-236638_93-238915.foo.c,731_1502_1506/decompress_zlib_54-236674_90-238852.foo.c
731_1502_1506/decompress_zlib_52-236638_93-238915.foo.c,731_1502_1506/decompress_zlib_55-236704_56-236768.foo.c
731_1502_1506/decompress_zlib_54-236674_90-238852.foo.c,731_1502_1506/decompress_zlib_55-236704_56-236768.foo.c
620_1487_1489_1491_1492_1493/filename_filter_305-205208_322-205704.foo.c,620_1487_1489_1491_1492_1493/filename_filter_305-205208_323-206790.foo.c
620_1487_1489_1491_1492_1493/filename_filter_305-205208_322-205704.foo.c,620_1487_1489_1491_1492_1493/filename_filter_310-205366_323-206790.foo.c
620_1487_1489_1491_1492_1493/filename_filter_305-205208_323-206790.foo.c,620_1487_1489_1491_1492_1493/filename_filter_310-205366_323-206790.foo.c
1233_1564_1565_1566/main_186-235237_193-235477.foo.c,1233_1564_1565_1566/main_186-235237_188-235428.foo.c
492_1449_1455_1458_1459_1461_1465_1466/search_buf_76-226521_102-227401.foo.c,492_1449_1455_1458_1459_1461_1465_1466/search_buf_76-226521_103-227459.foo.c
1156_1549_1550_1551_1552/search_file_262-233300_287-234655.foo.c,1156_1549_1550_1551_1552/search_file_262-233300_282-233981.foo.c
1156_1549_1550_1551_1552/search_file_262-233300_287-234655.foo.c,1156_1549_1550_1551_1552/search_file_262-233300_276-233800.foo.c
1156_1549_1550_1551_1552/search_file_262-233300_282-233981.foo.c,1156_1549_1550_1551_1552/search_file_262-233300_276-233800.foo.c
565_1469_1473_1475_1476/is_binary_360-195439_376-195964.foo.c,565_1469_1473_1475_1476/is_binary_355-195288_355-195288.foo.c
565_1469_1473_1475_1476/is_binary_360-195439_376-195964.foo.c,565_1469_1473_1475_1476/is_prefix_91-172887_91-172887.foo.c
565_1469_1473_1475_1476/is_binary_360-195439_376-195964.foo.c,565_1469_1473_1475_1476/is_binary_358-195350_358-195350.foo.c
565_1469_1473_1475_1476/is_binary_355-195288_355-195288.foo.c,565_1469_1473_1475_1476/is_prefix_91-172887_91-172887.foo.c
565_1469_1473_1475_1476/is_binary_355-195288_355-195288.foo.c,565_1469_1473_1475_1476/is_binary_358-195350_358-195350.foo.c
565_1469_1473_1475_1476/is_prefix_91-172887_91-172887.foo.c,565_1469_1473_1475_1476/is_binary_358-195350_358-195350.foo.c
504_1459_1460_1461_1462_1463/path_ignore_search_224-189691_226-195632.foo.c,504_1459_1460_1461_1462_1463/binary_search_431-206627_438-207062.foo.c
504_1459_1460_1461_1462_1463/path_ignore_search_224-189691_226-195632.foo.c,504_1459_1460_1461_1462_1463/binary_search_431-206627_432-206890.foo.c
504_1459_1460_1461_1462_1463/binary_search_431-206627_438-207062.foo.c,504_1459_1460_1461_1462_1463/binary_search_431-206627_432-206890.foo.c
1265_1566_1567/main_188-235428_188-235428.foo.c,1265_1566_1567/main_188-235428_193-235477.foo.c
642/open_46-25714_56-26044.foo.c,642/open_43-25644_56-26044.foo.c
1237_1565/search_buf_22-224535_39-224962.foo.c,1237_1565/search_buf_21-224514_39-224962.foo.c
373_1424_1426_1427_1428_1429_1430_1431/search_buf_67-225821_107-227730.foo.c,373_1424_1426_1427_1428_1429_1430_1431/path_ignore_search_216-189452_226-195632.foo.c
373_1424_1426_1427_1428_1429_1430_1431/search_buf_67-225821_107-227730.foo.c,373_1424_1426_1427_1428_1429_1430_1431/search_buf_76-226521_107-227730.foo.c
373_1424_1426_1427_1428_1429_1430_1431/search_buf_67-225821_107-227730.foo.c,373_1424_1426_1427_1428_1429_1430_1431/path_ignore_search_215-189382_226-195632.foo.c
373_1424_1426_1427_1428_1429_1430_1431/path_ignore_search_216-189452_226-195632.foo.c,373_1424_1426_1427_1428_1429_1430_1431/search_buf_76-226521_107-227730.foo.c
373_1424_1426_1427_1428_1429_1430_1431/path_ignore_search_216-189452_226-195632.foo.c,373_1424_1426_1427_1428_1429_1430_1431/path_ignore_search_215-189382_226-195632.foo.c
373_1424_1426_1427_1428_1429_1430_1431/search_buf_76-226521_107-227730.foo.c,373_1424_1426_1427_1428_1429_1430_1431/path_ignore_search_215-189382_226-195632.foo.c
1152_1547_1548_1549_1550/search_file_266-233480_287-234655.foo.c,1152_1547_1548_1549_1550/search_file_267-233496_287-234655.foo.c
643_1489_1491_1495/hash_strnstr_231-182908_231-182908.foo.c,643_1489_1491_1495/boyer_moore_strnstr_192-179154_193-180414.foo.c
643_1489_1491_1495/hash_strnstr_231-182908_231-182908.foo.c,643_1489_1491_1495/boyer_moore_strnstr_192-179154_195-180575.foo.c
643_1489_1491_1495/boyer_moore_strnstr_192-179154_193-180414.foo.c,643_1489_1491_1495/boyer_moore_strnstr_192-179154_195-180575.foo.c
314_1403_1409_1410_1411_1412_1413/filename_filter_315-205502_339-212482.foo.c,314_1403_1409_1410_1411_1412_1413/filename_filter_315-205502_349-213122.foo.c
314_1403_1409_1410_1411_1412_1413/filename_filter_315-205502_339-212482.foo.c,314_1403_1409_1410_1411_1412_1413/filename_filter_315-205502_382-214196.foo.c
314_1403_1409_1410_1411_1412_1413/filename_filter_315-205502_349-213122.foo.c,314_1403_1409_1410_1411_1412_1413/filename_filter_315-205502_382-214196.foo.c
515_1465_1466_1467_1468_1469_1470_1471/search_file_264-233338_322-236575.foo.c,515_1465_1466_1467_1468_1469_1470_1471/search_file_263-233317_301-235332.foo.c
515_1465_1466_1467_1468_1469_1470_1471/search_file_264-233338_322-236575.foo.c,515_1465_1466_1467_1468_1469_1470_1471/search_file_263-233317_322-236575.foo.c
515_1465_1466_1467_1468_1469_1470_1471/search_file_264-233338_322-236575.foo.c,515_1465_1466_1467_1468_1469_1470_1471/search_file_263-233317_296-235212.foo.c
515_1465_1466_1467_1468_1469_1470_1471/search_file_264-233338_322-236575.foo.c,515_1465_1466_1467_1468_1469_1470_1471/search_file_263-233317_288-234810.foo.c
515_1465_1466_1467_1468_1469_1470_1471/search_file_264-233338_322-236575.foo.c,515_1465_1466_1467_1468_1469_1470_1471/search_file_263-233317_324-236605.foo.c
515_1465_1466_1467_1468_1469_1470_1471/search_file_264-233338_322-236575.foo.c,515_1465_1466_1467_1468_1469_1470_1471/search_file_263-233317_333-236922.foo.c
515_1465_1466_1467_1468_1469_1470_1471/search_file_264-233338_322-236575.foo.c,515_1465_1466_1467_1468_1469_1470_1471/search_file_263-233317_314-236214.foo.c
515_1465_1466_1467_1468_1469_1470_1471/search_file_264-233338_322-236575.foo.c,515_1465_1466_1467_1468_1469_1470_1471/search_file_263-233317_307-235513.foo.c
515_1465_1466_1467_1468_1469_1470_1471/search_file_263-233317_301-235332.foo.c,515_1465_1466_1467_1468_1469_1470_1471/search_file_263-233317_322-236575.foo.c
515_1465_1466_1467_1468_1469_1470_1471/search_file_263-233317_301-235332.foo.c,515_1465_1466_1467_1468_1469_1470_1471/search_file_263-233317_296-235212.foo.c
515_1465_1466_1467_1468_1469_1470_1471/search_file_263-233317_301-235332.foo.c,515_1465_1466_1467_1468_1469_1470_1471/search_file_263-233317_288-234810.foo.c
515_1465_1466_1467_1468_1469_1470_1471/search_file_263-233317_301-235332.foo.c,515_1465_1466_1467_1468_1469_1470_1471/search_file_263-233317_324-236605.foo.c
515_1465_1466_1467_1468_1469_1470_1471/search_file_263-233317_301-235332.foo.c,515_1465_1466_1467_1468_1469_1470_1471/search_file_263-233317_333-236922.foo.c
515_1465_1466_1467_1468_1469_1470_1471/search_file_263-233317_301-235332.foo.c,515_1465_1466_1467_1468_1469_1470_1471/search_file_263-233317_314-236214.foo.c
515_1465_1466_1467_1468_1469_1470_1471/search_file_263-233317_301-235332.foo.c,515_1465_1466_1467_1468_1469_1470_1471/search_file_263-233317_307-235513.foo.c
515_1465_1466_1467_1468_1469_1470_1471/search_file_263-233317_322-236575.foo.c,515_1465_1466_1467_1468_1469_1470_1471/search_file_263-233317_296-235212.foo.c
515_1465_1466_1467_1468_1469_1470_1471/search_file_263-233317_322-236575.foo.c,515_1465_1466_1467_1468_1469_1470_1471/search_file_263-233317_288-234810.foo.c
515_1465_1466_1467_1468_1469_1470_1471/search_file_263-233317_322-236575.foo.c,515_1465_1466_1467_1468_1469_1470_1471/search_file_263-233317_324-236605.foo.c
515_1465_1466_1467_1468_1469_1470_1471/search_file_263-233317_322-236575.foo.c,515_1465_1466_1467_1468_1469_1470_1471/search_file_263-233317_333-236922.foo.c
515_1465_1466_1467_1468_1469_1470_1471/search_file_263-233317_322-236575.foo.c,515_1465_1466_1467_1468_1469_1470_1471/search_file_263-233317_314-236214.foo.c
515_1465_1466_1467_1468_1469_1470_1471/search_file_263-233317_322-236575.foo.c,515_1465_1466_1467_1468_1469_1470_1471/search_file_263-233317_307-235513.foo.c
515_1465_1466_1467_1468_1469_1470_1471/search_file_263-233317_296-235212.foo.c,515_1465_1466_1467_1468_1469_1470_1471/search_file_263-233317_288-234810.foo.c
515_1465_1466_1467_1468_1469_1470_1471/search_file_263-233317_296-235212.foo.c,515_1465_1466_1467_1468_1469_1470_1471/search_file_263-233317_324-236605.foo.c
515_1465_1466_1467_1468_1469_1470_1471/search_file_263-233317_296-235212.foo.c,515_1465_1466_1467_1468_1469_1470_1471/search_file_263-233317_333-236922.foo.c
515_1465_1466_1467_1468_1469_1470_1471/search_file_263-233317_296-235212.foo.c,515_1465_1466_1467_1468_1469_1470_1471/search_file_263-233317_314-236214.foo.c
515_1465_1466_1467_1468_1469_1470_1471/search_file_263-233317_296-235212.foo.c,515_1465_1466_1467_1468_1469_1470_1471/search_file_263-233317_307-235513.foo.c
515_1465_1466_1467_1468_1469_1470_1471/search_file_263-233317_288-234810.foo.c,515_1465_1466_1467_1468_1469_1470_1471/search_file_263-233317_324-236605.foo.c
515_1465_1466_1467_1468_1469_1470_1471/search_file_263-233317_288-234810.foo.c,515_1465_1466_1467_1468_1469_1470_1471/search_file_263-233317_333-236922.foo.c
515_1465_1466_1467_1468_1469_1470_1471/search_file_263-233317_288-234810.foo.c,515_1465_1466_1467_1468_1469_1470_1471/search_file_263-233317_314-236214.foo.c
515_1465_1466_1467_1468_1469_1470_1471/search_file_263-233317_288-234810.foo.c,515_1465_1466_1467_1468_1469_1470_1471/search_file_263-233317_307-235513.foo.c
515_1465_1466_1467_1468_1469_1470_1471/search_file_263-233317_324-236605.foo.c,515_1465_1466_1467_1468_1469_1470_1471/search_file_263-233317_333-236922.foo.c
515_1465_1466_1467_1468_1469_1470_1471/search_file_263-233317_324-236605.foo.c,515_1465_1466_1467_1468_1469_1470_1471/search_file_263-233317_314-236214.foo.c
515_1465_1466_1467_1468_1469_1470_1471/search_file_263-233317_324-236605.foo.c,515_1465_1466_1467_1468_1469_1470_1471/search_file_263-233317_307-235513.foo.c
515_1465_1466_1467_1468_1469_1470_1471/search_file_263-233317_333-236922.foo.c,515_1465_1466_1467_1468_1469_1470_1471/search_file_263-233317_314-236214.foo.c
515_1465_1466_1467_1468_1469_1470_1471/search_file_263-233317_333-236922.foo.c,515_1465_1466_1467_1468_1469_1470_1471/search_file_263-233317_307-235513.foo.c
515_1465_1466_1467_1468_1469_1470_1471/search_file_263-233317_314-236214.foo.c,515_1465_1466_1467_1468_1469_1470_1471/search_file_263-233317_307-235513.foo.c
1229_1560_1561_1562_1563_1564/decompress_zlib_61-236877_74-237735.foo.c,1229_1560_1561_1562_1563_1564/decompress_zlib_62-236969_57-236781.foo.c
1229_1560_1561_1562_1563_1564/decompress_zlib_61-236877_74-237735.foo.c,1229_1560_1561_1562_1563_1564/decompress_zlib_61-236877_57-236781.foo.c
1229_1560_1561_1562_1563_1564/decompress_zlib_62-236969_57-236781.foo.c,1229_1560_1561_1562_1563_1564/decompress_zlib_61-236877_57-236781.foo.c
494_1455_1460_1464_1465/filename_filter_310-205366_336-207044.foo.c,494_1455_1460_1464_1465/filename_filter_305-205208_336-207044.foo.c
314_1408_1410_1411_1412/search_file_322-236575_358-237135.foo.c,314_1408_1410_1411_1412/filename_filter_320-205647_339-212482.foo.c
314_1408_1410_1411_1412/search_file_322-236575_358-237135.foo.c,314_1408_1410_1411_1412/filename_filter_322-205704_347-213078.foo.c
314_1408_1410_1411_1412/search_file_322-236575_358-237135.foo.c,314_1408_1410_1411_1412/search_file_324-236605_358-237135.foo.c
314_1408_1410_1411_1412/search_file_322-236575_358-237135.foo.c,314_1408_1410_1411_1412/filename_filter_323-206790_347-213078.foo.c
314_1408_1410_1411_1412/filename_filter_320-205647_339-212482.foo.c,314_1408_1410_1411_1412/filename_filter_322-205704_347-213078.foo.c
314_1408_1410_1411_1412/filename_filter_320-205647_339-212482.foo.c,314_1408_1410_1411_1412/search_file_324-236605_358-237135.foo.c
314_1408_1410_1411_1412/filename_filter_320-205647_339-212482.foo.c,314_1408_1410_1411_1412/filename_filter_323-206790_347-213078.foo.c
314_1408_1410_1411_1412/filename_filter_322-205704_347-213078.foo.c,314_1408_1410_1411_1412/search_file_324-236605_358-237135.foo.c
314_1408_1410_1411_1412/filename_filter_322-205704_347-213078.foo.c,314_1408_1410_1411_1412/filename_filter_323-206790_347-213078.foo.c
314_1408_1410_1411_1412/search_file_324-236605_358-237135.foo.c,314_1408_1410_1411_1412/filename_filter_323-206790_347-213078.foo.c
737_1508/decompress_zlib_32-235386_56-236768.foo.c,737_1508/decompress_zlib_30-235199_55-236704.foo.c
737_1508/decompress_zlib_32-235386_56-236768.foo.c,737_1508/decompress_zlib_30-235199_52-236638.foo.c
737_1508/decompress_zlib_32-235386_56-236768.foo.c,737_1508/decompress_zlib_32-235386_93-238915.foo.c
737_1508/decompress_zlib_32-235386_56-236768.foo.c,737_1508/decompress_zlib_31-235358_90-238852.foo.c
737_1508/decompress_zlib_32-235386_56-236768.foo.c,737_1508/decompress_zlib_32-235386_90-238852.foo.c
737_1508/decompress_zlib_32-235386_56-236768.foo.c,737_1508/decompress_zlib_31-235358_93-238915.foo.c
737_1508/decompress_zlib_32-235386_56-236768.foo.c,737_1508/decompress_zlib_32-235386_99-239098.foo.c
737_1508/decompress_zlib_32-235386_56-236768.foo.c,737_1508/decompress_zlib_31-235358_98-239076.foo.c
737_1508/decompress_zlib_32-235386_56-236768.foo.c,737_1508/decompress_zlib_30-235199_45-236030.foo.c
737_1508/decompress_zlib_32-235386_56-236768.foo.c,737_1508/decompress_zlib_30-235199_54-236674.foo.c
737_1508/decompress_zlib_32-235386_56-236768.foo.c,737_1508/decompress_zlib_31-235358_56-236768.foo.c
737_1508/decompress_zlib_32-235386_56-236768.foo.c,737_1508/decompress_zlib_30-235199_50-236606.foo.c
737_1508/decompress_zlib_30-235199_55-236704.foo.c,737_1508/decompress_zlib_30-235199_52-236638.foo.c
737_1508/decompress_zlib_30-235199_55-236704.foo.c,737_1508/decompress_zlib_32-235386_93-238915.foo.c
737_1508/decompress_zlib_30-235199_55-236704.foo.c,737_1508/decompress_zlib_31-235358_90-238852.foo.c
737_1508/decompress_zlib_30-235199_55-236704.foo.c,737_1508/decompress_zlib_32-235386_90-238852.foo.c
737_1508/decompress_zlib_30-235199_55-236704.foo.c,737_1508/decompress_zlib_31-235358_93-238915.foo.c
737_1508/decompress_zlib_30-235199_55-236704.foo.c,737_1508/decompress_zlib_32-235386_99-239098.foo.c
737_1508/decompress_zlib_30-235199_55-236704.foo.c,737_1508/decompress_zlib_31-235358_98-239076.foo.c
737_1508/decompress_zlib_30-235199_55-236704.foo.c,737_1508/decompress_zlib_30-235199_45-236030.foo.c
737_1508/decompress_zlib_30-235199_55-236704.foo.c,737_1508/decompress_zlib_30-235199_54-236674.foo.c
737_1508/decompress_zlib_30-235199_55-236704.foo.c,737_1508/decompress_zlib_31-235358_56-236768.foo.c
737_1508/decompress_zlib_30-235199_55-236704.foo.c,737_1508/decompress_zlib_30-235199_50-236606.foo.c
737_1508/decompress_zlib_30-235199_52-236638.foo.c,737_1508/decompress_zlib_32-235386_93-238915.foo.c
737_1508/decompress_zlib_30-235199_52-236638.foo.c,737_1508/decompress_zlib_31-235358_90-238852.foo.c
737_1508/decompress_zlib_30-235199_52-236638.foo.c,737_1508/decompress_zlib_32-235386_90-238852.foo.c
737_1508/decompress_zlib_30-235199_52-236638.foo.c,737_1508/decompress_zlib_31-235358_93-238915.foo.c
737_1508/decompress_zlib_30-235199_52-236638.foo.c,737_1508/decompress_zlib_32-235386_99-239098.foo.c
737_1508/decompress_zlib_30-235199_52-236638.foo.c,737_1508/decompress_zlib_31-235358_98-239076.foo.c
737_1508/decompress_zlib_30-235199_52-236638.foo.c,737_1508/decompress_zlib_30-235199_45-236030.foo.c
737_1508/decompress_zlib_30-235199_52-236638.foo.c,737_1508/decompress_zlib_30-235199_54-236674.foo.c
737_1508/decompress_zlib_30-235199_52-236638.foo.c,737_1508/decompress_zlib_31-235358_56-236768.foo.c
737_1508/decompress_zlib_30-235199_52-236638.foo.c,737_1508/decompress_zlib_30-235199_50-236606.foo.c
737_1508/decompress_zlib_32-235386_93-238915.foo.c,737_1508/decompress_zlib_31-235358_90-238852.foo.c
737_1508/decompress_zlib_32-235386_93-238915.foo.c,737_1508/decompress_zlib_32-235386_90-238852.foo.c
737_1508/decompress_zlib_32-235386_93-238915.foo.c,737_1508/decompress_zlib_31-235358_93-238915.foo.c
737_1508/decompress_zlib_32-235386_93-238915.foo.c,737_1508/decompress_zlib_32-235386_99-239098.foo.c
737_1508/decompress_zlib_32-235386_93-238915.foo.c,737_1508/decompress_zlib_31-235358_98-239076.foo.c
737_1508/decompress_zlib_32-235386_93-238915.foo.c,737_1508/decompress_zlib_30-235199_45-236030.foo.c
737_1508/decompress_zlib_32-235386_93-238915.foo.c,737_1508/decompress_zlib_30-235199_54-236674.foo.c
737_1508/decompress_zlib_32-235386_93-238915.foo.c,737_1508/decompress_zlib_31-235358_56-236768.foo.c
737_1508/decompress_zlib_32-235386_93-238915.foo.c,737_1508/decompress_zlib_30-235199_50-236606.foo.c
737_1508/decompress_zlib_31-235358_90-238852.foo.c,737_1508/decompress_zlib_32-235386_90-238852.foo.c
737_1508/decompress_zlib_31-235358_90-238852.foo.c,737_1508/decompress_zlib_31-235358_93-238915.foo.c
737_1508/decompress_zlib_31-235358_90-238852.foo.c,737_1508/decompress_zlib_32-235386_99-239098.foo.c
737_1508/decompress_zlib_31-235358_90-238852.foo.c,737_1508/decompress_zlib_31-235358_98-239076.foo.c
737_1508/decompress_zlib_31-235358_90-238852.foo.c,737_1508/decompress_zlib_30-235199_45-236030.foo.c
737_1508/decompress_zlib_31-235358_90-238852.foo.c,737_1508/decompress_zlib_30-235199_54-236674.foo.c
737_1508/decompress_zlib_31-235358_90-238852.foo.c,737_1508/decompress_zlib_31-235358_56-236768.foo.c
737_1508/decompress_zlib_31-235358_90-238852.foo.c,737_1508/decompress_zlib_30-235199_50-236606.foo.c
737_1508/decompress_zlib_32-235386_90-238852.foo.c,737_1508/decompress_zlib_31-235358_93-238915.foo.c
737_1508/decompress_zlib_32-235386_90-238852.foo.c,737_1508/decompress_zlib_32-235386_99-239098.foo.c
737_1508/decompress_zlib_32-235386_90-238852.foo.c,737_1508/decompress_zlib_31-235358_98-239076.foo.c
737_1508/decompress_zlib_32-235386_90-238852.foo.c,737_1508/decompress_zlib_30-235199_45-236030.foo.c
737_1508/decompress_zlib_32-235386_90-238852.foo.c,737_1508/decompress_zlib_30-235199_54-236674.foo.c
737_1508/decompress_zlib_32-235386_90-238852.foo.c,737_1508/decompress_zlib_31-235358_56-236768.foo.c
737_1508/decompress_zlib_32-235386_90-238852.foo.c,737_1508/decompress_zlib_30-235199_50-236606.foo.c
737_1508/decompress_zlib_31-235358_93-238915.foo.c,737_1508/decompress_zlib_32-235386_99-239098.foo.c
737_1508/decompress_zlib_31-235358_93-238915.foo.c,737_1508/decompress_zlib_31-235358_98-239076.foo.c
737_1508/decompress_zlib_31-235358_93-238915.foo.c,737_1508/decompress_zlib_30-235199_45-236030.foo.c
737_1508/decompress_zlib_31-235358_93-238915.foo.c,737_1508/decompress_zlib_30-235199_54-236674.foo.c
737_1508/decompress_zlib_31-235358_93-238915.foo.c,737_1508/decompress_zlib_31-235358_56-236768.foo.c
737_1508/decompress_zlib_31-235358_93-238915.foo.c,737_1508/decompress_zlib_30-235199_50-236606.foo.c
737_1508/decompress_zlib_32-235386_99-239098.foo.c,737_1508/decompress_zlib_31-235358_98-239076.foo.c
737_1508/decompress_zlib_32-235386_99-239098.foo.c,737_1508/decompress_zlib_30-235199_45-236030.foo.c
737_1508/decompress_zlib_32-235386_99-239098.foo.c,737_1508/decompress_zlib_30-235199_54-236674.foo.c
737_1508/decompress_zlib_32-235386_99-239098.foo.c,737_1508/decompress_zlib_31-235358_56-236768.foo.c
737_1508/decompress_zlib_32-235386_99-239098.foo.c,737_1508/decompress_zlib_30-235199_50-236606.foo.c
737_1508/decompress_zlib_31-235358_98-239076.foo.c,737_1508/decompress_zlib_30-235199_45-236030.foo.c
737_1508/decompress_zlib_31-235358_98-239076.foo.c,737_1508/decompress_zlib_30-235199_54-236674.foo.c
737_1508/decompress_zlib_31-235358_98-239076.foo.c,737_1508/decompress_zlib_31-235358_56-236768.foo.c
737_1508/decompress_zlib_31-235358_98-239076.foo.c,737_1508/decompress_zlib_30-235199_50-236606.foo.c
737_1508/decompress_zlib_30-235199_45-236030.foo.c,737_1508/decompress_zlib_30-235199_54-236674.foo.c
737_1508/decompress_zlib_30-235199_45-236030.foo.c,737_1508/decompress_zlib_31-235358_56-236768.foo.c
737_1508/decompress_zlib_30-235199_45-236030.foo.c,737_1508/decompress_zlib_30-235199_50-236606.foo.c
737_1508/decompress_zlib_30-235199_54-236674.foo.c,737_1508/decompress_zlib_31-235358_56-236768.foo.c
737_1508/decompress_zlib_30-235199_54-236674.foo.c,737_1508/decompress_zlib_30-235199_50-236606.foo.c
737_1508/decompress_zlib_31-235358_56-236768.foo.c,737_1508/decompress_zlib_30-235199_50-236606.foo.c
771_1514/search_buf_145-229392_162-230351.foo.c,771_1514/search_buf_146-229445_162-230351.foo.c
412_1431_1432_1433_1435_1436_1437_1438/ag_scandir_27-164186_56-165124.foo.c,412_1431_1432_1433_1435_1436_1437_1438/ag_scandir_27-164186_31-164460.foo.c
412_1431_1432_1433_1435_1436_1437_1438/ag_scandir_27-164186_56-165124.foo.c,412_1431_1432_1433_1435_1436_1437_1438/is_binary_335-187644_344-187803.foo.c
412_1431_1432_1433_1435_1436_1437_1438/ag_scandir_27-164186_56-165124.foo.c,412_1431_1432_1433_1435_1436_1437_1438/ag_scandir_27-164186_47-164921.foo.c
412_1431_1432_1433_1435_1436_1437_1438/ag_scandir_27-164186_31-164460.foo.c,412_1431_1432_1433_1435_1436_1437_1438/is_binary_335-187644_344-187803.foo.c
412_1431_1432_1433_1435_1436_1437_1438/ag_scandir_27-164186_31-164460.foo.c,412_1431_1432_1433_1435_1436_1437_1438/ag_scandir_27-164186_47-164921.foo.c
412_1431_1432_1433_1435_1436_1437_1438/is_binary_335-187644_344-187803.foo.c,412_1431_1432_1433_1435_1436_1437_1438/ag_scandir_27-164186_47-164921.foo.c
904_1533/init_options_152-229099_158-235000.foo.c,904_1533/init_options_148-228997_158-235000.foo.c
904_1533/init_options_152-229099_158-235000.foo.c,904_1533/init_options_153-234604_163-235036.foo.c
904_1533/init_options_152-229099_158-235000.foo.c,904_1533/init_options_151-229067_158-235000.foo.c
904_1533/init_options_148-228997_158-235000.foo.c,904_1533/init_options_153-234604_163-235036.foo.c
904_1533/init_options_148-228997_158-235000.foo.c,904_1533/init_options_151-229067_158-235000.foo.c
904_1533/init_options_153-234604_163-235036.foo.c,904_1533/init_options_151-229067_158-235000.foo.c
1158_1551_1553_1554_1555_1556_1557/decompress_zlib_60-236847_57-236781.foo.c,1158_1551_1553_1554_1555_1556_1557/decompress_zlib_60-236847_74-237735.foo.c
517_1466_1467_1469_1470_1471_1472_1473/search_file_262-233300_288-234810.foo.c,517_1466_1467_1469_1470_1471_1472_1473/search_file_262-233300_296-235212.foo.c
517_1466_1467_1469_1470_1471_1472_1473/search_file_262-233300_288-234810.foo.c,517_1466_1467_1469_1470_1471_1472_1473/search_file_262-233300_322-236575.foo.c
517_1466_1467_1469_1470_1471_1472_1473/search_file_262-233300_288-234810.foo.c,517_1466_1467_1469_1470_1471_1472_1473/search_file_262-233300_301-235332.foo.c
517_1466_1467_1469_1470_1471_1472_1473/search_file_262-233300_288-234810.foo.c,517_1466_1467_1469_1470_1471_1472_1473/search_file_262-233300_307-235513.foo.c
517_1466_1467_1469_1470_1471_1472_1473/search_file_262-233300_288-234810.foo.c,517_1466_1467_1469_1470_1471_1472_1473/search_file_262-233300_314-236214.foo.c
517_1466_1467_1469_1470_1471_1472_1473/search_file_262-233300_288-234810.foo.c,517_1466_1467_1469_1470_1471_1472_1473/search_file_262-233300_333-236922.foo.c
517_1466_1467_1469_1470_1471_1472_1473/search_file_262-233300_288-234810.foo.c,517_1466_1467_1469_1470_1471_1472_1473/search_file_262-233300_324-236605.foo.c
517_1466_1467_1469_1470_1471_1472_1473/search_file_262-233300_296-235212.foo.c,517_1466_1467_1469_1470_1471_1472_1473/search_file_262-233300_322-236575.foo.c
517_1466_1467_1469_1470_1471_1472_1473/search_file_262-233300_296-235212.foo.c,517_1466_1467_1469_1470_1471_1472_1473/search_file_262-233300_301-235332.foo.c
517_1466_1467_1469_1470_1471_1472_1473/search_file_262-233300_296-235212.foo.c,517_1466_1467_1469_1470_1471_1472_1473/search_file_262-233300_307-235513.foo.c
517_1466_1467_1469_1470_1471_1472_1473/search_file_262-233300_296-235212.foo.c,517_1466_1467_1469_1470_1471_1472_1473/search_file_262-233300_314-236214.foo.c
517_1466_1467_1469_1470_1471_1472_1473/search_file_262-233300_296-235212.foo.c,517_1466_1467_1469_1470_1471_1472_1473/search_file_262-233300_333-236922.foo.c
517_1466_1467_1469_1470_1471_1472_1473/search_file_262-233300_296-235212.foo.c,517_1466_1467_1469_1470_1471_1472_1473/search_file_262-233300_324-236605.foo.c
517_1466_1467_1469_1470_1471_1472_1473/search_file_262-233300_322-236575.foo.c,517_1466_1467_1469_1470_1471_1472_1473/search_file_262-233300_301-235332.foo.c
517_1466_1467_1469_1470_1471_1472_1473/search_file_262-233300_322-236575.foo.c,517_1466_1467_1469_1470_1471_1472_1473/search_file_262-233300_307-235513.foo.c
517_1466_1467_1469_1470_1471_1472_1473/search_file_262-233300_322-236575.foo.c,517_1466_1467_1469_1470_1471_1472_1473/search_file_262-233300_314-236214.foo.c
517_1466_1467_1469_1470_1471_1472_1473/search_file_262-233300_322-236575.foo.c,517_1466_1467_1469_1470_1471_1472_1473/search_file_262-233300_333-236922.foo.c
517_1466_1467_1469_1470_1471_1472_1473/search_file_262-233300_322-236575.foo.c,517_1466_1467_1469_1470_1471_1472_1473/search_file_262-233300_324-236605.foo.c
517_1466_1467_1469_1470_1471_1472_1473/search_file_262-233300_301-235332.foo.c,517_1466_1467_1469_1470_1471_1472_1473/search_file_262-233300_307-235513.foo.c
517_1466_1467_1469_1470_1471_1472_1473/search_file_262-233300_301-235332.foo.c,517_1466_1467_1469_1470_1471_1472_1473/search_file_262-233300_314-236214.foo.c
517_1466_1467_1469_1470_1471_1472_1473/search_file_262-233300_301-235332.foo.c,517_1466_1467_1469_1470_1471_1472_1473/search_file_262-233300_333-236922.foo.c
517_1466_1467_1469_1470_1471_1472_1473/search_file_262-233300_301-235332.foo.c,517_1466_1467_1469_1470_1471_1472_1473/search_file_262-233300_324-236605.foo.c
517_1466_1467_1469_1470_1471_1472_1473/search_file_262-233300_307-235513.foo.c,517_1466_1467_1469_1470_1471_1472_1473/search_file_262-233300_314-236214.foo.c
517_1466_1467_1469_1470_1471_1472_1473/search_file_262-233300_307-235513.foo.c,517_1466_1467_1469_1470_1471_1472_1473/search_file_262-233300_333-236922.foo.c
517_1466_1467_1469_1470_1471_1472_1473/search_file_262-233300_307-235513.foo.c,517_1466_1467_1469_1470_1471_1472_1473/search_file_262-233300_324-236605.foo.c
517_1466_1467_1469_1470_1471_1472_1473/search_file_262-233300_314-236214.foo.c,517_1466_1467_1469_1470_1471_1472_1473/search_file_262-233300_333-236922.foo.c
517_1466_1467_1469_1470_1471_1472_1473/search_file_262-233300_314-236214.foo.c,517_1466_1467_1469_1470_1471_1472_1473/search_file_262-233300_324-236605.foo.c
517_1466_1467_1469_1470_1471_1472_1473/search_file_262-233300_333-236922.foo.c,517_1466_1467_1469_1470_1471_1472_1473/search_file_262-233300_324-236605.foo.c
249_1391_1392_1393_1394_1395_1396/search_file_262-233300_392-238733.foo.c,249_1391_1392_1393_1394_1395_1396/search_file_262-233300_414-239165.foo.c
1318/print_file_matches_149-227063_167-227542.foo.c,1318/print_file_matches_150-227089_167-227542.foo.c
1318/print_file_matches_149-227063_167-227542.foo.c,1318/print_file_matches_151-227121_167-227542.foo.c
1318/print_file_matches_149-227063_167-227542.foo.c,1318/print_file_matches_150-227089_155-227235.foo.c
1318/print_file_matches_149-227063_167-227542.foo.c,1318/print_file_matches_151-227121_155-227235.foo.c
1318/print_file_matches_150-227089_167-227542.foo.c,1318/print_file_matches_151-227121_167-227542.foo.c
1318/print_file_matches_150-227089_167-227542.foo.c,1318/print_file_matches_150-227089_155-227235.foo.c
1318/print_file_matches_150-227089_167-227542.foo.c,1318/print_file_matches_151-227121_155-227235.foo.c
1318/print_file_matches_150-227089_167-227542.foo.c,1318/print_file_matches_149-227063_155-227235.foo.c
1318/print_file_matches_151-227121_167-227542.foo.c,1318/print_file_matches_150-227089_155-227235.foo.c
1318/print_file_matches_151-227121_167-227542.foo.c,1318/print_file_matches_151-227121_155-227235.foo.c
1318/print_file_matches_151-227121_167-227542.foo.c,1318/print_file_matches_149-227063_155-227235.foo.c
1318/print_file_matches_150-227089_155-227235.foo.c,1318/print_file_matches_151-227121_155-227235.foo.c
1318/print_file_matches_150-227089_155-227235.foo.c,1318/print_file_matches_149-227063_155-227235.foo.c
1318/print_file_matches_151-227121_155-227235.foo.c,1318/print_file_matches_149-227063_155-227235.foo.c
412/ag_scandir_27-164186_56-165124.foo.c,412/path_ignore_search_226-195632_288-198823.foo.c
412/ag_scandir_27-164186_56-165124.foo.c,412/is_binary_335-187644_344-187803.foo.c
412/ag_scandir_28-164375_47-164921.foo.c,412/path_ignore_search_226-195632_288-198823.foo.c
412/ag_scandir_28-164375_47-164921.foo.c,412/is_binary_335-187644_344-187803.foo.c
412/path_ignore_search_226-195632_288-198823.foo.c,412/ag_scandir_27-164186_31-164460.foo.c
412/path_ignore_search_226-195632_288-198823.foo.c,412/ag_scandir_27-164186_47-164921.foo.c
412/path_ignore_search_226-195632_288-198823.foo.c,412/ag_scandir_31-164460_56-165124.foo.c
412/ag_scandir_27-164186_31-164460.foo.c,412/is_binary_335-187644_344-187803.foo.c
412/is_binary_335-187644_344-187803.foo.c,412/ag_scandir_27-164186_47-164921.foo.c
412/is_binary_335-187644_344-187803.foo.c,412/ag_scandir_28-164375_56-165124.foo.c
412/is_binary_335-187644_344-187803.foo.c,412/ag_scandir_31-164460_56-165124.foo.c
411_1426_1430_1431_1432_1433_1434/add_ignore_pattern_161-181675_170-187513.foo.c,411_1426_1430_1431_1432_1433_1434/add_ignore_pattern_104-177886_109-178412.foo.c
411_1426_1430_1431_1432_1433_1434/filename_filter_294-198961_320-205647.foo.c,411_1426_1430_1431_1432_1433_1434/add_ignore_pattern_104-177886_109-178412.foo.c
411_1426_1430_1431_1432_1433_1434/add_ignore_pattern_104-177886_109-178412.foo.c,411_1426_1430_1431_1432_1433_1434/filename_filter_294-198961_319-205584.foo.c
411_1426_1430_1431_1432_1433_1434/add_ignore_pattern_104-177886_109-178412.foo.c,411_1426_1430_1431_1432_1433_1434/add_ignore_pattern_161-181675_168-187394.foo.c
566_1475_1478_1479_1480_1481_1482/check_symloop_leave_515-252614_515-252965.foo.c,566_1475_1478_1479_1480_1481_1482/check_symloop_leave_515-252844_515-252965.foo.c
566_1475_1478_1479_1480_1481_1482/check_symloop_leave_515-252614_515-252965.foo.c,566_1475_1478_1479_1480_1481_1482/check_symloop_leave_515-252729_515-252965.foo.c
566_1475_1478_1479_1480_1481_1482/check_symloop_leave_515-252614_515-252965.foo.c,566_1475_1478_1479_1480_1481_1482/check_symloop_enter_493-242471_493-242592.foo.c
566_1475_1478_1479_1480_1481_1482/check_symloop_leave_515-252614_515-252965.foo.c,566_1475_1478_1479_1480_1481_1482/check_symloop_enter_493-242356_493-242592.foo.c
566_1475_1478_1479_1480_1481_1482/check_symloop_leave_515-252844_515-252965.foo.c,566_1475_1478_1479_1480_1481_1482/check_symloop_leave_515-252729_515-252965.foo.c
566_1475_1478_1479_1480_1481_1482/check_symloop_leave_515-252844_515-252965.foo.c,566_1475_1478_1479_1480_1481_1482/check_symloop_enter_493-242241_493-242592.foo.c
566_1475_1478_1479_1480_1481_1482/check_symloop_leave_515-252844_515-252965.foo.c,566_1475_1478_1479_1480_1481_1482/check_symloop_enter_493-242471_493-242592.foo.c
566_1475_1478_1479_1480_1481_1482/check_symloop_leave_515-252844_515-252965.foo.c,566_1475_1478_1479_1480_1481_1482/check_symloop_enter_493-242356_493-242592.foo.c
566_1475_1478_1479_1480_1481_1482/check_symloop_leave_515-252729_515-252965.foo.c,566_1475_1478_1479_1480_1481_1482/check_symloop_enter_493-242241_493-242592.foo.c
566_1475_1478_1479_1480_1481_1482/check_symloop_leave_515-252729_515-252965.foo.c,566_1475_1478_1479_1480_1481_1482/check_symloop_enter_493-242471_493-242592.foo.c
566_1475_1478_1479_1480_1481_1482/check_symloop_leave_515-252729_515-252965.foo.c,566_1475_1478_1479_1480_1481_1482/check_symloop_enter_493-242356_493-242592.foo.c
566_1475_1478_1479_1480_1481_1482/check_symloop_enter_493-242241_493-242592.foo.c,566_1475_1478_1479_1480_1481_1482/check_symloop_enter_493-242471_493-242592.foo.c
566_1475_1478_1479_1480_1481_1482/check_symloop_enter_493-242241_493-242592.foo.c,566_1475_1478_1479_1480_1481_1482/check_symloop_enter_493-242356_493-242592.foo.c
566_1475_1478_1479_1480_1481_1482/check_symloop_enter_493-242471_493-242592.foo.c,566_1475_1478_1479_1480_1481_1482/check_symloop_enter_493-242356_493-242592.foo.c
732_1505_1508_1509_1510_1511_1512_1513/decompress_lzma_143-240902_174-242169.foo.c,732_1505_1508_1509_1510_1511_1512_1513/decompress_lzma_144-240932_186-242364.foo.c
732_1505_1508_1509_1510_1511_1512_1513/decompress_lzma_144-240932_183-242318.foo.c,732_1505_1508_1509_1510_1511_1512_1513/decompress_lzma_143-240902_186-242364.foo.c
373_1424/search_buf_67-225821_107-227730.foo.c,373_1424/path_ignore_search_216-189452_226-195632.foo.c
1319_1570_1571/print_file_matches_150-227089_153-227158.foo.c,1319_1570_1571/print_file_matches_149-227063_153-227158.foo.c
895/init_options_151-229067_168-235126.foo.c,895/init_options_153-234604_171-235224.foo.c
1318_1569_1570_1571_1572/print_file_matches_149-227063_167-227542.foo.c,1318_1569_1570_1571_1572/print_file_matches_150-227089_167-227542.foo.c
1318_1569_1570_1571_1572/print_file_matches_149-227063_167-227542.foo.c,1318_1569_1570_1571_1572/print_file_matches_151-227121_167-227542.foo.c
1318_1569_1570_1571_1572/print_file_matches_149-227063_167-227542.foo.c,1318_1569_1570_1571_1572/print_file_matches_150-227089_155-227235.foo.c
1318_1569_1570_1571_1572/print_file_matches_149-227063_167-227542.foo.c,1318_1569_1570_1571_1572/print_file_matches_151-227121_155-227235.foo.c
1318_1569_1570_1571_1572/print_file_matches_150-227089_167-227542.foo.c,1318_1569_1570_1571_1572/print_file_matches_151-227121_167-227542.foo.c
1318_1569_1570_1571_1572/print_file_matches_150-227089_167-227542.foo.c,1318_1569_1570_1571_1572/print_file_matches_150-227089_155-227235.foo.c
1318_1569_1570_1571_1572/print_file_matches_150-227089_167-227542.foo.c,1318_1569_1570_1571_1572/print_file_matches_151-227121_155-227235.foo.c
1318_1569_1570_1571_1572/print_file_matches_150-227089_167-227542.foo.c,1318_1569_1570_1571_1572/print_file_matches_149-227063_155-227235.foo.c
1318_1569_1570_1571_1572/print_file_matches_151-227121_167-227542.foo.c,1318_1569_1570_1571_1572/print_file_matches_150-227089_155-227235.foo.c
1318_1569_1570_1571_1572/print_file_matches_151-227121_167-227542.foo.c,1318_1569_1570_1571_1572/print_file_matches_151-227121_155-227235.foo.c
1318_1569_1570_1571_1572/print_file_matches_151-227121_167-227542.foo.c,1318_1569_1570_1571_1572/print_file_matches_149-227063_155-227235.foo.c
1318_1569_1570_1571_1572/print_file_matches_150-227089_155-227235.foo.c,1318_1569_1570_1571_1572/print_file_matches_151-227121_155-227235.foo.c
1318_1569_1570_1571_1572/print_file_matches_150-227089_155-227235.foo.c,1318_1569_1570_1571_1572/print_file_matches_149-227063_155-227235.foo.c
1318_1569_1570_1571_1572/print_file_matches_151-227121_155-227235.foo.c,1318_1569_1570_1571_1572/print_file_matches_149-227063_155-227235.foo.c
367_1423_1426_1427/is_binary_336-187700_349-194568.foo.c,367_1423_1426_1427/is_binary_335-187644_349-194568.foo.c
367_1423_1426_1427_1428/is_binary_336-187700_349-194568.foo.c,367_1423_1426_1427_1428/is_binary_335-187644_349-194568.foo.c
900_1530_1531_1532_1533_1534/init_options_152-229099_172-235257.foo.c,900_1530_1531_1532_1533_1534/init_options_148-228997_172-235257.foo.c
900_1530_1531_1532_1533_1534/init_options_152-229099_172-235257.foo.c,900_1530_1531_1532_1533_1534/init_options_151-229067_172-235257.foo.c
900_1530_1531_1532_1533_1534/init_options_148-228997_172-235257.foo.c,900_1530_1531_1532_1533_1534/init_options_151-229067_172-235257.foo.c
1232_1563_1564_1565_1566_1567_1568_1569/decompress_lzma_149-241075_162-241802.foo.c,1232_1563_1564_1565_1566_1567_1568_1569/decompress_lzma_149-241075_146-241009.foo.c
314_1403_1409_1410_1411_1412_1413_1414/filename_filter_315-205502_349-213122.foo.c,314_1403_1409_1410_1411_1412_1413_1414/filename_filter_315-205502_382-214196.foo.c
889_1525_1526_1527_1528_1529/generate_hash_170-178456_165-178258.foo.c,889_1525_1526_1527_1528_1529/is_binary_360-195439_365-195646.foo.c
889_1525_1526_1527_1528_1529/generate_hash_170-178456_165-178258.foo.c,889_1525_1526_1527_1528_1529/is_binary_362-195539_367-195746.foo.c
889_1525_1526_1527_1528_1529/generate_hash_170-178456_165-178258.foo.c,889_1525_1526_1527_1528_1529/is_binary_360-195439_360-195439.foo.c
889_1525_1526_1527_1528_1529/is_binary_360-195439_365-195646.foo.c,889_1525_1526_1527_1528_1529/is_binary_362-195539_367-195746.foo.c
889_1525_1526_1527_1528_1529/is_binary_360-195439_365-195646.foo.c,889_1525_1526_1527_1528_1529/is_binary_360-195439_360-195439.foo.c
889_1525_1526_1527_1528_1529/is_binary_362-195539_367-195746.foo.c,889_1525_1526_1527_1528_1529/is_binary_360-195439_360-195439.foo.c
713_1499_1500_1501/init_options_151-229067_173-235284.foo.c,713_1499_1500_1501/init_options_148-228997_173-235284.foo.c
732_1506_1509_1510/decompress_lzma_145-240996_174-242169.foo.c,732_1506_1509_1510/decompress_lzma_146-241009_146-241009.foo.c
732_1506_1509_1510/decompress_lzma_145-240996_174-242169.foo.c,732_1506_1509_1510/decompress_lzma_145-240996_172-242131.foo.c
732_1506_1509_1510/decompress_lzma_145-240996_174-242169.foo.c,732_1506_1509_1510/decompress_lzma_145-240996_183-242318.foo.c
732_1506_1509_1510/decompress_lzma_145-240996_174-242169.foo.c,732_1506_1509_1510/decompress_lzma_145-240996_145-240996.foo.c
732_1506_1509_1510/decompress_lzma_145-240996_174-242169.foo.c,732_1506_1509_1510/decompress_lzma_146-241009_145-240996.foo.c
732_1506_1509_1510/decompress_lzma_145-240996_174-242169.foo.c,732_1506_1509_1510/decompress_lzma_145-240996_186-242364.foo.c
732_1506_1509_1510/decompress_lzma_145-240996_174-242169.foo.c,732_1506_1509_1510/decompress_lzma_145-240996_182-242296.foo.c
732_1506_1509_1510/decompress_lzma_146-241009_146-241009.foo.c,732_1506_1509_1510/decompress_lzma_145-240996_172-242131.foo.c
732_1506_1509_1510/decompress_lzma_146-241009_146-241009.foo.c,732_1506_1509_1510/decompress_lzma_145-240996_183-242318.foo.c
732_1506_1509_1510/decompress_lzma_146-241009_146-241009.foo.c,732_1506_1509_1510/decompress_lzma_145-240996_145-240996.foo.c
732_1506_1509_1510/decompress_lzma_146-241009_146-241009.foo.c,732_1506_1509_1510/decompress_lzma_146-241009_145-240996.foo.c
732_1506_1509_1510/decompress_lzma_146-241009_146-241009.foo.c,732_1506_1509_1510/decompress_lzma_145-240996_186-242364.foo.c
732_1506_1509_1510/decompress_lzma_146-241009_146-241009.foo.c,732_1506_1509_1510/decompress_lzma_145-240996_182-242296.foo.c
732_1506_1509_1510/decompress_lzma_145-240996_172-242131.foo.c,732_1506_1509_1510/decompress_lzma_145-240996_183-242318.foo.c
732_1506_1509_1510/decompress_lzma_145-240996_172-242131.foo.c,732_1506_1509_1510/decompress_lzma_145-240996_145-240996.foo.c
732_1506_1509_1510/decompress_lzma_145-240996_172-242131.foo.c,732_1506_1509_1510/decompress_lzma_146-241009_145-240996.foo.c
732_1506_1509_1510/decompress_lzma_145-240996_172-242131.foo.c,732_1506_1509_1510/decompress_lzma_145-240996_186-242364.foo.c
732_1506_1509_1510/decompress_lzma_145-240996_172-242131.foo.c,732_1506_1509_1510/decompress_lzma_145-240996_182-242296.foo.c
732_1506_1509_1510/decompress_lzma_147-241026_162-241802.foo.c,732_1506_1509_1510/decompress_lzma_147-241026_146-241009.foo.c
732_1506_1509_1510/decompress_lzma_145-240996_183-242318.foo.c,732_1506_1509_1510/decompress_lzma_145-240996_145-240996.foo.c
732_1506_1509_1510/decompress_lzma_145-240996_183-242318.foo.c,732_1506_1509_1510/decompress_lzma_146-241009_145-240996.foo.c
732_1506_1509_1510/decompress_lzma_145-240996_183-242318.foo.c,732_1506_1509_1510/decompress_lzma_145-240996_186-242364.foo.c
732_1506_1509_1510/decompress_lzma_145-240996_183-242318.foo.c,732_1506_1509_1510/decompress_lzma_145-240996_182-242296.foo.c
732_1506_1509_1510/decompress_lzma_145-240996_145-240996.foo.c,732_1506_1509_1510/decompress_lzma_146-241009_145-240996.foo.c
732_1506_1509_1510/decompress_lzma_145-240996_145-240996.foo.c,732_1506_1509_1510/decompress_lzma_145-240996_186-242364.foo.c
732_1506_1509_1510/decompress_lzma_145-240996_145-240996.foo.c,732_1506_1509_1510/decompress_lzma_145-240996_182-242296.foo.c
732_1506_1509_1510/decompress_lzma_146-241009_145-240996.foo.c,732_1506_1509_1510/decompress_lzma_145-240996_186-242364.foo.c
732_1506_1509_1510/decompress_lzma_146-241009_145-240996.foo.c,732_1506_1509_1510/decompress_lzma_145-240996_182-242296.foo.c
732_1506_1509_1510/decompress_lzma_145-240996_186-242364.foo.c,732_1506_1509_1510/decompress_lzma_145-240996_182-242296.foo.c
851_1523_1525_1527_1528/decompress_zlib_29-235182_98-239076.foo.c,851_1523_1525_1527_1528/decompress_zlib_29-235182_99-239098.foo.c
367_1420_1424/path_ignore_search_224-189691_277-198406.foo.c,367_1420_1424/fgetln_559-212270_584-213306.foo.c
367_1420_1424/path_ignore_search_224-189691_268-198009.foo.c,367_1420_1424/fgetln_559-212270_584-213306.foo.c
367_1420_1424/fgetln_559-212270_584-213306.foo.c,367_1420_1424/search_buf_51-225276_54-225306.foo.c
732_1505_1508_1509/decompress_lzma_143-240902_182-242296.foo.c,732_1505_1508_1509/decompress_lzma_144-240932_182-242296.foo.c
1318_1569_1570_1571_1572_1573_1574/print_file_matches_149-227063_167-227542.foo.c,1318_1569_1570_1571_1572_1573_1574/print_file_matches_150-227089_167-227542.foo.c
1318_1569_1570_1571_1572_1573_1574/print_file_matches_149-227063_167-227542.foo.c,1318_1569_1570_1571_1572_1573_1574/print_file_matches_151-227121_167-227542.foo.c
1318_1569_1570_1571_1572_1573_1574/print_file_matches_149-227063_167-227542.foo.c,1318_1569_1570_1571_1572_1573_1574/print_file_matches_150-227089_155-227235.foo.c
1318_1569_1570_1571_1572_1573_1574/print_file_matches_149-227063_167-227542.foo.c,1318_1569_1570_1571_1572_1573_1574/print_file_matches_151-227121_155-227235.foo.c
1318_1569_1570_1571_1572_1573_1574/print_file_matches_150-227089_167-227542.foo.c,1318_1569_1570_1571_1572_1573_1574/print_file_matches_151-227121_167-227542.foo.c
1318_1569_1570_1571_1572_1573_1574/print_file_matches_150-227089_167-227542.foo.c,1318_1569_1570_1571_1572_1573_1574/print_file_matches_150-227089_155-227235.foo.c
1318_1569_1570_1571_1572_1573_1574/print_file_matches_150-227089_167-227542.foo.c,1318_1569_1570_1571_1572_1573_1574/print_file_matches_151-227121_155-227235.foo.c
1318_1569_1570_1571_1572_1573_1574/print_file_matches_150-227089_167-227542.foo.c,1318_1569_1570_1571_1572_1573_1574/print_file_matches_149-227063_155-227235.foo.c
1318_1569_1570_1571_1572_1573_1574/print_file_matches_151-227121_167-227542.foo.c,1318_1569_1570_1571_1572_1573_1574/print_file_matches_150-227089_155-227235.foo.c
1318_1569_1570_1571_1572_1573_1574/print_file_matches_151-227121_167-227542.foo.c,1318_1569_1570_1571_1572_1573_1574/print_file_matches_151-227121_155-227235.foo.c
1318_1569_1570_1571_1572_1573_1574/print_file_matches_151-227121_167-227542.foo.c,1318_1569_1570_1571_1572_1573_1574/print_file_matches_149-227063_155-227235.foo.c
1318_1569_1570_1571_1572_1573_1574/print_file_matches_150-227089_155-227235.foo.c,1318_1569_1570_1571_1572_1573_1574/print_file_matches_151-227121_155-227235.foo.c
1318_1569_1570_1571_1572_1573_1574/print_file_matches_150-227089_155-227235.foo.c,1318_1569_1570_1571_1572_1573_1574/print_file_matches_149-227063_155-227235.foo.c
1318_1569_1570_1571_1572_1573_1574/print_file_matches_151-227121_155-227235.foo.c,1318_1569_1570_1571_1572_1573_1574/print_file_matches_149-227063_155-227235.foo.c
851_1523_1525_1527_1528_1529/decompress_zlib_29-235182_98-239076.foo.c,851_1523_1525_1527_1528_1529/decompress_zlib_29-235182_99-239098.foo.c
1355_1582_1583_1584_1585_1586_1587/init_options_156-234936_171-235224.foo.c,1355_1582_1583_1584_1585_1586_1587/init_options_157-234965_171-235224.foo.c
273_1393_1395_1397_1398_1399_1400_1401/search_file_324-236605_426-239497.foo.c,273_1393_1395_1397_1398_1399_1400_1401/search_file_296-235212_426-239497.foo.c
492_1450_1458_1459_1461_1463_1464/load_ignore_patterns_182-187971_186-188143.foo.c,492_1450_1458_1459_1461_1463_1464/load_ignore_patterns_182-187971_198-188466.foo.c
1187_1555_1556_1557_1558/decompress_zlib_29-235182_52-236638.foo.c,1187_1555_1556_1557_1558/decompress_lzma_127-240113_127-240113.foo.c
1187_1555_1556_1557_1558/decompress_zlib_29-235182_52-236638.foo.c,1187_1555_1556_1557_1558/decompress_zlib_29-235182_55-236704.foo.c
1187_1555_1556_1557_1558/decompress_zlib_29-235182_52-236638.foo.c,1187_1555_1556_1557_1558/decompress_lzma_150-241105_146-241009.foo.c
1187_1555_1556_1557_1558/decompress_zlib_29-235182_52-236638.foo.c,1187_1555_1556_1557_1558/decompress_zlib_29-235182_45-236030.foo.c
1187_1555_1556_1557_1558/decompress_zlib_29-235182_52-236638.foo.c,1187_1555_1556_1557_1558/decompress_zlib_29-235182_54-236674.foo.c
1187_1555_1556_1557_1558/decompress_zlib_29-235182_52-236638.foo.c,1187_1555_1556_1557_1558/decompress_zlib_29-235182_50-236606.foo.c
1187_1555_1556_1557_1558/decompress_lzma_127-240113_127-240113.foo.c,1187_1555_1556_1557_1558/decompress_zlib_29-235182_55-236704.foo.c
1187_1555_1556_1557_1558/decompress_lzma_127-240113_127-240113.foo.c,1187_1555_1556_1557_1558/decompress_lzma_150-241105_146-241009.foo.c
1187_1555_1556_1557_1558/decompress_lzma_127-240113_127-240113.foo.c,1187_1555_1556_1557_1558/decompress_zlib_29-235182_45-236030.foo.c
1187_1555_1556_1557_1558/decompress_lzma_127-240113_127-240113.foo.c,1187_1555_1556_1557_1558/decompress_zlib_29-235182_54-236674.foo.c
1187_1555_1556_1557_1558/decompress_lzma_127-240113_127-240113.foo.c,1187_1555_1556_1557_1558/decompress_zlib_29-235182_50-236606.foo.c
1187_1555_1556_1557_1558/decompress_zlib_29-235182_55-236704.foo.c,1187_1555_1556_1557_1558/decompress_lzma_150-241105_146-241009.foo.c
1187_1555_1556_1557_1558/decompress_zlib_29-235182_55-236704.foo.c,1187_1555_1556_1557_1558/decompress_zlib_29-235182_45-236030.foo.c
1187_1555_1556_1557_1558/decompress_zlib_29-235182_55-236704.foo.c,1187_1555_1556_1557_1558/decompress_zlib_29-235182_54-236674.foo.c
1187_1555_1556_1557_1558/decompress_zlib_29-235182_55-236704.foo.c,1187_1555_1556_1557_1558/decompress_zlib_29-235182_50-236606.foo.c
1187_1555_1556_1557_1558/decompress_lzma_150-241105_146-241009.foo.c,1187_1555_1556_1557_1558/decompress_zlib_29-235182_45-236030.foo.c
1187_1555_1556_1557_1558/decompress_lzma_150-241105_146-241009.foo.c,1187_1555_1556_1557_1558/decompress_zlib_29-235182_54-236674.foo.c
1187_1555_1556_1557_1558/decompress_lzma_150-241105_146-241009.foo.c,1187_1555_1556_1557_1558/decompress_zlib_29-235182_50-236606.foo.c
1187_1555_1556_1557_1558/decompress_zlib_29-235182_45-236030.foo.c,1187_1555_1556_1557_1558/decompress_zlib_29-235182_54-236674.foo.c
1187_1555_1556_1557_1558/decompress_zlib_29-235182_45-236030.foo.c,1187_1555_1556_1557_1558/decompress_zlib_29-235182_50-236606.foo.c
1187_1555_1556_1557_1558/decompress_zlib_29-235182_54-236674.foo.c,1187_1555_1556_1557_1558/decompress_zlib_29-235182_50-236606.foo.c
642_1488/open_46-25714_56-26044.foo.c,642_1488/open_43-25644_56-26044.foo.c
1265_1566_1567_1568_1569_1570_1571_1572/main_188-235428_188-235428.foo.c,1265_1566_1567_1568_1569_1570_1571_1572/main_188-235428_193-235477.foo.c
452_1442_1446/search_file_372-238158_383-238467.foo.c,452_1442_1446/search_file_372-238158_386-238575.foo.c
737_1508_1509/decompress_zlib_32-235386_56-236768.foo.c,737_1508_1509/decompress_zlib_30-235199_55-236704.foo.c
737_1508_1509/decompress_zlib_32-235386_56-236768.foo.c,737_1508_1509/decompress_zlib_30-235199_52-236638.foo.c
737_1508_1509/decompress_zlib_32-235386_56-236768.foo.c,737_1508_1509/decompress_zlib_32-235386_93-238915.foo.c
737_1508_1509/decompress_zlib_32-235386_56-236768.foo.c,737_1508_1509/decompress_zlib_31-235358_90-238852.foo.c
737_1508_1509/decompress_zlib_32-235386_56-236768.foo.c,737_1508_1509/decompress_zlib_32-235386_90-238852.foo.c
737_1508_1509/decompress_zlib_32-235386_56-236768.foo.c,737_1508_1509/decompress_zlib_31-235358_93-238915.foo.c
737_1508_1509/decompress_zlib_32-235386_56-236768.foo.c,737_1508_1509/decompress_zlib_32-235386_99-239098.foo.c
737_1508_1509/decompress_zlib_32-235386_56-236768.foo.c,737_1508_1509/decompress_zlib_31-235358_98-239076.foo.c
737_1508_1509/decompress_zlib_32-235386_56-236768.foo.c,737_1508_1509/decompress_zlib_30-235199_45-236030.foo.c
737_1508_1509/decompress_zlib_32-235386_56-236768.foo.c,737_1508_1509/decompress_zlib_30-235199_54-236674.foo.c
737_1508_1509/decompress_zlib_32-235386_56-236768.foo.c,737_1508_1509/decompress_zlib_31-235358_56-236768.foo.c
737_1508_1509/decompress_zlib_32-235386_56-236768.foo.c,737_1508_1509/decompress_zlib_30-235199_50-236606.foo.c
737_1508_1509/decompress_zlib_30-235199_55-236704.foo.c,737_1508_1509/decompress_zlib_30-235199_52-236638.foo.c
737_1508_1509/decompress_zlib_30-235199_55-236704.foo.c,737_1508_1509/decompress_zlib_32-235386_93-238915.foo.c
737_1508_1509/decompress_zlib_30-235199_55-236704.foo.c,737_1508_1509/decompress_zlib_31-235358_90-238852.foo.c
737_1508_1509/decompress_zlib_30-235199_55-236704.foo.c,737_1508_1509/decompress_zlib_32-235386_90-238852.foo.c
737_1508_1509/decompress_zlib_30-235199_55-236704.foo.c,737_1508_1509/decompress_zlib_31-235358_93-238915.foo.c
737_1508_1509/decompress_zlib_30-235199_55-236704.foo.c,737_1508_1509/decompress_zlib_32-235386_99-239098.foo.c
737_1508_1509/decompress_zlib_30-235199_55-236704.foo.c,737_1508_1509/decompress_zlib_31-235358_98-239076.foo.c
737_1508_1509/decompress_zlib_30-235199_55-236704.foo.c,737_1508_1509/decompress_zlib_30-235199_45-236030.foo.c
737_1508_1509/decompress_zlib_30-235199_55-236704.foo.c,737_1508_1509/decompress_zlib_30-235199_54-236674.foo.c
737_1508_1509/decompress_zlib_30-235199_55-236704.foo.c,737_1508_1509/decompress_zlib_31-235358_56-236768.foo.c
737_1508_1509/decompress_zlib_30-235199_55-236704.foo.c,737_1508_1509/decompress_zlib_30-235199_50-236606.foo.c
737_1508_1509/decompress_zlib_30-235199_52-236638.foo.c,737_1508_1509/decompress_zlib_32-235386_93-238915.foo.c
737_1508_1509/decompress_zlib_30-235199_52-236638.foo.c,737_1508_1509/decompress_zlib_31-235358_90-238852.foo.c
737_1508_1509/decompress_zlib_30-235199_52-236638.foo.c,737_1508_1509/decompress_zlib_32-235386_90-238852.foo.c
737_1508_1509/decompress_zlib_30-235199_52-236638.foo.c,737_1508_1509/decompress_zlib_31-235358_93-238915.foo.c
737_1508_1509/decompress_zlib_30-235199_52-236638.foo.c,737_1508_1509/decompress_zlib_32-235386_99-239098.foo.c
737_1508_1509/decompress_zlib_30-235199_52-236638.foo.c,737_1508_1509/decompress_zlib_31-235358_98-239076.foo.c
737_1508_1509/decompress_zlib_30-235199_52-236638.foo.c,737_1508_1509/decompress_zlib_30-235199_45-236030.foo.c
737_1508_1509/decompress_zlib_30-235199_52-236638.foo.c,737_1508_1509/decompress_zlib_30-235199_54-236674.foo.c
737_1508_1509/decompress_zlib_30-235199_52-236638.foo.c,737_1508_1509/decompress_zlib_31-235358_56-236768.foo.c
737_1508_1509/decompress_zlib_30-235199_52-236638.foo.c,737_1508_1509/decompress_zlib_30-235199_50-236606.foo.c
737_1508_1509/decompress_zlib_32-235386_93-238915.foo.c,737_1508_1509/decompress_zlib_31-235358_90-238852.foo.c
737_1508_1509/decompress_zlib_32-235386_93-238915.foo.c,737_1508_1509/decompress_zlib_32-235386_90-238852.foo.c
737_1508_1509/decompress_zlib_32-235386_93-238915.foo.c,737_1508_1509/decompress_zlib_31-235358_93-238915.foo.c
737_1508_1509/decompress_zlib_32-235386_93-238915.foo.c,737_1508_1509/decompress_zlib_32-235386_99-239098.foo.c
737_1508_1509/decompress_zlib_32-235386_93-238915.foo.c,737_1508_1509/decompress_zlib_31-235358_98-239076.foo.c
737_1508_1509/decompress_zlib_32-235386_93-238915.foo.c,737_1508_1509/decompress_zlib_30-235199_45-236030.foo.c
737_1508_1509/decompress_zlib_32-235386_93-238915.foo.c,737_1508_1509/decompress_zlib_30-235199_54-236674.foo.c
737_1508_1509/decompress_zlib_32-235386_93-238915.foo.c,737_1508_1509/decompress_zlib_31-235358_56-236768.foo.c
737_1508_1509/decompress_zlib_32-235386_93-238915.foo.c,737_1508_1509/decompress_zlib_30-235199_50-236606.foo.c
737_1508_1509/decompress_zlib_31-235358_90-238852.foo.c,737_1508_1509/decompress_zlib_32-235386_90-238852.foo.c
737_1508_1509/decompress_zlib_31-235358_90-238852.foo.c,737_1508_1509/decompress_zlib_31-235358_93-238915.foo.c
737_1508_1509/decompress_zlib_31-235358_90-238852.foo.c,737_1508_1509/decompress_zlib_32-235386_99-239098.foo.c
737_1508_1509/decompress_zlib_31-235358_90-238852.foo.c,737_1508_1509/decompress_zlib_31-235358_98-239076.foo.c
737_1508_1509/decompress_zlib_31-235358_90-238852.foo.c,737_1508_1509/decompress_zlib_30-235199_45-236030.foo.c
737_1508_1509/decompress_zlib_31-235358_90-238852.foo.c,737_1508_1509/decompress_zlib_30-235199_54-236674.foo.c
737_1508_1509/decompress_zlib_31-235358_90-238852.foo.c,737_1508_1509/decompress_zlib_31-235358_56-236768.foo.c
737_1508_1509/decompress_zlib_31-235358_90-238852.foo.c,737_1508_1509/decompress_zlib_30-235199_50-236606.foo.c
737_1508_1509/decompress_zlib_32-235386_90-238852.foo.c,737_1508_1509/decompress_zlib_31-235358_93-238915.foo.c
737_1508_1509/decompress_zlib_32-235386_90-238852.foo.c,737_1508_1509/decompress_zlib_32-235386_99-239098.foo.c
737_1508_1509/decompress_zlib_32-235386_90-238852.foo.c,737_1508_1509/decompress_zlib_31-235358_98-239076.foo.c
737_1508_1509/decompress_zlib_32-235386_90-238852.foo.c,737_1508_1509/decompress_zlib_30-235199_45-236030.foo.c
737_1508_1509/decompress_zlib_32-235386_90-238852.foo.c,737_1508_1509/decompress_zlib_30-235199_54-236674.foo.c
737_1508_1509/decompress_zlib_32-235386_90-238852.foo.c,737_1508_1509/decompress_zlib_31-235358_56-236768.foo.c
737_1508_1509/decompress_zlib_32-235386_90-238852.foo.c,737_1508_1509/decompress_zlib_30-235199_50-236606.foo.c
737_1508_1509/decompress_zlib_31-235358_93-238915.foo.c,737_1508_1509/decompress_zlib_32-235386_99-239098.foo.c
737_1508_1509/decompress_zlib_31-235358_93-238915.foo.c,737_1508_1509/decompress_zlib_31-235358_98-239076.foo.c
737_1508_1509/decompress_zlib_31-235358_93-238915.foo.c,737_1508_1509/decompress_zlib_30-235199_45-236030.foo.c
737_1508_1509/decompress_zlib_31-235358_93-238915.foo.c,737_1508_1509/decompress_zlib_30-235199_54-236674.foo.c
737_1508_1509/decompress_zlib_31-235358_93-238915.foo.c,737_1508_1509/decompress_zlib_31-235358_56-236768.foo.c
737_1508_1509/decompress_zlib_31-235358_93-238915.foo.c,737_1508_1509/decompress_zlib_30-235199_50-236606.foo.c
737_1508_1509/decompress_zlib_32-235386_99-239098.foo.c,737_1508_1509/decompress_zlib_31-235358_98-239076.foo.c
737_1508_1509/decompress_zlib_32-235386_99-239098.foo.c,737_1508_1509/decompress_zlib_30-235199_45-236030.foo.c
737_1508_1509/decompress_zlib_32-235386_99-239098.foo.c,737_1508_1509/decompress_zlib_30-235199_54-236674.foo.c
737_1508_1509/decompress_zlib_32-235386_99-239098.foo.c,737_1508_1509/decompress_zlib_31-235358_56-236768.foo.c
737_1508_1509/decompress_zlib_32-235386_99-239098.foo.c,737_1508_1509/decompress_zlib_30-235199_50-236606.foo.c
737_1508_1509/decompress_zlib_31-235358_98-239076.foo.c,737_1508_1509/decompress_zlib_30-235199_45-236030.foo.c
737_1508_1509/decompress_zlib_31-235358_98-239076.foo.c,737_1508_1509/decompress_zlib_30-235199_54-236674.foo.c
737_1508_1509/decompress_zlib_31-235358_98-239076.foo.c,737_1508_1509/decompress_zlib_31-235358_56-236768.foo.c
737_1508_1509/decompress_zlib_31-235358_98-239076.foo.c,737_1508_1509/decompress_zlib_30-235199_50-236606.foo.c
737_1508_1509/decompress_zlib_30-235199_45-236030.foo.c,737_1508_1509/decompress_zlib_30-235199_54-236674.foo.c
737_1508_1509/decompress_zlib_30-235199_45-236030.foo.c,737_1508_1509/decompress_zlib_31-235358_56-236768.foo.c
737_1508_1509/decompress_zlib_30-235199_45-236030.foo.c,737_1508_1509/decompress_zlib_30-235199_50-236606.foo.c
737_1508_1509/decompress_zlib_30-235199_54-236674.foo.c,737_1508_1509/decompress_zlib_31-235358_56-236768.foo.c
737_1508_1509/decompress_zlib_30-235199_54-236674.foo.c,737_1508_1509/decompress_zlib_30-235199_50-236606.foo.c
737_1508_1509/decompress_zlib_31-235358_56-236768.foo.c,737_1508_1509/decompress_zlib_30-235199_50-236606.foo.c
1355_1582_1583_1584_1585/init_options_156-234936_171-235224.foo.c,1355_1582_1583_1584_1585/init_options_157-234965_171-235224.foo.c
901_1531_1532_1533_1534_1535_1536_1537/init_options_153-234604_157-234965.foo.c,901_1531_1532_1533_1534_1535_1536_1537/init_options_153-234604_156-234936.foo.c
373_1425/combine_file_extensions_191-168874_208-169373.foo.c,373_1425/filename_filter_299-199059_323-206790.foo.c
373_1425/combine_file_extensions_191-168874_208-169373.foo.c,373_1425/combine_file_extensions_189-168780_208-169373.foo.c
373_1425/combine_file_extensions_191-168874_208-169373.foo.c,373_1425/filename_filter_299-199059_322-205704.foo.c
373_1425/combine_file_extensions_191-168874_208-169373.foo.c,373_1425/filename_filter_294-198961_322-205704.foo.c
373_1425/combine_file_extensions_191-168874_208-169373.foo.c,373_1425/combine_file_extensions_189-168780_194-168923.foo.c
373_1425/combine_file_extensions_191-168874_208-169373.foo.c,373_1425/filename_filter_294-198961_323-206790.foo.c
373_1425/combine_file_extensions_191-168874_208-169373.foo.c,373_1425/combine_file_extensions_191-168874_194-168923.foo.c
373_1425/filename_filter_299-199059_323-206790.foo.c,373_1425/combine_file_extensions_189-168780_208-169373.foo.c
373_1425/filename_filter_299-199059_323-206790.foo.c,373_1425/filename_filter_299-199059_322-205704.foo.c
373_1425/filename_filter_299-199059_323-206790.foo.c,373_1425/filename_filter_294-198961_322-205704.foo.c
373_1425/filename_filter_299-199059_323-206790.foo.c,373_1425/combine_file_extensions_189-168780_194-168923.foo.c
373_1425/filename_filter_299-199059_323-206790.foo.c,373_1425/filename_filter_294-198961_323-206790.foo.c
373_1425/filename_filter_299-199059_323-206790.foo.c,373_1425/combine_file_extensions_191-168874_194-168923.foo.c
373_1425/combine_file_extensions_189-168780_208-169373.foo.c,373_1425/filename_filter_299-199059_322-205704.foo.c
373_1425/combine_file_extensions_189-168780_208-169373.foo.c,373_1425/filename_filter_294-198961_322-205704.foo.c
373_1425/combine_file_extensions_189-168780_208-169373.foo.c,373_1425/combine_file_extensions_189-168780_194-168923.foo.c
373_1425/combine_file_extensions_189-168780_208-169373.foo.c,373_1425/filename_filter_294-198961_323-206790.foo.c
373_1425/combine_file_extensions_189-168780_208-169373.foo.c,373_1425/combine_file_extensions_191-168874_194-168923.foo.c
373_1425/filename_filter_299-199059_322-205704.foo.c,373_1425/filename_filter_294-198961_322-205704.foo.c
373_1425/filename_filter_299-199059_322-205704.foo.c,373_1425/combine_file_extensions_189-168780_194-168923.foo.c
373_1425/filename_filter_299-199059_322-205704.foo.c,373_1425/filename_filter_294-198961_323-206790.foo.c
373_1425/filename_filter_299-199059_322-205704.foo.c,373_1425/combine_file_extensions_191-168874_194-168923.foo.c
373_1425/filename_filter_294-198961_322-205704.foo.c,373_1425/combine_file_extensions_189-168780_194-168923.foo.c
373_1425/filename_filter_294-198961_322-205704.foo.c,373_1425/filename_filter_294-198961_323-206790.foo.c
373_1425/filename_filter_294-198961_322-205704.foo.c,373_1425/combine_file_extensions_191-168874_194-168923.foo.c
373_1425/combine_file_extensions_189-168780_194-168923.foo.c,373_1425/filename_filter_294-198961_323-206790.foo.c
373_1425/combine_file_extensions_189-168780_194-168923.foo.c,373_1425/combine_file_extensions_191-168874_194-168923.foo.c
373_1425/filename_filter_294-198961_323-206790.foo.c,373_1425/combine_file_extensions_191-168874_194-168923.foo.c
521_1468/search_file_287-234655_322-236575.foo.c,521_1468/search_file_270-233639_322-236575.foo.c
521_1468/search_file_287-234655_322-236575.foo.c,521_1468/search_file_360-237470_374-238191.foo.c
521_1468/search_file_287-234655_322-236575.foo.c,521_1468/search_file_359-237160_374-238191.foo.c
521_1468/search_file_287-234655_322-236575.foo.c,521_1468/search_file_276-233800_322-236575.foo.c
521_1468/search_file_287-234655_322-236575.foo.c,521_1468/search_file_288-234810_322-236575.foo.c
521_1468/search_file_287-234655_322-236575.foo.c,521_1468/search_file_282-233981_322-236575.foo.c
521_1468/search_file_287-234655_322-236575.foo.c,521_1468/search_file_358-237135_358-237135.foo.c
521_1468/search_file_287-234655_322-236575.foo.c,521_1468/search_file_271-233680_322-236575.foo.c
521_1468/search_file_287-234655_322-236575.foo.c,521_1468/search_file_333-236922_374-238191.foo.c
521_1468/search_file_287-234655_322-236575.foo.c,521_1468/search_file_268-233524_322-236575.foo.c
521_1468/search_file_287-234655_322-236575.foo.c,521_1468/search_file_333-236922_358-237135.foo.c
521_1468/search_file_270-233639_322-236575.foo.c,521_1468/search_file_360-237470_374-238191.foo.c
521_1468/search_file_270-233639_322-236575.foo.c,521_1468/search_file_359-237160_374-238191.foo.c
521_1468/search_file_270-233639_322-236575.foo.c,521_1468/search_file_276-233800_322-236575.foo.c
521_1468/search_file_270-233639_322-236575.foo.c,521_1468/search_file_288-234810_322-236575.foo.c
521_1468/search_file_270-233639_322-236575.foo.c,521_1468/search_file_282-233981_322-236575.foo.c
521_1468/search_file_270-233639_322-236575.foo.c,521_1468/search_file_358-237135_358-237135.foo.c
521_1468/search_file_270-233639_322-236575.foo.c,521_1468/search_file_271-233680_322-236575.foo.c
521_1468/search_file_270-233639_322-236575.foo.c,521_1468/search_file_333-236922_374-238191.foo.c
521_1468/search_file_270-233639_322-236575.foo.c,521_1468/search_file_268-233524_322-236575.foo.c
521_1468/search_file_270-233639_322-236575.foo.c,521_1468/search_file_333-236922_358-237135.foo.c
521_1468/search_file_360-237470_374-238191.foo.c,521_1468/search_file_359-237160_374-238191.foo.c
521_1468/search_file_360-237470_374-238191.foo.c,521_1468/search_file_276-233800_322-236575.foo.c
521_1468/search_file_360-237470_374-238191.foo.c,521_1468/search_file_288-234810_322-236575.foo.c
521_1468/search_file_360-237470_374-238191.foo.c,521_1468/search_file_282-233981_322-236575.foo.c
521_1468/search_file_360-237470_374-238191.foo.c,521_1468/search_file_358-237135_358-237135.foo.c
521_1468/search_file_360-237470_374-238191.foo.c,521_1468/search_file_271-233680_322-236575.foo.c
521_1468/search_file_360-237470_374-238191.foo.c,521_1468/search_file_333-236922_374-238191.foo.c
521_1468/search_file_360-237470_374-238191.foo.c,521_1468/search_file_268-233524_322-236575.foo.c
521_1468/search_file_360-237470_374-238191.foo.c,521_1468/search_file_333-236922_358-237135.foo.c
521_1468/search_file_359-237160_374-238191.foo.c,521_1468/search_file_276-233800_322-236575.foo.c
521_1468/search_file_359-237160_374-238191.foo.c,521_1468/search_file_288-234810_322-236575.foo.c
521_1468/search_file_359-237160_374-238191.foo.c,521_1468/search_file_282-233981_322-236575.foo.c
521_1468/search_file_359-237160_374-238191.foo.c,521_1468/search_file_358-237135_358-237135.foo.c
521_1468/search_file_359-237160_374-238191.foo.c,521_1468/search_file_271-233680_322-236575.foo.c
521_1468/search_file_359-237160_374-238191.foo.c,521_1468/search_file_333-236922_374-238191.foo.c
521_1468/search_file_359-237160_374-238191.foo.c,521_1468/search_file_268-233524_322-236575.foo.c
521_1468/search_file_359-237160_374-238191.foo.c,521_1468/search_file_333-236922_358-237135.foo.c
521_1468/search_file_276-233800_322-236575.foo.c,521_1468/search_file_288-234810_322-236575.foo.c
521_1468/search_file_276-233800_322-236575.foo.c,521_1468/search_file_282-233981_322-236575.foo.c
521_1468/search_file_276-233800_322-236575.foo.c,521_1468/search_file_358-237135_358-237135.foo.c
521_1468/search_file_276-233800_322-236575.foo.c,521_1468/search_file_271-233680_322-236575.foo.c
521_1468/search_file_276-233800_322-236575.foo.c,521_1468/search_file_333-236922_374-238191.foo.c
521_1468/search_file_276-233800_322-236575.foo.c,521_1468/search_file_268-233524_322-236575.foo.c
521_1468/search_file_276-233800_322-236575.foo.c,521_1468/search_file_333-236922_358-237135.foo.c
521_1468/search_file_288-234810_322-236575.foo.c,521_1468/search_file_282-233981_322-236575.foo.c
521_1468/search_file_288-234810_322-236575.foo.c,521_1468/search_file_358-237135_358-237135.foo.c
521_1468/search_file_288-234810_322-236575.foo.c,521_1468/search_file_271-233680_322-236575.foo.c
521_1468/search_file_288-234810_322-236575.foo.c,521_1468/search_file_333-236922_374-238191.foo.c
521_1468/search_file_288-234810_322-236575.foo.c,521_1468/search_file_268-233524_322-236575.foo.c
521_1468/search_file_288-234810_322-236575.foo.c,521_1468/search_file_333-236922_358-237135.foo.c
521_1468/search_file_282-233981_322-236575.foo.c,521_1468/search_file_358-237135_358-237135.foo.c
521_1468/search_file_282-233981_322-236575.foo.c,521_1468/search_file_271-233680_322-236575.foo.c
521_1468/search_file_282-233981_322-236575.foo.c,521_1468/search_file_333-236922_374-238191.foo.c
521_1468/search_file_282-233981_322-236575.foo.c,521_1468/search_file_268-233524_322-236575.foo.c
521_1468/search_file_282-233981_322-236575.foo.c,521_1468/search_file_333-236922_358-237135.foo.c
521_1468/search_file_358-237135_358-237135.foo.c,521_1468/search_file_271-233680_322-236575.foo.c
521_1468/search_file_358-237135_358-237135.foo.c,521_1468/search_file_333-236922_374-238191.foo.c
521_1468/search_file_358-237135_358-237135.foo.c,521_1468/search_file_268-233524_322-236575.foo.c
521_1468/search_file_358-237135_358-237135.foo.c,521_1468/search_file_333-236922_358-237135.foo.c
521_1468/search_file_271-233680_322-236575.foo.c,521_1468/search_file_333-236922_374-238191.foo.c
521_1468/search_file_271-233680_322-236575.foo.c,521_1468/search_file_268-233524_322-236575.foo.c
521_1468/search_file_271-233680_322-236575.foo.c,521_1468/search_file_333-236922_358-237135.foo.c
521_1468/search_file_333-236922_374-238191.foo.c,521_1468/search_file_268-233524_322-236575.foo.c
521_1468/search_file_333-236922_374-238191.foo.c,521_1468/search_file_333-236922_358-237135.foo.c
521_1468/search_file_268-233524_322-236575.foo.c,521_1468/search_file_333-236922_358-237135.foo.c
314_1408_1410_1411/filename_filter_322-205704_347-213078.foo.c,314_1408_1410_1411/search_file_324-236605_358-237135.foo.c
454/add_ignore_pattern_161-181675_165-187301.foo.c,454/add_ignore_pattern_162-186967_165-187301.foo.c
454/add_ignore_pattern_161-181675_165-187301.foo.c,454/filename_filter_299-199059_299-199059.foo.c
454/add_ignore_pattern_161-181675_165-187301.foo.c,454/is_binary_349-194568_385-196166.foo.c
454/add_ignore_pattern_161-181675_165-187301.foo.c,454/add_ignore_pattern_162-186967_161-181675.foo.c
454/add_ignore_pattern_161-181675_165-187301.foo.c,454/add_ignore_pattern_161-181675_161-181675.foo.c
454/add_ignore_pattern_162-186967_165-187301.foo.c,454/filename_filter_299-199059_299-199059.foo.c
454/add_ignore_pattern_162-186967_165-187301.foo.c,454/is_binary_349-194568_385-196166.foo.c
454/add_ignore_pattern_162-186967_165-187301.foo.c,454/add_ignore_pattern_162-186967_161-181675.foo.c
454/add_ignore_pattern_162-186967_165-187301.foo.c,454/add_ignore_pattern_161-181675_161-181675.foo.c
1319_1570_1571_1572_1573_1574_1575_1576/print_file_matches_150-227089_153-227158.foo.c,1319_1570_1571_1572_1573_1574_1575_1576/print_file_matches_149-227063_153-227158.foo.c
367_1420_1424_1425_1428_1430/fgetln_559-212270_583-213289.foo.c,367_1420_1424_1425_1428_1430/fgetln_559-212270_584-213306.foo.c
373_1425_1427/filename_filter_294-198961_322-205704.foo.c,373_1425_1427/filename_filter_294-198961_323-206790.foo.c
373_1425_1427_1429_1430_1431/filename_filter_299-199059_323-206790.foo.c,373_1425_1427_1429_1430_1431/filename_filter_299-199059_322-205704.foo.c
373_1425_1427_1429_1430_1431/filename_filter_299-199059_323-206790.foo.c,373_1425_1427_1429_1430_1431/filename_filter_294-198961_322-205704.foo.c
373_1425_1427_1429_1430_1431/filename_filter_299-199059_323-206790.foo.c,373_1425_1427_1429_1430_1431/filename_filter_294-198961_323-206790.foo.c
373_1425_1427_1429_1430_1431/filename_filter_299-199059_322-205704.foo.c,373_1425_1427_1429_1430_1431/filename_filter_294-198961_322-205704.foo.c
373_1425_1427_1429_1430_1431/filename_filter_299-199059_322-205704.foo.c,373_1425_1427_1429_1430_1431/filename_filter_294-198961_323-206790.foo.c
373_1425_1427_1429_1430_1431/filename_filter_294-198961_322-205704.foo.c,373_1425_1427_1429_1430_1431/filename_filter_294-198961_323-206790.foo.c
732_1505_1508_1509_1510_1511_1512/decompress_lzma_143-240902_172-242131.foo.c,732_1505_1508_1509_1510_1511_1512/decompress_lzma_143-240902_145-240996.foo.c
757_1510_1513_1514/ag_scandir_14-163757_27-164186.foo.c,757_1510_1513_1514/ag_scandir_12-163574_76-165549.foo.c
757_1510_1513_1514/ag_scandir_14-163757_65-165256.foo.c,757_1510_1513_1514/ag_scandir_12-163574_76-165549.foo.c
757_1510_1513_1514/ag_scandir_14-163757_61-165202.foo.c,757_1510_1513_1514/ag_scandir_12-163574_76-165549.foo.c
757_1510_1513_1514/ag_scandir_11-163457_76-165549.foo.c,757_1510_1513_1514/ag_scandir_12-163574_76-165549.foo.c
757_1510_1513_1514/ag_scandir_12-163574_76-165549.foo.c,757_1510_1513_1514/ag_scandir_14-163757_62-165225.foo.c
757_1510_1513_1514/ag_scandir_12-163574_76-165549.foo.c,757_1510_1513_1514/ag_scandir_14-163757_76-165549.foo.c
757_1510_1513_1514/ag_scandir_12-163574_76-165549.foo.c,757_1510_1513_1514/ag_scandir_12-163574_69-165303.foo.c
757_1510_1513_1514/ag_scandir_12-163574_76-165549.foo.c,757_1510_1513_1514/ag_scandir_14-163757_69-165303.foo.c
757_1510_1513_1514/ag_scandir_12-163574_76-165549.foo.c,757_1510_1513_1514/ag_scandir_11-163457_69-165303.foo.c
1152_1547/search_file_266-233480_287-234655.foo.c,1152_1547/search_file_267-233496_287-234655.foo.c
1319_1570_1571_1572/print_file_matches_150-227089_153-227158.foo.c,1319_1570_1571_1572/print_file_matches_149-227063_153-227158.foo.c
1155_1548_1549_1550_1551_1552/search_file_264-233338_287-234655.foo.c,1155_1548_1549_1550_1551_1552/search_file_263-233317_276-233800.foo.c
1237_1565_1566/search_buf_22-224535_39-224962.foo.c,1237_1565_1566/search_buf_21-224514_39-224962.foo.c
586/is_binary_354-195244_385-196166.foo.c,586/search_buf_109-227772_128-228689.foo.c
586/is_binary_349-194568_354-195244.foo.c,586/search_buf_109-227772_128-228689.foo.c
586/search_buf_191-231169_215-232106.foo.c,586/search_buf_109-227772_128-228689.foo.c
586/generate_alpha_skip_72-170321_78-170406.foo.c,586/search_buf_109-227772_128-228689.foo.c
586/search_buf_109-227772_128-228689.foo.c,586/search_buf_109-227772_129-228752.foo.c
586/search_buf_109-227772_128-228689.foo.c,586/search_buf_117-228084_132-228845.foo.c
586/search_buf_109-227772_128-228689.foo.c,586/is_binary_354-195244_381-196086.foo.c
757_1510_1513_1514_1515_1516_1517_1518/ag_scandir_14-163757_27-164186.foo.c,757_1510_1513_1514_1515_1516_1517_1518/ag_scandir_11-163457_76-165549.foo.c
757_1510_1513_1514_1515_1516_1517_1518/ag_scandir_14-163757_65-165256.foo.c,757_1510_1513_1514_1515_1516_1517_1518/ag_scandir_11-163457_76-165549.foo.c
757_1510_1513_1514_1515_1516_1517_1518/ag_scandir_14-163757_61-165202.foo.c,757_1510_1513_1514_1515_1516_1517_1518/ag_scandir_11-163457_76-165549.foo.c
757_1510_1513_1514_1515_1516_1517_1518/ag_scandir_11-163457_76-165549.foo.c,757_1510_1513_1514_1515_1516_1517_1518/ag_scandir_12-163574_76-165549.foo.c
757_1510_1513_1514_1515_1516_1517_1518/ag_scandir_11-163457_76-165549.foo.c,757_1510_1513_1514_1515_1516_1517_1518/ag_scandir_14-163757_62-165225.foo.c
757_1510_1513_1514_1515_1516_1517_1518/ag_scandir_11-163457_76-165549.foo.c,757_1510_1513_1514_1515_1516_1517_1518/ag_scandir_14-163757_76-165549.foo.c
757_1510_1513_1514_1515_1516_1517_1518/ag_scandir_11-163457_76-165549.foo.c,757_1510_1513_1514_1515_1516_1517_1518/ag_scandir_12-163574_69-165303.foo.c
757_1510_1513_1514_1515_1516_1517_1518/ag_scandir_11-163457_76-165549.foo.c,757_1510_1513_1514_1515_1516_1517_1518/ag_scandir_14-163757_69-165303.foo.c
757_1510_1513_1514_1515_1516_1517_1518/ag_scandir_11-163457_76-165549.foo.c,757_1510_1513_1514_1515_1516_1517_1518/ag_scandir_11-163457_69-165303.foo.c
566_1475_1478_1479_1480_1481_1482_1483/check_symloop_leave_515-252614_515-252965.foo.c,566_1475_1478_1479_1480_1481_1482_1483/check_symloop_leave_515-252844_515-252965.foo.c
566_1475_1478_1479_1480_1481_1482_1483/check_symloop_leave_515-252614_515-252965.foo.c,566_1475_1478_1479_1480_1481_1482_1483/check_symloop_leave_515-252729_515-252965.foo.c
566_1475_1478_1479_1480_1481_1482_1483/check_symloop_leave_515-252614_515-252965.foo.c,566_1475_1478_1479_1480_1481_1482_1483/check_symloop_enter_493-242471_493-242592.foo.c
566_1475_1478_1479_1480_1481_1482_1483/check_symloop_leave_515-252614_515-252965.foo.c,566_1475_1478_1479_1480_1481_1482_1483/check_symloop_enter_493-242356_493-242592.foo.c
566_1475_1478_1479_1480_1481_1482_1483/check_symloop_leave_515-252844_515-252965.foo.c,566_1475_1478_1479_1480_1481_1482_1483/check_symloop_leave_515-252729_515-252965.foo.c
566_1475_1478_1479_1480_1481_1482_1483/check_symloop_leave_515-252844_515-252965.foo.c,566_1475_1478_1479_1480_1481_1482_1483/check_symloop_enter_493-242241_493-242592.foo.c
566_1475_1478_1479_1480_1481_1482_1483/check_symloop_leave_515-252844_515-252965.foo.c,566_1475_1478_1479_1480_1481_1482_1483/check_symloop_enter_493-242471_493-242592.foo.c
566_1475_1478_1479_1480_1481_1482_1483/check_symloop_leave_515-252844_515-252965.foo.c,566_1475_1478_1479_1480_1481_1482_1483/check_symloop_enter_493-242356_493-242592.foo.c
566_1475_1478_1479_1480_1481_1482_1483/check_symloop_leave_515-252729_515-252965.foo.c,566_1475_1478_1479_1480_1481_1482_1483/check_symloop_enter_493-242241_493-242592.foo.c
566_1475_1478_1479_1480_1481_1482_1483/check_symloop_leave_515-252729_515-252965.foo.c,566_1475_1478_1479_1480_1481_1482_1483/check_symloop_enter_493-242471_493-242592.foo.c
566_1475_1478_1479_1480_1481_1482_1483/check_symloop_leave_515-252729_515-252965.foo.c,566_1475_1478_1479_1480_1481_1482_1483/check_symloop_enter_493-242356_493-242592.foo.c
566_1475_1478_1479_1480_1481_1482_1483/check_symloop_enter_493-242241_493-242592.foo.c,566_1475_1478_1479_1480_1481_1482_1483/check_symloop_enter_493-242471_493-242592.foo.c
566_1475_1478_1479_1480_1481_1482_1483/check_symloop_enter_493-242241_493-242592.foo.c,566_1475_1478_1479_1480_1481_1482_1483/check_symloop_enter_493-242356_493-242592.foo.c
566_1475_1478_1479_1480_1481_1482_1483/check_symloop_enter_493-242471_493-242592.foo.c,566_1475_1478_1479_1480_1481_1482_1483/check_symloop_enter_493-242356_493-242592.foo.c
895_1526/init_options_152-229099_168-235126.foo.c,895_1526/init_options_148-228997_168-235126.foo.c
895_1526/init_options_152-229099_168-235126.foo.c,895_1526/init_options_151-229067_170-235194.foo.c
895_1526/init_options_152-229099_168-235126.foo.c,895_1526/init_options_151-229067_169-235152.foo.c
895_1526/init_options_152-229099_168-235126.foo.c,895_1526/init_options_148-228997_170-235194.foo.c
895_1526/init_options_152-229099_168-235126.foo.c,895_1526/init_options_151-229067_168-235126.foo.c
895_1526/init_options_152-229099_168-235126.foo.c,895_1526/init_options_153-234604_171-235224.foo.c
895_1526/init_options_152-229099_168-235126.foo.c,895_1526/init_options_152-229099_170-235194.foo.c
895_1526/init_options_152-229099_168-235126.foo.c,895_1526/init_options_152-229099_169-235152.foo.c
895_1526/init_options_152-229099_168-235126.foo.c,895_1526/init_options_148-228997_169-235152.foo.c
895_1526/init_options_148-228997_168-235126.foo.c,895_1526/init_options_151-229067_170-235194.foo.c
895_1526/init_options_148-228997_168-235126.foo.c,895_1526/init_options_151-229067_169-235152.foo.c
895_1526/init_options_148-228997_168-235126.foo.c,895_1526/init_options_148-228997_170-235194.foo.c
895_1526/init_options_148-228997_168-235126.foo.c,895_1526/init_options_151-229067_168-235126.foo.c
895_1526/init_options_148-228997_168-235126.foo.c,895_1526/init_options_153-234604_171-235224.foo.c
895_1526/init_options_148-228997_168-235126.foo.c,895_1526/init_options_152-229099_170-235194.foo.c
895_1526/init_options_148-228997_168-235126.foo.c,895_1526/init_options_152-229099_169-235152.foo.c
895_1526/init_options_148-228997_168-235126.foo.c,895_1526/init_options_148-228997_169-235152.foo.c
895_1526/init_options_151-229067_170-235194.foo.c,895_1526/init_options_151-229067_169-235152.foo.c
895_1526/init_options_151-229067_170-235194.foo.c,895_1526/init_options_148-228997_170-235194.foo.c
895_1526/init_options_151-229067_170-235194.foo.c,895_1526/init_options_151-229067_168-235126.foo.c
895_1526/init_options_151-229067_170-235194.foo.c,895_1526/init_options_153-234604_171-235224.foo.c
895_1526/init_options_151-229067_170-235194.foo.c,895_1526/init_options_152-229099_170-235194.foo.c
895_1526/init_options_151-229067_170-235194.foo.c,895_1526/init_options_152-229099_169-235152.foo.c
895_1526/init_options_151-229067_170-235194.foo.c,895_1526/init_options_148-228997_169-235152.foo.c
895_1526/init_options_151-229067_169-235152.foo.c,895_1526/init_options_148-228997_170-235194.foo.c
895_1526/init_options_151-229067_169-235152.foo.c,895_1526/init_options_151-229067_168-235126.foo.c
895_1526/init_options_151-229067_169-235152.foo.c,895_1526/init_options_153-234604_171-235224.foo.c
895_1526/init_options_151-229067_169-235152.foo.c,895_1526/init_options_152-229099_170-235194.foo.c
895_1526/init_options_151-229067_169-235152.foo.c,895_1526/init_options_152-229099_169-235152.foo.c
895_1526/init_options_151-229067_169-235152.foo.c,895_1526/init_options_148-228997_169-235152.foo.c
895_1526/init_options_148-228997_170-235194.foo.c,895_1526/init_options_151-229067_168-235126.foo.c
895_1526/init_options_148-228997_170-235194.foo.c,895_1526/init_options_153-234604_171-235224.foo.c
895_1526/init_options_148-228997_170-235194.foo.c,895_1526/init_options_152-229099_170-235194.foo.c
895_1526/init_options_148-228997_170-235194.foo.c,895_1526/init_options_152-229099_169-235152.foo.c
895_1526/init_options_148-228997_170-235194.foo.c,895_1526/init_options_148-228997_169-235152.foo.c
895_1526/init_options_151-229067_168-235126.foo.c,895_1526/init_options_153-234604_171-235224.foo.c
895_1526/init_options_151-229067_168-235126.foo.c,895_1526/init_options_152-229099_170-235194.foo.c
895_1526/init_options_151-229067_168-235126.foo.c,895_1526/init_options_152-229099_169-235152.foo.c
895_1526/init_options_151-229067_168-235126.foo.c,895_1526/init_options_148-228997_169-235152.foo.c
895_1526/init_options_153-234604_171-235224.foo.c,895_1526/init_options_152-229099_170-235194.foo.c
895_1526/init_options_153-234604_171-235224.foo.c,895_1526/init_options_152-229099_169-235152.foo.c
895_1526/init_options_153-234604_171-235224.foo.c,895_1526/init_options_148-228997_169-235152.foo.c
895_1526/init_options_152-229099_170-235194.foo.c,895_1526/init_options_152-229099_169-235152.foo.c
895_1526/init_options_152-229099_170-235194.foo.c,895_1526/init_options_148-228997_169-235152.foo.c
895_1526/init_options_152-229099_169-235152.foo.c,895_1526/init_options_148-228997_169-235152.foo.c
373_1425_1427_1429_1430/filename_filter_299-199059_323-206790.foo.c,373_1425_1427_1429_1430/filename_filter_299-199059_322-205704.foo.c
373_1425_1427_1429_1430/filename_filter_299-199059_323-206790.foo.c,373_1425_1427_1429_1430/filename_filter_294-198961_322-205704.foo.c
373_1425_1427_1429_1430/filename_filter_299-199059_323-206790.foo.c,373_1425_1427_1429_1430/filename_filter_294-198961_323-206790.foo.c
373_1425_1427_1429_1430/filename_filter_299-199059_322-205704.foo.c,373_1425_1427_1429_1430/filename_filter_294-198961_322-205704.foo.c
373_1425_1427_1429_1430/filename_filter_299-199059_322-205704.foo.c,373_1425_1427_1429_1430/filename_filter_294-198961_323-206790.foo.c
373_1425_1427_1429_1430/filename_filter_294-198961_322-205704.foo.c,373_1425_1427_1429_1430/filename_filter_294-198961_323-206790.foo.c
771/search_buf_145-229392_162-230351.foo.c,771/search_buf_146-229445_162-230351.foo.c
586_1480_1484/search_buf_191-231169_215-232106.foo.c,586_1480_1484/search_buf_109-227772_128-228689.foo.c
586_1480_1484/search_buf_191-231169_215-232106.foo.c,586_1480_1484/search_buf_109-227772_129-228752.foo.c
586_1480_1484/search_buf_191-231169_215-232106.foo.c,586_1480_1484/search_buf_117-228084_132-228845.foo.c
586_1480_1484/search_buf_109-227772_128-228689.foo.c,586_1480_1484/search_buf_109-227772_129-228752.foo.c
586_1480_1484/search_buf_109-227772_128-228689.foo.c,586_1480_1484/search_buf_117-228084_132-228845.foo.c
586_1480_1484/search_buf_109-227772_129-228752.foo.c,586_1480_1484/search_buf_117-228084_132-228845.foo.c
315/path_ignore_search_215-189382_288-198823.foo.c,315/path_ignore_search_216-189452_288-198823.foo.c
315/path_ignore_search_215-189382_288-198823.foo.c,315/path_ignore_search_216-189452_286-198769.foo.c
315/path_ignore_search_215-189382_288-198823.foo.c,315/path_ignore_search_215-189382_286-198769.foo.c
315/path_ignore_search_216-189452_288-198823.foo.c,315/path_ignore_search_216-189452_286-198769.foo.c
315/path_ignore_search_216-189452_288-198823.foo.c,315/path_ignore_search_215-189382_286-198769.foo.c
315/path_ignore_search_216-189452_286-198769.foo.c,315/path_ignore_search_215-189382_286-198769.foo.c
412_1431_1432_1434_1436/ag_scandir_28-164375_47-164921.foo.c,412_1431_1432_1434_1436/ag_scandir_28-164375_56-165124.foo.c
412_1431_1432_1434_1436/ag_scandir_28-164375_47-164921.foo.c,412_1431_1432_1434_1436/ag_scandir_31-164460_56-165124.foo.c
412_1431_1432_1434_1436/ag_scandir_28-164375_56-165124.foo.c,412_1431_1432_1434_1436/ag_scandir_31-164460_56-165124.foo.c
900_1530_1531_1532_1533/init_options_152-229099_172-235257.foo.c,900_1530_1531_1532_1533/init_options_148-228997_172-235257.foo.c
900_1530_1531_1532_1533/init_options_152-229099_172-235257.foo.c,900_1530_1531_1532_1533/init_options_151-229067_172-235257.foo.c
900_1530_1531_1532_1533/init_options_148-228997_172-235257.foo.c,900_1530_1531_1532_1533/init_options_151-229067_172-235257.foo.c
903_1532_1533/init_options_153-234604_165-235056.foo.c,903_1532_1533/init_options_153-234604_166-235080.foo.c
903_1532_1533/init_options_153-234604_165-235056.foo.c,903_1532_1533/init_options_151-229067_163-235036.foo.c
903_1532_1533/init_options_153-234604_165-235056.foo.c,903_1532_1533/init_options_148-228997_163-235036.foo.c
903_1532_1533/init_options_153-234604_165-235056.foo.c,903_1532_1533/init_options_152-229099_163-235036.foo.c
903_1532_1533/init_options_153-234604_166-235080.foo.c,903_1532_1533/init_options_151-229067_163-235036.foo.c
903_1532_1533/init_options_153-234604_166-235080.foo.c,903_1532_1533/init_options_148-228997_163-235036.foo.c
903_1532_1533/init_options_153-234604_166-235080.foo.c,903_1532_1533/init_options_152-229099_163-235036.foo.c
903_1532_1533/init_options_151-229067_163-235036.foo.c,903_1532_1533/init_options_148-228997_163-235036.foo.c
903_1532_1533/init_options_151-229067_163-235036.foo.c,903_1532_1533/init_options_152-229099_163-235036.foo.c
903_1532_1533/init_options_148-228997_163-235036.foo.c,903_1532_1533/init_options_152-229099_163-235036.foo.c
373_1425_1427_1429/filename_filter_299-199059_323-206790.foo.c,373_1425_1427_1429/filename_filter_299-199059_322-205704.foo.c
373_1425_1427_1429/filename_filter_299-199059_323-206790.foo.c,373_1425_1427_1429/filename_filter_294-198961_322-205704.foo.c
373_1425_1427_1429/filename_filter_299-199059_323-206790.foo.c,373_1425_1427_1429/filename_filter_294-198961_323-206790.foo.c
373_1425_1427_1429/filename_filter_299-199059_322-205704.foo.c,373_1425_1427_1429/filename_filter_294-198961_322-205704.foo.c
373_1425_1427_1429/filename_filter_299-199059_322-205704.foo.c,373_1425_1427_1429/filename_filter_294-198961_323-206790.foo.c
373_1425_1427_1429/filename_filter_294-198961_322-205704.foo.c,373_1425_1427_1429/filename_filter_294-198961_323-206790.foo.c
732_1506_1509_1510_1511_1512/decompress_lzma_145-240996_174-242169.foo.c,732_1506_1509_1510_1511_1512/decompress_lzma_146-241009_146-241009.foo.c
732_1506_1509_1510_1511_1512/decompress_lzma_145-240996_174-242169.foo.c,732_1506_1509_1510_1511_1512/decompress_lzma_145-240996_172-242131.foo.c
732_1506_1509_1510_1511_1512/decompress_lzma_145-240996_174-242169.foo.c,732_1506_1509_1510_1511_1512/decompress_lzma_147-241026_162-241802.foo.c
732_1506_1509_1510_1511_1512/decompress_lzma_145-240996_174-242169.foo.c,732_1506_1509_1510_1511_1512/decompress_lzma_145-240996_183-242318.foo.c
732_1506_1509_1510_1511_1512/decompress_lzma_145-240996_174-242169.foo.c,732_1506_1509_1510_1511_1512/decompress_lzma_145-240996_145-240996.foo.c
732_1506_1509_1510_1511_1512/decompress_lzma_145-240996_174-242169.foo.c,732_1506_1509_1510_1511_1512/decompress_lzma_146-241009_145-240996.foo.c
732_1506_1509_1510_1511_1512/decompress_lzma_145-240996_174-242169.foo.c,732_1506_1509_1510_1511_1512/decompress_lzma_145-240996_186-242364.foo.c
732_1506_1509_1510_1511_1512/decompress_lzma_145-240996_174-242169.foo.c,732_1506_1509_1510_1511_1512/decompress_lzma_147-241026_146-241009.foo.c
732_1506_1509_1510_1511_1512/decompress_lzma_145-240996_174-242169.foo.c,732_1506_1509_1510_1511_1512/decompress_lzma_145-240996_182-242296.foo.c
732_1506_1509_1510_1511_1512/decompress_lzma_146-241009_146-241009.foo.c,732_1506_1509_1510_1511_1512/decompress_lzma_145-240996_172-242131.foo.c
732_1506_1509_1510_1511_1512/decompress_lzma_146-241009_146-241009.foo.c,732_1506_1509_1510_1511_1512/decompress_lzma_147-241026_162-241802.foo.c
732_1506_1509_1510_1511_1512/decompress_lzma_146-241009_146-241009.foo.c,732_1506_1509_1510_1511_1512/decompress_lzma_145-240996_183-242318.foo.c
732_1506_1509_1510_1511_1512/decompress_lzma_146-241009_146-241009.foo.c,732_1506_1509_1510_1511_1512/decompress_lzma_145-240996_145-240996.foo.c
732_1506_1509_1510_1511_1512/decompress_lzma_146-241009_146-241009.foo.c,732_1506_1509_1510_1511_1512/decompress_lzma_146-241009_145-240996.foo.c
732_1506_1509_1510_1511_1512/decompress_lzma_146-241009_146-241009.foo.c,732_1506_1509_1510_1511_1512/decompress_lzma_145-240996_186-242364.foo.c
732_1506_1509_1510_1511_1512/decompress_lzma_146-241009_146-241009.foo.c,732_1506_1509_1510_1511_1512/decompress_lzma_147-241026_146-241009.foo.c
732_1506_1509_1510_1511_1512/decompress_lzma_146-241009_146-241009.foo.c,732_1506_1509_1510_1511_1512/decompress_lzma_145-240996_182-242296.foo.c
732_1506_1509_1510_1511_1512/decompress_lzma_145-240996_172-242131.foo.c,732_1506_1509_1510_1511_1512/decompress_lzma_147-241026_162-241802.foo.c
732_1506_1509_1510_1511_1512/decompress_lzma_145-240996_172-242131.foo.c,732_1506_1509_1510_1511_1512/decompress_lzma_145-240996_183-242318.foo.c
732_1506_1509_1510_1511_1512/decompress_lzma_145-240996_172-242131.foo.c,732_1506_1509_1510_1511_1512/decompress_lzma_145-240996_145-240996.foo.c
732_1506_1509_1510_1511_1512/decompress_lzma_145-240996_172-242131.foo.c,732_1506_1509_1510_1511_1512/decompress_lzma_146-241009_145-240996.foo.c
732_1506_1509_1510_1511_1512/decompress_lzma_145-240996_172-242131.foo.c,732_1506_1509_1510_1511_1512/decompress_lzma_145-240996_186-242364.foo.c
732_1506_1509_1510_1511_1512/decompress_lzma_145-240996_172-242131.foo.c,732_1506_1509_1510_1511_1512/decompress_lzma_147-241026_146-241009.foo.c
732_1506_1509_1510_1511_1512/decompress_lzma_145-240996_172-242131.foo.c,732_1506_1509_1510_1511_1512/decompress_lzma_145-240996_182-242296.foo.c
732_1506_1509_1510_1511_1512/decompress_lzma_147-241026_162-241802.foo.c,732_1506_1509_1510_1511_1512/decompress_lzma_145-240996_183-242318.foo.c
732_1506_1509_1510_1511_1512/decompress_lzma_147-241026_162-241802.foo.c,732_1506_1509_1510_1511_1512/decompress_lzma_145-240996_145-240996.foo.c
732_1506_1509_1510_1511_1512/decompress_lzma_147-241026_162-241802.foo.c,732_1506_1509_1510_1511_1512/decompress_lzma_146-241009_145-240996.foo.c
732_1506_1509_1510_1511_1512/decompress_lzma_147-241026_162-241802.foo.c,732_1506_1509_1510_1511_1512/decompress_lzma_145-240996_186-242364.foo.c
732_1506_1509_1510_1511_1512/decompress_lzma_147-241026_162-241802.foo.c,732_1506_1509_1510_1511_1512/decompress_lzma_147-241026_146-241009.foo.c
732_1506_1509_1510_1511_1512/decompress_lzma_147-241026_162-241802.foo.c,732_1506_1509_1510_1511_1512/decompress_lzma_145-240996_182-242296.foo.c
732_1506_1509_1510_1511_1512/decompress_lzma_145-240996_183-242318.foo.c,732_1506_1509_1510_1511_1512/decompress_lzma_145-240996_145-240996.foo.c
732_1506_1509_1510_1511_1512/decompress_lzma_145-240996_183-242318.foo.c,732_1506_1509_1510_1511_1512/decompress_lzma_146-241009_145-240996.foo.c
732_1506_1509_1510_1511_1512/decompress_lzma_145-240996_183-242318.foo.c,732_1506_1509_1510_1511_1512/decompress_lzma_145-240996_186-242364.foo.c
732_1506_1509_1510_1511_1512/decompress_lzma_145-240996_183-242318.foo.c,732_1506_1509_1510_1511_1512/decompress_lzma_147-241026_146-241009.foo.c
732_1506_1509_1510_1511_1512/decompress_lzma_145-240996_183-242318.foo.c,732_1506_1509_1510_1511_1512/decompress_lzma_145-240996_182-242296.foo.c
732_1506_1509_1510_1511_1512/decompress_lzma_145-240996_145-240996.foo.c,732_1506_1509_1510_1511_1512/decompress_lzma_146-241009_145-240996.foo.c
732_1506_1509_1510_1511_1512/decompress_lzma_145-240996_145-240996.foo.c,732_1506_1509_1510_1511_1512/decompress_lzma_145-240996_186-242364.foo.c
732_1506_1509_1510_1511_1512/decompress_lzma_145-240996_145-240996.foo.c,732_1506_1509_1510_1511_1512/decompress_lzma_147-241026_146-241009.foo.c
732_1506_1509_1510_1511_1512/decompress_lzma_145-240996_145-240996.foo.c,732_1506_1509_1510_1511_1512/decompress_lzma_145-240996_182-242296.foo.c
732_1506_1509_1510_1511_1512/decompress_lzma_146-241009_145-240996.foo.c,732_1506_1509_1510_1511_1512/decompress_lzma_145-240996_186-242364.foo.c
732_1506_1509_1510_1511_1512/decompress_lzma_146-241009_145-240996.foo.c,732_1506_1509_1510_1511_1512/decompress_lzma_147-241026_146-241009.foo.c
732_1506_1509_1510_1511_1512/decompress_lzma_146-241009_145-240996.foo.c,732_1506_1509_1510_1511_1512/decompress_lzma_145-240996_182-242296.foo.c
732_1506_1509_1510_1511_1512/decompress_lzma_145-240996_186-242364.foo.c,732_1506_1509_1510_1511_1512/decompress_lzma_147-241026_146-241009.foo.c
732_1506_1509_1510_1511_1512/decompress_lzma_145-240996_186-242364.foo.c,732_1506_1509_1510_1511_1512/decompress_lzma_145-240996_182-242296.foo.c
732_1506_1509_1510_1511_1512/decompress_lzma_147-241026_146-241009.foo.c,732_1506_1509_1510_1511_1512/decompress_lzma_145-240996_182-242296.foo.c
1271/main_81-228947_96-229400.foo.c,1271/main_84-229125_96-229400.foo.c
732_1506_1509/decompress_lzma_145-240996_174-242169.foo.c,732_1506_1509/decompress_lzma_146-241009_146-241009.foo.c
732_1506_1509/decompress_lzma_145-240996_174-242169.foo.c,732_1506_1509/decompress_lzma_145-240996_172-242131.foo.c
732_1506_1509/decompress_lzma_145-240996_174-242169.foo.c,732_1506_1509/decompress_lzma_147-241026_162-241802.foo.c
732_1506_1509/decompress_lzma_145-240996_174-242169.foo.c,732_1506_1509/decompress_lzma_145-240996_183-242318.foo.c
732_1506_1509/decompress_lzma_145-240996_174-242169.foo.c,732_1506_1509/decompress_lzma_145-240996_145-240996.foo.c
732_1506_1509/decompress_lzma_145-240996_174-242169.foo.c,732_1506_1509/decompress_lzma_146-241009_145-240996.foo.c
732_1506_1509/decompress_lzma_145-240996_174-242169.foo.c,732_1506_1509/decompress_lzma_145-240996_186-242364.foo.c
732_1506_1509/decompress_lzma_145-240996_174-242169.foo.c,732_1506_1509/decompress_lzma_147-241026_146-241009.foo.c
732_1506_1509/decompress_lzma_145-240996_174-242169.foo.c,732_1506_1509/decompress_lzma_145-240996_182-242296.foo.c
732_1506_1509/decompress_lzma_146-241009_146-241009.foo.c,732_1506_1509/decompress_lzma_145-240996_172-242131.foo.c
732_1506_1509/decompress_lzma_146-241009_146-241009.foo.c,732_1506_1509/decompress_lzma_147-241026_162-241802.foo.c
732_1506_1509/decompress_lzma_146-241009_146-241009.foo.c,732_1506_1509/decompress_lzma_145-240996_183-242318.foo.c
732_1506_1509/decompress_lzma_146-241009_146-241009.foo.c,732_1506_1509/decompress_lzma_145-240996_145-240996.foo.c
732_1506_1509/decompress_lzma_146-241009_146-241009.foo.c,732_1506_1509/decompress_lzma_146-241009_145-240996.foo.c
732_1506_1509/decompress_lzma_146-241009_146-241009.foo.c,732_1506_1509/decompress_lzma_145-240996_186-242364.foo.c
732_1506_1509/decompress_lzma_146-241009_146-241009.foo.c,732_1506_1509/decompress_lzma_147-241026_146-241009.foo.c
732_1506_1509/decompress_lzma_146-241009_146-241009.foo.c,732_1506_1509/decompress_lzma_145-240996_182-242296.foo.c
732_1506_1509/decompress_lzma_145-240996_172-242131.foo.c,732_1506_1509/decompress_lzma_147-241026_162-241802.foo.c
732_1506_1509/decompress_lzma_145-240996_172-242131.foo.c,732_1506_1509/decompress_lzma_145-240996_183-242318.foo.c
732_1506_1509/decompress_lzma_145-240996_172-242131.foo.c,732_1506_1509/decompress_lzma_145-240996_145-240996.foo.c
732_1506_1509/decompress_lzma_145-240996_172-242131.foo.c,732_1506_1509/decompress_lzma_146-241009_145-240996.foo.c
732_1506_1509/decompress_lzma_145-240996_172-242131.foo.c,732_1506_1509/decompress_lzma_145-240996_186-242364.foo.c
732_1506_1509/decompress_lzma_145-240996_172-242131.foo.c,732_1506_1509/decompress_lzma_147-241026_146-241009.foo.c
732_1506_1509/decompress_lzma_145-240996_172-242131.foo.c,732_1506_1509/decompress_lzma_145-240996_182-242296.foo.c
732_1506_1509/decompress_lzma_147-241026_162-241802.foo.c,732_1506_1509/decompress_lzma_145-240996_183-242318.foo.c
732_1506_1509/decompress_lzma_147-241026_162-241802.foo.c,732_1506_1509/decompress_lzma_145-240996_145-240996.foo.c
732_1506_1509/decompress_lzma_147-241026_162-241802.foo.c,732_1506_1509/decompress_lzma_146-241009_145-240996.foo.c
732_1506_1509/decompress_lzma_147-241026_162-241802.foo.c,732_1506_1509/decompress_lzma_145-240996_186-242364.foo.c
732_1506_1509/decompress_lzma_147-241026_162-241802.foo.c,732_1506_1509/decompress_lzma_147-241026_146-241009.foo.c
732_1506_1509/decompress_lzma_147-241026_162-241802.foo.c,732_1506_1509/decompress_lzma_145-240996_182-242296.foo.c
732_1506_1509/decompress_lzma_145-240996_183-242318.foo.c,732_1506_1509/decompress_lzma_145-240996_145-240996.foo.c
732_1506_1509/decompress_lzma_145-240996_183-242318.foo.c,732_1506_1509/decompress_lzma_146-241009_145-240996.foo.c
732_1506_1509/decompress_lzma_145-240996_183-242318.foo.c,732_1506_1509/decompress_lzma_145-240996_186-242364.foo.c
732_1506_1509/decompress_lzma_145-240996_183-242318.foo.c,732_1506_1509/decompress_lzma_147-241026_146-241009.foo.c
732_1506_1509/decompress_lzma_145-240996_183-242318.foo.c,732_1506_1509/decompress_lzma_145-240996_182-242296.foo.c
732_1506_1509/decompress_lzma_145-240996_145-240996.foo.c,732_1506_1509/decompress_lzma_146-241009_145-240996.foo.c
732_1506_1509/decompress_lzma_145-240996_145-240996.foo.c,732_1506_1509/decompress_lzma_145-240996_186-242364.foo.c
732_1506_1509/decompress_lzma_145-240996_145-240996.foo.c,732_1506_1509/decompress_lzma_147-241026_146-241009.foo.c
732_1506_1509/decompress_lzma_145-240996_145-240996.foo.c,732_1506_1509/decompress_lzma_145-240996_182-242296.foo.c
732_1506_1509/decompress_lzma_146-241009_145-240996.foo.c,732_1506_1509/decompress_lzma_145-240996_186-242364.foo.c
732_1506_1509/decompress_lzma_146-241009_145-240996.foo.c,732_1506_1509/decompress_lzma_147-241026_146-241009.foo.c
732_1506_1509/decompress_lzma_146-241009_145-240996.foo.c,732_1506_1509/decompress_lzma_145-240996_182-242296.foo.c
732_1506_1509/decompress_lzma_145-240996_186-242364.foo.c,732_1506_1509/decompress_lzma_147-241026_146-241009.foo.c
732_1506_1509/decompress_lzma_145-240996_186-242364.foo.c,732_1506_1509/decompress_lzma_145-240996_182-242296.foo.c
732_1506_1509/decompress_lzma_147-241026_146-241009.foo.c,732_1506_1509/decompress_lzma_145-240996_182-242296.foo.c
273_1394/search_file_333-236922_426-239497.foo.c,273_1394/search_file_358-237135_426-239497.foo.c
715/init_options_153-234604_173-235284.foo.c,715/init_options_153-234604_174-235329.foo.c
897_1528_1529_1530_1531_1532_1533/init_options_152-229099_171-235224.foo.c,897_1528_1529_1530_1531_1532_1533/init_options_148-228997_171-235224.foo.c
897_1528_1529_1530_1531_1532_1533/init_options_152-229099_171-235224.foo.c,897_1528_1529_1530_1531_1532_1533/init_options_151-229067_171-235224.foo.c
897_1528_1529_1530_1531_1532_1533/init_options_152-229099_171-235224.foo.c,897_1528_1529_1530_1531_1532_1533/init_options_153-234604_172-235257.foo.c
897_1528_1529_1530_1531_1532_1533/init_options_148-228997_171-235224.foo.c,897_1528_1529_1530_1531_1532_1533/init_options_151-229067_171-235224.foo.c
897_1528_1529_1530_1531_1532_1533/init_options_148-228997_171-235224.foo.c,897_1528_1529_1530_1531_1532_1533/init_options_153-234604_172-235257.foo.c
897_1528_1529_1530_1531_1532_1533/init_options_151-229067_171-235224.foo.c,897_1528_1529_1530_1531_1532_1533/init_options_153-234604_172-235257.foo.c
910_1539_1540_1545/path_ignore_search_268-198009_286-198769.foo.c,910_1539_1540_1545/path_ignore_search_268-198009_288-198823.foo.c
1237_1565_1566_1567_1568_1569_1570/search_buf_22-224535_39-224962.foo.c,1237_1565_1566_1567_1568_1569_1570/search_buf_21-224514_39-224962.foo.c
494_1456_1462_1463_1464_1465_1466_1467/add_ignore_pattern_104-177886_154-181541.foo.c,494_1456_1462_1463_1464_1465_1466_1467/filename_filter_315-205502_336-207044.foo.c
144/filename_filter_294-198961_339-212482.foo.c,144/filename_filter_299-199059_382-214196.foo.c
144/filename_filter_294-198961_339-212482.foo.c,144/filename_filter_299-199059_349-213122.foo.c
144/filename_filter_294-198961_339-212482.foo.c,144/filename_filter_294-198961_349-213122.foo.c
144/filename_filter_294-198961_339-212482.foo.c,144/filename_filter_299-199059_339-212482.foo.c
144/filename_filter_294-198961_339-212482.foo.c,144/filename_filter_294-198961_382-214196.foo.c
144/filename_filter_299-199059_382-214196.foo.c,144/filename_filter_299-199059_349-213122.foo.c
144/filename_filter_299-199059_382-214196.foo.c,144/filename_filter_294-198961_349-213122.foo.c
144/filename_filter_299-199059_382-214196.foo.c,144/filename_filter_299-199059_339-212482.foo.c
144/filename_filter_299-199059_382-214196.foo.c,144/filename_filter_294-198961_382-214196.foo.c
144/filename_filter_299-199059_349-213122.foo.c,144/filename_filter_294-198961_349-213122.foo.c
144/filename_filter_299-199059_349-213122.foo.c,144/filename_filter_299-199059_339-212482.foo.c
144/filename_filter_299-199059_349-213122.foo.c,144/filename_filter_294-198961_382-214196.foo.c
144/filename_filter_294-198961_349-213122.foo.c,144/filename_filter_299-199059_339-212482.foo.c
144/filename_filter_294-198961_349-213122.foo.c,144/filename_filter_294-198961_382-214196.foo.c
144/filename_filter_299-199059_339-212482.foo.c,144/filename_filter_294-198961_382-214196.foo.c
520/search_file_333-236922_383-238467.foo.c,520/search_file_333-236922_386-238575.foo.c
520/search_file_333-236922_383-238467.foo.c,520/search_file_359-237160_383-238467.foo.c
520/search_file_333-236922_383-238467.foo.c,520/search_file_360-237470_383-238467.foo.c
520/search_file_333-236922_383-238467.foo.c,520/search_file_359-237160_386-238575.foo.c
520/search_file_333-236922_383-238467.foo.c,520/search_file_360-237470_386-238575.foo.c
520/search_file_333-236922_386-238575.foo.c,520/search_file_359-237160_383-238467.foo.c
520/search_file_333-236922_386-238575.foo.c,520/search_file_360-237470_383-238467.foo.c
520/search_file_333-236922_386-238575.foo.c,520/search_file_359-237160_386-238575.foo.c
520/search_file_333-236922_386-238575.foo.c,520/search_file_360-237470_386-238575.foo.c
520/search_file_359-237160_383-238467.foo.c,520/search_file_360-237470_383-238467.foo.c
520/search_file_359-237160_383-238467.foo.c,520/search_file_359-237160_386-238575.foo.c
520/search_file_359-237160_383-238467.foo.c,520/search_file_360-237470_386-238575.foo.c
520/search_file_360-237470_383-238467.foo.c,520/search_file_359-237160_386-238575.foo.c
520/search_file_360-237470_383-238467.foo.c,520/search_file_360-237470_386-238575.foo.c
520/search_file_359-237160_386-238575.foo.c,520/search_file_360-237470_386-238575.foo.c
314_1408/search_file_322-236575_358-237135.foo.c,314_1408/filename_filter_320-205647_339-212482.foo.c
314_1408/search_file_322-236575_358-237135.foo.c,314_1408/filename_filter_322-205704_347-213078.foo.c
314_1408/search_file_322-236575_358-237135.foo.c,314_1408/search_file_324-236605_358-237135.foo.c
314_1408/search_file_322-236575_358-237135.foo.c,314_1408/filename_filter_323-206790_347-213078.foo.c
314_1408/filename_filter_320-205647_339-212482.foo.c,314_1408/filename_filter_322-205704_347-213078.foo.c
314_1408/filename_filter_320-205647_339-212482.foo.c,314_1408/search_file_324-236605_358-237135.foo.c
314_1408/filename_filter_320-205647_339-212482.foo.c,314_1408/filename_filter_323-206790_347-213078.foo.c
314_1408/filename_filter_322-205704_347-213078.foo.c,314_1408/search_file_324-236605_358-237135.foo.c
314_1408/filename_filter_322-205704_347-213078.foo.c,314_1408/filename_filter_323-206790_347-213078.foo.c
314_1408/search_file_324-236605_358-237135.foo.c,314_1408/filename_filter_323-206790_347-213078.foo.c
904_1533_1534_1535_1536_1537/init_options_152-229099_158-235000.foo.c,904_1533_1534_1535_1536_1537/init_options_148-228997_158-235000.foo.c
904_1533_1534_1535_1536_1537/init_options_152-229099_158-235000.foo.c,904_1533_1534_1535_1536_1537/init_options_153-234604_163-235036.foo.c
904_1533_1534_1535_1536_1537/init_options_152-229099_158-235000.foo.c,904_1533_1534_1535_1536_1537/init_options_151-229067_158-235000.foo.c
904_1533_1534_1535_1536_1537/init_options_148-228997_158-235000.foo.c,904_1533_1534_1535_1536_1537/init_options_153-234604_163-235036.foo.c
904_1533_1534_1535_1536_1537/init_options_148-228997_158-235000.foo.c,904_1533_1534_1535_1536_1537/init_options_151-229067_158-235000.foo.c
904_1533_1534_1535_1536_1537/init_options_153-234604_163-235036.foo.c,904_1533_1534_1535_1536_1537/init_options_151-229067_158-235000.foo.c
373_1425_1428/combine_file_extensions_191-168874_208-169373.foo.c,373_1425_1428/combine_file_extensions_189-168780_208-169373.foo.c
373_1425_1428/combine_file_extensions_191-168874_208-169373.foo.c,373_1425_1428/combine_file_extensions_189-168780_194-168923.foo.c
373_1425_1428/combine_file_extensions_191-168874_208-169373.foo.c,373_1425_1428/combine_file_extensions_191-168874_194-168923.foo.c
373_1425_1428/combine_file_extensions_189-168780_208-169373.foo.c,373_1425_1428/combine_file_extensions_189-168780_194-168923.foo.c
373_1425_1428/combine_file_extensions_189-168780_208-169373.foo.c,373_1425_1428/combine_file_extensions_191-168874_194-168923.foo.c
373_1425_1428/combine_file_extensions_189-168780_194-168923.foo.c,373_1425_1428/combine_file_extensions_191-168874_194-168923.foo.c
903_1532_1533_1534_1535_1536/init_options_153-234604_165-235056.foo.c,903_1532_1533_1534_1535_1536/init_options_153-234604_166-235080.foo.c
903_1532_1533_1534_1535_1536/init_options_153-234604_165-235056.foo.c,903_1532_1533_1534_1535_1536/init_options_151-229067_163-235036.foo.c
903_1532_1533_1534_1535_1536/init_options_153-234604_165-235056.foo.c,903_1532_1533_1534_1535_1536/init_options_148-228997_163-235036.foo.c
903_1532_1533_1534_1535_1536/init_options_153-234604_165-235056.foo.c,903_1532_1533_1534_1535_1536/init_options_152-229099_163-235036.foo.c
903_1532_1533_1534_1535_1536/init_options_153-234604_166-235080.foo.c,903_1532_1533_1534_1535_1536/init_options_151-229067_163-235036.foo.c
903_1532_1533_1534_1535_1536/init_options_153-234604_166-235080.foo.c,903_1532_1533_1534_1535_1536/init_options_148-228997_163-235036.foo.c
903_1532_1533_1534_1535_1536/init_options_153-234604_166-235080.foo.c,903_1532_1533_1534_1535_1536/init_options_152-229099_163-235036.foo.c
903_1532_1533_1534_1535_1536/init_options_151-229067_163-235036.foo.c,903_1532_1533_1534_1535_1536/init_options_148-228997_163-235036.foo.c
903_1532_1533_1534_1535_1536/init_options_151-229067_163-235036.foo.c,903_1532_1533_1534_1535_1536/init_options_152-229099_163-235036.foo.c
903_1532_1533_1534_1535_1536/init_options_148-228997_163-235036.foo.c,903_1532_1533_1534_1535_1536/init_options_152-229099_163-235036.foo.c
314_1403_1409_1410_1411_1412/filename_filter_315-205502_339-212482.foo.c,314_1403_1409_1410_1411_1412/filename_filter_315-205502_349-213122.foo.c
314_1403_1409_1410_1411_1412/filename_filter_315-205502_339-212482.foo.c,314_1403_1409_1410_1411_1412/filename_filter_315-205502_382-214196.foo.c
314_1403_1409_1410_1411_1412/filename_filter_315-205502_349-213122.foo.c,314_1403_1409_1410_1411_1412/filename_filter_315-205502_382-214196.foo.c
315_1409_1410_1411_1412_1413_1414_1415/path_ignore_search_215-189382_288-198823.foo.c,315_1409_1410_1411_1412_1413_1414_1415/path_ignore_search_216-189452_288-198823.foo.c
315_1409_1410_1411_1412_1413_1414_1415/path_ignore_search_215-189382_288-198823.foo.c,315_1409_1410_1411_1412_1413_1414_1415/path_ignore_search_216-189452_286-198769.foo.c
315_1409_1410_1411_1412_1413_1414_1415/path_ignore_search_215-189382_288-198823.foo.c,315_1409_1410_1411_1412_1413_1414_1415/path_ignore_search_215-189382_286-198769.foo.c
315_1409_1410_1411_1412_1413_1414_1415/path_ignore_search_216-189452_288-198823.foo.c,315_1409_1410_1411_1412_1413_1414_1415/path_ignore_search_216-189452_286-198769.foo.c
315_1409_1410_1411_1412_1413_1414_1415/path_ignore_search_216-189452_288-198823.foo.c,315_1409_1410_1411_1412_1413_1414_1415/path_ignore_search_215-189382_286-198769.foo.c
315_1409_1410_1411_1412_1413_1414_1415/path_ignore_search_216-189452_286-198769.foo.c,315_1409_1410_1411_1412_1413_1414_1415/path_ignore_search_215-189382_286-198769.foo.c
565_1470_1475/print_file_matches_252-231898_303-234383.foo.c,565_1470_1475/print_file_matches_249-231739_303-234383.foo.c
565_1470_1475/print_file_matches_252-231898_303-234383.foo.c,565_1470_1475/print_file_matches_245-231552_303-234383.foo.c
565_1470_1475/print_file_matches_249-231739_303-234383.foo.c,565_1470_1475/print_file_matches_245-231552_303-234383.foo.c
512_1462_1464_1465/search_file_267-233496_301-235332.foo.c,512_1462_1464_1465/search_file_266-233480_301-235332.foo.c
512_1462_1464_1465/search_file_267-233496_301-235332.foo.c,512_1462_1464_1465/search_file_266-233480_288-234810.foo.c
512_1462_1464_1465/search_file_267-233496_301-235332.foo.c,512_1462_1464_1465/search_file_266-233480_296-235212.foo.c
512_1462_1464_1465/search_file_267-233496_301-235332.foo.c,512_1462_1464_1465/search_file_267-233496_288-234810.foo.c
512_1462_1464_1465/search_file_267-233496_301-235332.foo.c,512_1462_1464_1465/search_file_267-233496_296-235212.foo.c
512_1462_1464_1465/search_file_267-233496_301-235332.foo.c,512_1462_1464_1465/search_file_266-233480_333-236922.foo.c
512_1462_1464_1465/search_file_267-233496_301-235332.foo.c,512_1462_1464_1465/search_file_267-233496_314-236214.foo.c
512_1462_1464_1465/search_file_267-233496_301-235332.foo.c,512_1462_1464_1465/search_file_266-233480_324-236605.foo.c
512_1462_1464_1465/search_file_267-233496_301-235332.foo.c,512_1462_1464_1465/search_file_267-233496_324-236605.foo.c
512_1462_1464_1465/search_file_267-233496_301-235332.foo.c,512_1462_1464_1465/search_file_266-233480_314-236214.foo.c
512_1462_1464_1465/search_file_267-233496_301-235332.foo.c,512_1462_1464_1465/search_file_267-233496_333-236922.foo.c
512_1462_1464_1465/search_file_267-233496_301-235332.foo.c,512_1462_1464_1465/search_file_266-233480_307-235513.foo.c
512_1462_1464_1465/search_file_267-233496_301-235332.foo.c,512_1462_1464_1465/search_file_267-233496_307-235513.foo.c
512_1462_1464_1465/search_file_266-233480_301-235332.foo.c,512_1462_1464_1465/search_file_266-233480_288-234810.foo.c
512_1462_1464_1465/search_file_266-233480_301-235332.foo.c,512_1462_1464_1465/search_file_266-233480_296-235212.foo.c
512_1462_1464_1465/search_file_266-233480_301-235332.foo.c,512_1462_1464_1465/search_file_267-233496_288-234810.foo.c
512_1462_1464_1465/search_file_266-233480_301-235332.foo.c,512_1462_1464_1465/search_file_267-233496_296-235212.foo.c
512_1462_1464_1465/search_file_266-233480_301-235332.foo.c,512_1462_1464_1465/search_file_266-233480_333-236922.foo.c
512_1462_1464_1465/search_file_266-233480_301-235332.foo.c,512_1462_1464_1465/search_file_267-233496_314-236214.foo.c
512_1462_1464_1465/search_file_266-233480_301-235332.foo.c,512_1462_1464_1465/search_file_266-233480_324-236605.foo.c
512_1462_1464_1465/search_file_266-233480_301-235332.foo.c,512_1462_1464_1465/search_file_267-233496_324-236605.foo.c
512_1462_1464_1465/search_file_266-233480_301-235332.foo.c,512_1462_1464_1465/search_file_266-233480_314-236214.foo.c
512_1462_1464_1465/search_file_266-233480_301-235332.foo.c,512_1462_1464_1465/search_file_267-233496_333-236922.foo.c
512_1462_1464_1465/search_file_266-233480_301-235332.foo.c,512_1462_1464_1465/search_file_266-233480_307-235513.foo.c
512_1462_1464_1465/search_file_266-233480_301-235332.foo.c,512_1462_1464_1465/search_file_267-233496_307-235513.foo.c
512_1462_1464_1465/search_file_266-233480_288-234810.foo.c,512_1462_1464_1465/search_file_266-233480_296-235212.foo.c
512_1462_1464_1465/search_file_266-233480_288-234810.foo.c,512_1462_1464_1465/search_file_267-233496_288-234810.foo.c
512_1462_1464_1465/search_file_266-233480_288-234810.foo.c,512_1462_1464_1465/search_file_267-233496_296-235212.foo.c
512_1462_1464_1465/search_file_266-233480_288-234810.foo.c,512_1462_1464_1465/search_file_266-233480_333-236922.foo.c
512_1462_1464_1465/search_file_266-233480_288-234810.foo.c,512_1462_1464_1465/search_file_267-233496_314-236214.foo.c
512_1462_1464_1465/search_file_266-233480_288-234810.foo.c,512_1462_1464_1465/search_file_266-233480_324-236605.foo.c
512_1462_1464_1465/search_file_266-233480_288-234810.foo.c,512_1462_1464_1465/search_file_267-233496_324-236605.foo.c
512_1462_1464_1465/search_file_266-233480_288-234810.foo.c,512_1462_1464_1465/search_file_266-233480_314-236214.foo.c
512_1462_1464_1465/search_file_266-233480_288-234810.foo.c,512_1462_1464_1465/search_file_267-233496_333-236922.foo.c
512_1462_1464_1465/search_file_266-233480_288-234810.foo.c,512_1462_1464_1465/search_file_266-233480_307-235513.foo.c
512_1462_1464_1465/search_file_266-233480_288-234810.foo.c,512_1462_1464_1465/search_file_267-233496_307-235513.foo.c
512_1462_1464_1465/search_file_266-233480_296-235212.foo.c,512_1462_1464_1465/search_file_267-233496_288-234810.foo.c
512_1462_1464_1465/search_file_266-233480_296-235212.foo.c,512_1462_1464_1465/search_file_267-233496_296-235212.foo.c
512_1462_1464_1465/search_file_266-233480_296-235212.foo.c,512_1462_1464_1465/search_file_266-233480_333-236922.foo.c
512_1462_1464_1465/search_file_266-233480_296-235212.foo.c,512_1462_1464_1465/search_file_267-233496_314-236214.foo.c
512_1462_1464_1465/search_file_266-233480_296-235212.foo.c,512_1462_1464_1465/search_file_266-233480_324-236605.foo.c
512_1462_1464_1465/search_file_266-233480_296-235212.foo.c,512_1462_1464_1465/search_file_267-233496_324-236605.foo.c
512_1462_1464_1465/search_file_266-233480_296-235212.foo.c,512_1462_1464_1465/search_file_266-233480_314-236214.foo.c
512_1462_1464_1465/search_file_266-233480_296-235212.foo.c,512_1462_1464_1465/search_file_267-233496_333-236922.foo.c
512_1462_1464_1465/search_file_266-233480_296-235212.foo.c,512_1462_1464_1465/search_file_266-233480_307-235513.foo.c
512_1462_1464_1465/search_file_266-233480_296-235212.foo.c,512_1462_1464_1465/search_file_267-233496_307-235513.foo.c
512_1462_1464_1465/search_file_267-233496_288-234810.foo.c,512_1462_1464_1465/search_file_267-233496_296-235212.foo.c
512_1462_1464_1465/search_file_267-233496_288-234810.foo.c,512_1462_1464_1465/search_file_266-233480_333-236922.foo.c
512_1462_1464_1465/search_file_267-233496_288-234810.foo.c,512_1462_1464_1465/search_file_267-233496_314-236214.foo.c
512_1462_1464_1465/search_file_267-233496_288-234810.foo.c,512_1462_1464_1465/search_file_266-233480_324-236605.foo.c
512_1462_1464_1465/search_file_267-233496_288-234810.foo.c,512_1462_1464_1465/search_file_267-233496_324-236605.foo.c
512_1462_1464_1465/search_file_267-233496_288-234810.foo.c,512_1462_1464_1465/search_file_266-233480_314-236214.foo.c
512_1462_1464_1465/search_file_267-233496_288-234810.foo.c,512_1462_1464_1465/search_file_267-233496_333-236922.foo.c
512_1462_1464_1465/search_file_267-233496_288-234810.foo.c,512_1462_1464_1465/search_file_266-233480_307-235513.foo.c
512_1462_1464_1465/search_file_267-233496_288-234810.foo.c,512_1462_1464_1465/search_file_267-233496_307-235513.foo.c
512_1462_1464_1465/search_file_267-233496_296-235212.foo.c,512_1462_1464_1465/search_file_266-233480_333-236922.foo.c
512_1462_1464_1465/search_file_267-233496_296-235212.foo.c,512_1462_1464_1465/search_file_267-233496_314-236214.foo.c
512_1462_1464_1465/search_file_267-233496_296-235212.foo.c,512_1462_1464_1465/search_file_266-233480_324-236605.foo.c
512_1462_1464_1465/search_file_267-233496_296-235212.foo.c,512_1462_1464_1465/search_file_267-233496_324-236605.foo.c
512_1462_1464_1465/search_file_267-233496_296-235212.foo.c,512_1462_1464_1465/search_file_266-233480_314-236214.foo.c
512_1462_1464_1465/search_file_267-233496_296-235212.foo.c,512_1462_1464_1465/search_file_267-233496_333-236922.foo.c
512_1462_1464_1465/search_file_267-233496_296-235212.foo.c,512_1462_1464_1465/search_file_266-233480_307-235513.foo.c
512_1462_1464_1465/search_file_267-233496_296-235212.foo.c,512_1462_1464_1465/search_file_267-233496_307-235513.foo.c
512_1462_1464_1465/search_file_266-233480_333-236922.foo.c,512_1462_1464_1465/search_file_267-233496_314-236214.foo.c
512_1462_1464_1465/search_file_266-233480_333-236922.foo.c,512_1462_1464_1465/search_file_266-233480_324-236605.foo.c
512_1462_1464_1465/search_file_266-233480_333-236922.foo.c,512_1462_1464_1465/search_file_267-233496_324-236605.foo.c
512_1462_1464_1465/search_file_266-233480_333-236922.foo.c,512_1462_1464_1465/search_file_266-233480_314-236214.foo.c
512_1462_1464_1465/search_file_266-233480_333-236922.foo.c,512_1462_1464_1465/search_file_267-233496_333-236922.foo.c
512_1462_1464_1465/search_file_266-233480_333-236922.foo.c,512_1462_1464_1465/search_file_266-233480_307-235513.foo.c
512_1462_1464_1465/search_file_266-233480_333-236922.foo.c,512_1462_1464_1465/search_file_267-233496_307-235513.foo.c
512_1462_1464_1465/search_file_267-233496_314-236214.foo.c,512_1462_1464_1465/search_file_266-233480_324-236605.foo.c
512_1462_1464_1465/search_file_267-233496_314-236214.foo.c,512_1462_1464_1465/search_file_267-233496_324-236605.foo.c
512_1462_1464_1465/search_file_267-233496_314-236214.foo.c,512_1462_1464_1465/search_file_266-233480_314-236214.foo.c
512_1462_1464_1465/search_file_267-233496_314-236214.foo.c,512_1462_1464_1465/search_file_267-233496_333-236922.foo.c
512_1462_1464_1465/search_file_267-233496_314-236214.foo.c,512_1462_1464_1465/search_file_266-233480_307-235513.foo.c
512_1462_1464_1465/search_file_267-233496_314-236214.foo.c,512_1462_1464_1465/search_file_267-233496_307-235513.foo.c
512_1462_1464_1465/search_file_266-233480_324-236605.foo.c,512_1462_1464_1465/search_file_267-233496_324-236605.foo.c
512_1462_1464_1465/search_file_266-233480_324-236605.foo.c,512_1462_1464_1465/search_file_266-233480_314-236214.foo.c
512_1462_1464_1465/search_file_266-233480_324-236605.foo.c,512_1462_1464_1465/search_file_267-233496_333-236922.foo.c
512_1462_1464_1465/search_file_266-233480_324-236605.foo.c,512_1462_1464_1465/search_file_266-233480_307-235513.foo.c
512_1462_1464_1465/search_file_266-233480_324-236605.foo.c,512_1462_1464_1465/search_file_267-233496_307-235513.foo.c
512_1462_1464_1465/search_file_267-233496_324-236605.foo.c,512_1462_1464_1465/search_file_266-233480_314-236214.foo.c
512_1462_1464_1465/search_file_267-233496_324-236605.foo.c,512_1462_1464_1465/search_file_267-233496_333-236922.foo.c
512_1462_1464_1465/search_file_267-233496_324-236605.foo.c,512_1462_1464_1465/search_file_266-233480_307-235513.foo.c
512_1462_1464_1465/search_file_267-233496_324-236605.foo.c,512_1462_1464_1465/search_file_267-233496_307-235513.foo.c
512_1462_1464_1465/search_file_266-233480_314-236214.foo.c,512_1462_1464_1465/search_file_267-233496_333-236922.foo.c
512_1462_1464_1465/search_file_266-233480_314-236214.foo.c,512_1462_1464_1465/search_file_266-233480_307-235513.foo.c
512_1462_1464_1465/search_file_266-233480_314-236214.foo.c,512_1462_1464_1465/search_file_267-233496_307-235513.foo.c
512_1462_1464_1465/search_file_267-233496_333-236922.foo.c,512_1462_1464_1465/search_file_266-233480_307-235513.foo.c
512_1462_1464_1465/search_file_267-233496_333-236922.foo.c,512_1462_1464_1465/search_file_267-233496_307-235513.foo.c
512_1462_1464_1465/search_file_266-233480_307-235513.foo.c,512_1462_1464_1465/search_file_267-233496_307-235513.foo.c
910_1539/check_symloop_leave_515-254129_515-254720.foo.c,910_1539/check_symloop_enter_493-243756_493-242042.foo.c
910_1539/check_symloop_leave_515-254129_515-254720.foo.c,910_1539/path_ignore_search_268-198009_286-198769.foo.c
910_1539/check_symloop_leave_515-254129_515-254720.foo.c,910_1539/check_symloop_enter_493-243756_493-244347.foo.c
910_1539/check_symloop_leave_515-254129_515-254720.foo.c,910_1539/path_ignore_search_268-198009_288-198823.foo.c
910_1539/check_symloop_leave_515-254129_515-254720.foo.c,910_1539/check_symloop_leave_515-254129_515-252415.foo.c
910_1539/check_symloop_enter_493-243756_493-242042.foo.c,910_1539/path_ignore_search_268-198009_286-198769.foo.c
910_1539/check_symloop_enter_493-243756_493-242042.foo.c,910_1539/check_symloop_enter_493-243756_493-244347.foo.c
910_1539/check_symloop_enter_493-243756_493-242042.foo.c,910_1539/path_ignore_search_268-198009_288-198823.foo.c
910_1539/check_symloop_enter_493-243756_493-242042.foo.c,910_1539/check_symloop_leave_515-254129_515-252415.foo.c
910_1539/path_ignore_search_268-198009_286-198769.foo.c,910_1539/check_symloop_enter_493-243756_493-244347.foo.c
910_1539/path_ignore_search_268-198009_286-198769.foo.c,910_1539/path_ignore_search_268-198009_288-198823.foo.c
910_1539/path_ignore_search_268-198009_286-198769.foo.c,910_1539/check_symloop_leave_515-254129_515-252415.foo.c
910_1539/check_symloop_enter_493-243756_493-244347.foo.c,910_1539/path_ignore_search_268-198009_288-198823.foo.c
910_1539/check_symloop_enter_493-243756_493-244347.foo.c,910_1539/check_symloop_leave_515-254129_515-252415.foo.c
910_1539/path_ignore_search_268-198009_288-198823.foo.c,910_1539/check_symloop_leave_515-254129_515-252415.foo.c
515_1465_1466_1467_1468_1469_1470/search_file_264-233338_322-236575.foo.c,515_1465_1466_1467_1468_1469_1470/search_file_263-233317_301-235332.foo.c
515_1465_1466_1467_1468_1469_1470/search_file_264-233338_322-236575.foo.c,515_1465_1466_1467_1468_1469_1470/search_file_263-233317_322-236575.foo.c
515_1465_1466_1467_1468_1469_1470/search_file_264-233338_322-236575.foo.c,515_1465_1466_1467_1468_1469_1470/search_file_263-233317_296-235212.foo.c
515_1465_1466_1467_1468_1469_1470/search_file_264-233338_322-236575.foo.c,515_1465_1466_1467_1468_1469_1470/search_file_263-233317_288-234810.foo.c
515_1465_1466_1467_1468_1469_1470/search_file_264-233338_322-236575.foo.c,515_1465_1466_1467_1468_1469_1470/search_file_263-233317_324-236605.foo.c
515_1465_1466_1467_1468_1469_1470/search_file_264-233338_322-236575.foo.c,515_1465_1466_1467_1468_1469_1470/search_file_263-233317_333-236922.foo.c
515_1465_1466_1467_1468_1469_1470/search_file_264-233338_322-236575.foo.c,515_1465_1466_1467_1468_1469_1470/search_file_263-233317_314-236214.foo.c
515_1465_1466_1467_1468_1469_1470/search_file_264-233338_322-236575.foo.c,515_1465_1466_1467_1468_1469_1470/search_file_263-233317_307-235513.foo.c
515_1465_1466_1467_1468_1469_1470/search_file_263-233317_301-235332.foo.c,515_1465_1466_1467_1468_1469_1470/search_file_263-233317_322-236575.foo.c
515_1465_1466_1467_1468_1469_1470/search_file_263-233317_301-235332.foo.c,515_1465_1466_1467_1468_1469_1470/search_file_263-233317_296-235212.foo.c
515_1465_1466_1467_1468_1469_1470/search_file_263-233317_301-235332.foo.c,515_1465_1466_1467_1468_1469_1470/search_file_263-233317_288-234810.foo.c
515_1465_1466_1467_1468_1469_1470/search_file_263-233317_301-235332.foo.c,515_1465_1466_1467_1468_1469_1470/search_file_263-233317_324-236605.foo.c
515_1465_1466_1467_1468_1469_1470/search_file_263-233317_301-235332.foo.c,515_1465_1466_1467_1468_1469_1470/search_file_263-233317_333-236922.foo.c
515_1465_1466_1467_1468_1469_1470/search_file_263-233317_301-235332.foo.c,515_1465_1466_1467_1468_1469_1470/search_file_263-233317_314-236214.foo.c
515_1465_1466_1467_1468_1469_1470/search_file_263-233317_301-235332.foo.c,515_1465_1466_1467_1468_1469_1470/search_file_263-233317_307-235513.foo.c
515_1465_1466_1467_1468_1469_1470/search_file_263-233317_322-236575.foo.c,515_1465_1466_1467_1468_1469_1470/search_file_263-233317_296-235212.foo.c
515_1465_1466_1467_1468_1469_1470/search_file_263-233317_322-236575.foo.c,515_1465_1466_1467_1468_1469_1470/search_file_263-233317_288-234810.foo.c
515_1465_1466_1467_1468_1469_1470/search_file_263-233317_322-236575.foo.c,515_1465_1466_1467_1468_1469_1470/search_file_263-233317_324-236605.foo.c
515_1465_1466_1467_1468_1469_1470/search_file_263-233317_322-236575.foo.c,515_1465_1466_1467_1468_1469_1470/search_file_263-233317_333-236922.foo.c
515_1465_1466_1467_1468_1469_1470/search_file_263-233317_322-236575.foo.c,515_1465_1466_1467_1468_1469_1470/search_file_263-233317_314-236214.foo.c
515_1465_1466_1467_1468_1469_1470/search_file_263-233317_322-236575.foo.c,515_1465_1466_1467_1468_1469_1470/search_file_263-233317_307-235513.foo.c
515_1465_1466_1467_1468_1469_1470/search_file_263-233317_296-235212.foo.c,515_1465_1466_1467_1468_1469_1470/search_file_263-233317_288-234810.foo.c
515_1465_1466_1467_1468_1469_1470/search_file_263-233317_296-235212.foo.c,515_1465_1466_1467_1468_1469_1470/search_file_263-233317_324-236605.foo.c
515_1465_1466_1467_1468_1469_1470/search_file_263-233317_296-235212.foo.c,515_1465_1466_1467_1468_1469_1470/search_file_263-233317_333-236922.foo.c
515_1465_1466_1467_1468_1469_1470/search_file_263-233317_296-235212.foo.c,515_1465_1466_1467_1468_1469_1470/search_file_263-233317_314-236214.foo.c
515_1465_1466_1467_1468_1469_1470/search_file_263-233317_296-235212.foo.c,515_1465_1466_1467_1468_1469_1470/search_file_263-233317_307-235513.foo.c
515_1465_1466_1467_1468_1469_1470/search_file_263-233317_288-234810.foo.c,515_1465_1466_1467_1468_1469_1470/search_file_263-233317_324-236605.foo.c
515_1465_1466_1467_1468_1469_1470/search_file_263-233317_288-234810.foo.c,515_1465_1466_1467_1468_1469_1470/search_file_263-233317_333-236922.foo.c
515_1465_1466_1467_1468_1469_1470/search_file_263-233317_288-234810.foo.c,515_1465_1466_1467_1468_1469_1470/search_file_263-233317_314-236214.foo.c
515_1465_1466_1467_1468_1469_1470/search_file_263-233317_288-234810.foo.c,515_1465_1466_1467_1468_1469_1470/search_file_263-233317_307-235513.foo.c
515_1465_1466_1467_1468_1469_1470/search_file_263-233317_324-236605.foo.c,515_1465_1466_1467_1468_1469_1470/search_file_263-233317_333-236922.foo.c
515_1465_1466_1467_1468_1469_1470/search_file_263-233317_324-236605.foo.c,515_1465_1466_1467_1468_1469_1470/search_file_263-233317_314-236214.foo.c
515_1465_1466_1467_1468_1469_1470/search_file_263-233317_324-236605.foo.c,515_1465_1466_1467_1468_1469_1470/search_file_263-233317_307-235513.foo.c
515_1465_1466_1467_1468_1469_1470/search_file_263-233317_333-236922.foo.c,515_1465_1466_1467_1468_1469_1470/search_file_263-233317_314-236214.foo.c
515_1465_1466_1467_1468_1469_1470/search_file_263-233317_333-236922.foo.c,515_1465_1466_1467_1468_1469_1470/search_file_263-233317_307-235513.foo.c
515_1465_1466_1467_1468_1469_1470/search_file_263-233317_314-236214.foo.c,515_1465_1466_1467_1468_1469_1470/search_file_263-233317_307-235513.foo.c
367_1423_1426_1427_1428_1429/is_binary_336-187700_349-194568.foo.c,367_1423_1426_1427_1428_1429/is_binary_335-187644_349-194568.foo.c
339_1414_1415/search_buf_22-224535_176-230756.foo.c,339_1414_1415/search_buf_21-224514_176-230756.foo.c
566_1476_1479/init_wordchar_table_446-207194_447-207221.foo.c,566_1476_1479/init_wordchar_table_445-207158_447-207221.foo.c
566_1476_1479/init_wordchar_table_446-207194_447-207221.foo.c,566_1476_1479/init_wordchar_table_447-207221_445-207158.foo.c
566_1476_1479/init_wordchar_table_446-207194_447-207221.foo.c,566_1476_1479/init_wordchar_table_445-207158_445-207158.foo.c
566_1476_1479/init_wordchar_table_446-207194_447-207221.foo.c,566_1476_1479/init_wordchar_table_446-207194_445-207158.foo.c
566_1476_1479/init_wordchar_table_446-207194_447-207221.foo.c,566_1476_1479/path_ignore_search_246-197020_245-196970.foo.c
566_1476_1479/init_wordchar_table_445-207158_447-207221.foo.c,566_1476_1479/init_wordchar_table_447-207221_445-207158.foo.c
566_1476_1479/init_wordchar_table_445-207158_447-207221.foo.c,566_1476_1479/init_wordchar_table_445-207158_445-207158.foo.c
566_1476_1479/init_wordchar_table_445-207158_447-207221.foo.c,566_1476_1479/init_wordchar_table_446-207194_445-207158.foo.c
566_1476_1479/init_wordchar_table_445-207158_447-207221.foo.c,566_1476_1479/path_ignore_search_246-197020_245-196970.foo.c
1318_1569_1570_1571_1572_1573/print_file_matches_149-227063_167-227542.foo.c,1318_1569_1570_1571_1572_1573/print_file_matches_150-227089_167-227542.foo.c
1318_1569_1570_1571_1572_1573/print_file_matches_149-227063_167-227542.foo.c,1318_1569_1570_1571_1572_1573/print_file_matches_151-227121_167-227542.foo.c
1318_1569_1570_1571_1572_1573/print_file_matches_149-227063_167-227542.foo.c,1318_1569_1570_1571_1572_1573/print_file_matches_150-227089_155-227235.foo.c
1318_1569_1570_1571_1572_1573/print_file_matches_149-227063_167-227542.foo.c,1318_1569_1570_1571_1572_1573/print_file_matches_151-227121_155-227235.foo.c
1318_1569_1570_1571_1572_1573/print_file_matches_150-227089_167-227542.foo.c,1318_1569_1570_1571_1572_1573/print_file_matches_151-227121_167-227542.foo.c
1318_1569_1570_1571_1572_1573/print_file_matches_150-227089_167-227542.foo.c,1318_1569_1570_1571_1572_1573/print_file_matches_150-227089_155-227235.foo.c
1318_1569_1570_1571_1572_1573/print_file_matches_150-227089_167-227542.foo.c,1318_1569_1570_1571_1572_1573/print_file_matches_151-227121_155-227235.foo.c
1318_1569_1570_1571_1572_1573/print_file_matches_150-227089_167-227542.foo.c,1318_1569_1570_1571_1572_1573/print_file_matches_149-227063_155-227235.foo.c
1318_1569_1570_1571_1572_1573/print_file_matches_151-227121_167-227542.foo.c,1318_1569_1570_1571_1572_1573/print_file_matches_150-227089_155-227235.foo.c
1318_1569_1570_1571_1572_1573/print_file_matches_151-227121_167-227542.foo.c,1318_1569_1570_1571_1572_1573/print_file_matches_151-227121_155-227235.foo.c
1318_1569_1570_1571_1572_1573/print_file_matches_151-227121_167-227542.foo.c,1318_1569_1570_1571_1572_1573/print_file_matches_149-227063_155-227235.foo.c
1318_1569_1570_1571_1572_1573/print_file_matches_150-227089_155-227235.foo.c,1318_1569_1570_1571_1572_1573/print_file_matches_151-227121_155-227235.foo.c
1318_1569_1570_1571_1572_1573/print_file_matches_150-227089_155-227235.foo.c,1318_1569_1570_1571_1572_1573/print_file_matches_149-227063_155-227235.foo.c
1318_1569_1570_1571_1572_1573/print_file_matches_151-227121_155-227235.foo.c,1318_1569_1570_1571_1572_1573/print_file_matches_149-227063_155-227235.foo.c
1158_1551_1553_1554/decompress_zlib_60-236847_57-236781.foo.c,1158_1551_1553_1554/decompress_zlib_60-236847_74-237735.foo.c
1073/check_symloop_enter_500-246790_500-247963.foo.c,1073/check_symloop_enter_500-246790_500-247978.foo.c
566_1475/check_symloop_leave_515-252614_515-252965.foo.c,566_1475/check_symloop_leave_515-252844_515-252965.foo.c
566_1475/check_symloop_leave_515-252614_515-252965.foo.c,566_1475/check_symloop_leave_515-252729_515-252965.foo.c
566_1475/check_symloop_leave_515-252614_515-252965.foo.c,566_1475/check_symloop_enter_493-242471_493-242592.foo.c
566_1475/check_symloop_leave_515-252614_515-252965.foo.c,566_1475/check_symloop_enter_493-242356_493-242592.foo.c
566_1475/check_symloop_leave_515-252844_515-252965.foo.c,566_1475/check_symloop_leave_515-252729_515-252965.foo.c
566_1475/check_symloop_leave_515-252844_515-252965.foo.c,566_1475/check_symloop_enter_493-242241_493-242592.foo.c
566_1475/check_symloop_leave_515-252844_515-252965.foo.c,566_1475/check_symloop_enter_493-242471_493-242592.foo.c
566_1475/check_symloop_leave_515-252844_515-252965.foo.c,566_1475/check_symloop_enter_493-242356_493-242592.foo.c
566_1475/check_symloop_leave_515-252729_515-252965.foo.c,566_1475/check_symloop_enter_493-242241_493-242592.foo.c
566_1475/check_symloop_leave_515-252729_515-252965.foo.c,566_1475/check_symloop_enter_493-242471_493-242592.foo.c
566_1475/check_symloop_leave_515-252729_515-252965.foo.c,566_1475/check_symloop_enter_493-242356_493-242592.foo.c
566_1475/check_symloop_enter_493-242241_493-242592.foo.c,566_1475/check_symloop_enter_493-242471_493-242592.foo.c
566_1475/check_symloop_enter_493-242241_493-242592.foo.c,566_1475/check_symloop_enter_493-242356_493-242592.foo.c
566_1475/check_symloop_enter_493-242471_493-242592.foo.c,566_1475/check_symloop_enter_493-242356_493-242592.foo.c
844_1521_1523/decompress_zlib_30-235199_93-238915.foo.c,844_1521_1523/decompress_zlib_30-235199_56-236768.foo.c
844_1521_1523/decompress_zlib_30-235199_93-238915.foo.c,844_1521_1523/decompress_zlib_30-235199_90-238852.foo.c
844_1521_1523/decompress_zlib_30-235199_56-236768.foo.c,844_1521_1523/decompress_zlib_30-235199_90-238852.foo.c
580/search_file_267-233496_322-236575.foo.c,580/search_dir_564-258934_575-259397.foo.c
580/search_file_267-233496_322-236575.foo.c,580/search_file_266-233480_322-236575.foo.c
580/search_dir_564-258934_575-259397.foo.c,580/search_file_266-233480_322-236575.foo.c
492_1449_1455_1458_1459_1460_1464/search_buf_67-225821_80-226715.foo.c,492_1449_1455_1458_1459_1460_1464/search_buf_76-226521_80-226715.foo.c
1192_1556/strlcpy_657-213713_679-214019.foo.c,1192_1556/strlcpy_661-213761_661-213761.foo.c
1192_1556/strlcpy_657-213713_679-214019.foo.c,1192_1556/strlcpy_661-213761_670-213902.foo.c
1192_1556/strlcpy_657-213713_679-214019.foo.c,1192_1556/strlcpy_658-213738_679-214019.foo.c
1192_1556/strlcpy_657-213713_679-214019.foo.c,1192_1556/strlcpy_656-213694_679-214019.foo.c
1192_1556/strlcpy_657-213713_679-214019.foo.c,1192_1556/strlcpy_658-213738_670-213902.foo.c
1192_1556/strlcpy_657-213713_679-214019.foo.c,1192_1556/strlcpy_657-213713_661-213761.foo.c
1192_1556/strlcpy_657-213713_679-214019.foo.c,1192_1556/strlcpy_661-213761_679-214019.foo.c
1192_1556/strlcpy_657-213713_679-214019.foo.c,1192_1556/strlcpy_656-213694_670-213902.foo.c
1192_1556/strlcpy_657-213713_679-214019.foo.c,1192_1556/strlcpy_657-213713_670-213902.foo.c
1192_1556/strlcpy_657-213713_679-214019.foo.c,1192_1556/strlcpy_658-213738_661-213761.foo.c
1192_1556/strlcpy_657-213713_679-214019.foo.c,1192_1556/strlcpy_656-213694_661-213761.foo.c
1192_1556/strlcpy_661-213761_661-213761.foo.c,1192_1556/strlcpy_661-213761_670-213902.foo.c
1192_1556/strlcpy_661-213761_661-213761.foo.c,1192_1556/strlcpy_658-213738_679-214019.foo.c
1192_1556/strlcpy_661-213761_661-213761.foo.c,1192_1556/strlcpy_656-213694_679-214019.foo.c
1192_1556/strlcpy_661-213761_661-213761.foo.c,1192_1556/strlcpy_658-213738_670-213902.foo.c
1192_1556/strlcpy_661-213761_661-213761.foo.c,1192_1556/strlcpy_657-213713_661-213761.foo.c
1192_1556/strlcpy_661-213761_661-213761.foo.c,1192_1556/strlcpy_661-213761_679-214019.foo.c
1192_1556/strlcpy_661-213761_661-213761.foo.c,1192_1556/strlcpy_656-213694_670-213902.foo.c
1192_1556/strlcpy_661-213761_661-213761.foo.c,1192_1556/strlcpy_657-213713_670-213902.foo.c
1192_1556/strlcpy_661-213761_661-213761.foo.c,1192_1556/strlcpy_658-213738_661-213761.foo.c
1192_1556/strlcpy_661-213761_661-213761.foo.c,1192_1556/strlcpy_656-213694_661-213761.foo.c
1192_1556/strlcpy_661-213761_670-213902.foo.c,1192_1556/strlcpy_658-213738_679-214019.foo.c
1192_1556/strlcpy_661-213761_670-213902.foo.c,1192_1556/strlcpy_656-213694_679-214019.foo.c
1192_1556/strlcpy_661-213761_670-213902.foo.c,1192_1556/strlcpy_658-213738_670-213902.foo.c
1192_1556/strlcpy_661-213761_670-213902.foo.c,1192_1556/strlcpy_657-213713_661-213761.foo.c
1192_1556/strlcpy_661-213761_670-213902.foo.c,1192_1556/strlcpy_661-213761_679-214019.foo.c
1192_1556/strlcpy_661-213761_670-213902.foo.c,1192_1556/strlcpy_656-213694_670-213902.foo.c
1192_1556/strlcpy_661-213761_670-213902.foo.c,1192_1556/strlcpy_657-213713_670-213902.foo.c
1192_1556/strlcpy_661-213761_670-213902.foo.c,1192_1556/strlcpy_658-213738_661-213761.foo.c
1192_1556/strlcpy_661-213761_670-213902.foo.c,1192_1556/strlcpy_656-213694_661-213761.foo.c
1192_1556/strlcpy_658-213738_679-214019.foo.c,1192_1556/strlcpy_656-213694_679-214019.foo.c
1192_1556/strlcpy_658-213738_679-214019.foo.c,1192_1556/strlcpy_658-213738_670-213902.foo.c
1192_1556/strlcpy_658-213738_679-214019.foo.c,1192_1556/strlcpy_657-213713_661-213761.foo.c
1192_1556/strlcpy_658-213738_679-214019.foo.c,1192_1556/strlcpy_661-213761_679-214019.foo.c
1192_1556/strlcpy_658-213738_679-214019.foo.c,1192_1556/strlcpy_656-213694_670-213902.foo.c
1192_1556/strlcpy_658-213738_679-214019.foo.c,1192_1556/strlcpy_657-213713_670-213902.foo.c
1192_1556/strlcpy_658-213738_679-214019.foo.c,1192_1556/strlcpy_658-213738_661-213761.foo.c
1192_1556/strlcpy_658-213738_679-214019.foo.c,1192_1556/strlcpy_656-213694_661-213761.foo.c
1192_1556/strlcpy_656-213694_679-214019.foo.c,1192_1556/strlcpy_658-213738_670-213902.foo.c
1192_1556/strlcpy_656-213694_679-214019.foo.c,1192_1556/strlcpy_657-213713_661-213761.foo.c
1192_1556/strlcpy_656-213694_679-214019.foo.c,1192_1556/strlcpy_661-213761_679-214019.foo.c
1192_1556/strlcpy_656-213694_679-214019.foo.c,1192_1556/strlcpy_656-213694_670-213902.foo.c
1192_1556/strlcpy_656-213694_679-214019.foo.c,1192_1556/strlcpy_657-213713_670-213902.foo.c
1192_1556/strlcpy_656-213694_679-214019.foo.c,1192_1556/strlcpy_658-213738_661-213761.foo.c
1192_1556/strlcpy_656-213694_679-214019.foo.c,1192_1556/strlcpy_656-213694_661-213761.foo.c
1192_1556/strlcpy_658-213738_670-213902.foo.c,1192_1556/strlcpy_657-213713_661-213761.foo.c
1192_1556/strlcpy_658-213738_670-213902.foo.c,1192_1556/strlcpy_661-213761_679-214019.foo.c
1192_1556/strlcpy_658-213738_670-213902.foo.c,1192_1556/strlcpy_656-213694_670-213902.foo.c
1192_1556/strlcpy_658-213738_670-213902.foo.c,1192_1556/strlcpy_657-213713_670-213902.foo.c
1192_1556/strlcpy_658-213738_670-213902.foo.c,1192_1556/strlcpy_658-213738_661-213761.foo.c
1192_1556/strlcpy_658-213738_670-213902.foo.c,1192_1556/strlcpy_656-213694_661-213761.foo.c
1192_1556/strlcpy_657-213713_661-213761.foo.c,1192_1556/strlcpy_661-213761_679-214019.foo.c
1192_1556/strlcpy_657-213713_661-213761.foo.c,1192_1556/strlcpy_656-213694_670-213902.foo.c
1192_1556/strlcpy_657-213713_661-213761.foo.c,1192_1556/strlcpy_657-213713_670-213902.foo.c
1192_1556/strlcpy_657-213713_661-213761.foo.c,1192_1556/strlcpy_658-213738_661-213761.foo.c
1192_1556/strlcpy_657-213713_661-213761.foo.c,1192_1556/strlcpy_656-213694_661-213761.foo.c
1192_1556/strlcpy_661-213761_679-214019.foo.c,1192_1556/strlcpy_656-213694_670-213902.foo.c
1192_1556/strlcpy_661-213761_679-214019.foo.c,1192_1556/strlcpy_657-213713_670-213902.foo.c
1192_1556/strlcpy_661-213761_679-214019.foo.c,1192_1556/strlcpy_658-213738_661-213761.foo.c
1192_1556/strlcpy_661-213761_679-214019.foo.c,1192_1556/strlcpy_656-213694_661-213761.foo.c
1192_1556/strlcpy_656-213694_670-213902.foo.c,1192_1556/strlcpy_657-213713_670-213902.foo.c
1192_1556/strlcpy_656-213694_670-213902.foo.c,1192_1556/strlcpy_658-213738_661-213761.foo.c
1192_1556/strlcpy_656-213694_670-213902.foo.c,1192_1556/strlcpy_656-213694_661-213761.foo.c
1192_1556/strlcpy_657-213713_670-213902.foo.c,1192_1556/strlcpy_658-213738_661-213761.foo.c
1192_1556/strlcpy_657-213713_670-213902.foo.c,1192_1556/strlcpy_656-213694_661-213761.foo.c
1192_1556/strlcpy_658-213738_661-213761.foo.c,1192_1556/strlcpy_656-213694_661-213761.foo.c
896_1527_1528_1529_1530_1531_1532/init_options_151-229067_167-235100.foo.c,896_1527_1528_1529_1530_1531_1532/init_options_153-234604_170-235194.foo.c
896_1527_1528_1529_1530_1531_1532/init_options_151-229067_167-235100.foo.c,896_1527_1528_1529_1530_1531_1532/init_options_153-234604_169-235152.foo.c
896_1527_1528_1529_1530_1531_1532/init_options_151-229067_167-235100.foo.c,896_1527_1528_1529_1530_1531_1532/init_options_152-229099_167-235100.foo.c
896_1527_1528_1529_1530_1531_1532/init_options_151-229067_167-235100.foo.c,896_1527_1528_1529_1530_1531_1532/init_options_148-228997_167-235100.foo.c
896_1527_1528_1529_1530_1531_1532/init_options_151-229067_167-235100.foo.c,896_1527_1528_1529_1530_1531_1532/init_options_153-234604_168-235126.foo.c
896_1527_1528_1529_1530_1531_1532/init_options_153-234604_170-235194.foo.c,896_1527_1528_1529_1530_1531_1532/init_options_153-234604_169-235152.foo.c
896_1527_1528_1529_1530_1531_1532/init_options_153-234604_170-235194.foo.c,896_1527_1528_1529_1530_1531_1532/init_options_152-229099_167-235100.foo.c
896_1527_1528_1529_1530_1531_1532/init_options_153-234604_170-235194.foo.c,896_1527_1528_1529_1530_1531_1532/init_options_148-228997_167-235100.foo.c
896_1527_1528_1529_1530_1531_1532/init_options_153-234604_170-235194.foo.c,896_1527_1528_1529_1530_1531_1532/init_options_153-234604_168-235126.foo.c
896_1527_1528_1529_1530_1531_1532/init_options_153-234604_169-235152.foo.c,896_1527_1528_1529_1530_1531_1532/init_options_152-229099_167-235100.foo.c
896_1527_1528_1529_1530_1531_1532/init_options_153-234604_169-235152.foo.c,896_1527_1528_1529_1530_1531_1532/init_options_148-228997_167-235100.foo.c
896_1527_1528_1529_1530_1531_1532/init_options_153-234604_169-235152.foo.c,896_1527_1528_1529_1530_1531_1532/init_options_153-234604_168-235126.foo.c
896_1527_1528_1529_1530_1531_1532/init_options_152-229099_167-235100.foo.c,896_1527_1528_1529_1530_1531_1532/init_options_148-228997_167-235100.foo.c
896_1527_1528_1529_1530_1531_1532/init_options_152-229099_167-235100.foo.c,896_1527_1528_1529_1530_1531_1532/init_options_153-234604_168-235126.foo.c
896_1527_1528_1529_1530_1531_1532/init_options_148-228997_167-235100.foo.c,896_1527_1528_1529_1530_1531_1532/init_options_153-234604_168-235126.foo.c
1233_1564_1565/main_186-235237_193-235477.foo.c,1233_1564_1565/main_184-234992_188-235428.foo.c
1233_1564_1565/main_186-235237_193-235477.foo.c,1233_1564_1565/main_186-235237_188-235428.foo.c
1233_1564_1565/main_184-234992_188-235428.foo.c,1233_1564_1565/main_186-235237_188-235428.foo.c
731_1503_1513/decompress_zlib_57-236781_57-236781.foo.c,731_1503_1513/decompress_zlib_58-236798_57-236781.foo.c
731_1503_1513/decompress_zlib_57-236781_57-236781.foo.c,731_1503_1513/decompress_zlib_56-236768_90-238852.foo.c
731_1503_1513/decompress_zlib_57-236781_57-236781.foo.c,731_1503_1513/decompress_zlib_57-236781_56-236768.foo.c
731_1503_1513/decompress_zlib_57-236781_57-236781.foo.c,731_1503_1513/decompress_zlib_56-236768_93-238915.foo.c
731_1503_1513/decompress_zlib_57-236781_57-236781.foo.c,731_1503_1513/decompress_zlib_58-236798_74-237735.foo.c
731_1503_1513/decompress_zlib_57-236781_57-236781.foo.c,731_1503_1513/decompress_zlib_56-236768_56-236768.foo.c
731_1503_1513/decompress_zlib_58-236798_57-236781.foo.c,731_1503_1513/decompress_zlib_56-236768_90-238852.foo.c
731_1503_1513/decompress_zlib_58-236798_57-236781.foo.c,731_1503_1513/decompress_zlib_57-236781_56-236768.foo.c
731_1503_1513/decompress_zlib_58-236798_57-236781.foo.c,731_1503_1513/decompress_zlib_56-236768_93-238915.foo.c
731_1503_1513/decompress_zlib_58-236798_57-236781.foo.c,731_1503_1513/decompress_zlib_58-236798_74-237735.foo.c
731_1503_1513/decompress_zlib_58-236798_57-236781.foo.c,731_1503_1513/decompress_zlib_56-236768_56-236768.foo.c
731_1503_1513/decompress_zlib_56-236768_90-238852.foo.c,731_1503_1513/decompress_zlib_57-236781_56-236768.foo.c
731_1503_1513/decompress_zlib_56-236768_90-238852.foo.c,731_1503_1513/decompress_zlib_56-236768_93-238915.foo.c
731_1503_1513/decompress_zlib_56-236768_90-238852.foo.c,731_1503_1513/decompress_zlib_58-236798_74-237735.foo.c
731_1503_1513/decompress_zlib_56-236768_90-238852.foo.c,731_1503_1513/decompress_zlib_56-236768_56-236768.foo.c
731_1503_1513/decompress_zlib_57-236781_56-236768.foo.c,731_1503_1513/decompress_zlib_56-236768_93-238915.foo.c
731_1503_1513/decompress_zlib_57-236781_56-236768.foo.c,731_1503_1513/decompress_zlib_58-236798_74-237735.foo.c
731_1503_1513/decompress_zlib_57-236781_56-236768.foo.c,731_1503_1513/decompress_zlib_56-236768_56-236768.foo.c
731_1503_1513/decompress_zlib_56-236768_93-238915.foo.c,731_1503_1513/decompress_zlib_58-236798_74-237735.foo.c
731_1503_1513/decompress_zlib_56-236768_93-238915.foo.c,731_1503_1513/decompress_zlib_56-236768_56-236768.foo.c
731_1503_1513/decompress_zlib_58-236798_74-237735.foo.c,731_1503_1513/decompress_zlib_56-236768_56-236768.foo.c
412_1431_1432_1434_1436_1437/ag_scandir_28-164375_47-164921.foo.c,412_1431_1432_1434_1436_1437/ag_scandir_28-164375_56-165124.foo.c
412_1431_1432_1434_1436_1437/ag_scandir_28-164375_47-164921.foo.c,412_1431_1432_1434_1436_1437/ag_scandir_31-164460_56-165124.foo.c
412_1431_1432_1434_1436_1437/ag_scandir_28-164375_56-165124.foo.c,412_1431_1432_1434_1436_1437/ag_scandir_31-164460_56-165124.foo.c
731_1502_1506_1515_1521_1522_1523/decompress_zlib_52-236638_56-236768.foo.c,731_1502_1506_1515_1521_1522_1523/decompress_zlib_54-236674_90-238852.foo.c
565_1469_1473/is_binary_360-195439_376-195964.foo.c,565_1469_1473/is_binary_355-195288_355-195288.foo.c
565_1469_1473/is_binary_360-195439_376-195964.foo.c,565_1469_1473/is_prefix_91-172887_91-172887.foo.c
565_1469_1473/is_binary_360-195439_376-195964.foo.c,565_1469_1473/is_binary_358-195350_358-195350.foo.c
565_1469_1473/is_binary_355-195288_355-195288.foo.c,565_1469_1473/is_prefix_91-172887_91-172887.foo.c
565_1469_1473/is_binary_355-195288_355-195288.foo.c,565_1469_1473/is_binary_358-195350_358-195350.foo.c
565_1469_1473/is_prefix_91-172887_91-172887.foo.c,565_1469_1473/is_binary_358-195350_358-195350.foo.c
565_1470_1475_1477_1478/print_file_matches_252-231898_303-234383.foo.c,565_1470_1475_1477_1478/print_file_matches_249-231739_303-234383.foo.c
565_1470_1475_1477_1478/print_file_matches_252-231898_303-234383.foo.c,565_1470_1475_1477_1478/print_file_matches_245-231552_303-234383.foo.c
565_1470_1475_1477_1478/print_file_matches_249-231739_303-234383.foo.c,565_1470_1475_1477_1478/print_file_matches_245-231552_303-234383.foo.c
1002_1543_1545/check_symloop_enter_493-242129_493-243756.foo.c,1002_1543_1545/check_symloop_enter_493-242153_493-243756.foo.c
1002_1543_1545/check_symloop_enter_493-242129_493-243756.foo.c,1002_1543_1545/check_symloop_enter_493-242181_493-243756.foo.c
1002_1543_1545/check_symloop_enter_493-242129_493-243756.foo.c,1002_1543_1545/check_symloop_leave_515-252554_515-254129.foo.c
1002_1543_1545/check_symloop_enter_493-242129_493-243756.foo.c,1002_1543_1545/check_symloop_leave_515-252450_515-254129.foo.c
1002_1543_1545/check_symloop_enter_493-242129_493-243756.foo.c,1002_1543_1545/check_symloop_enter_493-242077_493-243756.foo.c
1002_1543_1545/check_symloop_enter_493-242129_493-243756.foo.c,1002_1543_1545/check_symloop_leave_515-252526_515-254129.foo.c
1002_1543_1545/check_symloop_enter_493-242129_493-243756.foo.c,1002_1543_1545/check_symloop_leave_515-252502_515-254129.foo.c
1002_1543_1545/check_symloop_enter_493-242153_493-243756.foo.c,1002_1543_1545/check_symloop_enter_493-242181_493-243756.foo.c
1002_1543_1545/check_symloop_enter_493-242153_493-243756.foo.c,1002_1543_1545/check_symloop_leave_515-252554_515-254129.foo.c
1002_1543_1545/check_symloop_enter_493-242153_493-243756.foo.c,1002_1543_1545/check_symloop_leave_515-252450_515-254129.foo.c
1002_1543_1545/check_symloop_enter_493-242153_493-243756.foo.c,1002_1543_1545/check_symloop_enter_493-242077_493-243756.foo.c
1002_1543_1545/check_symloop_enter_493-242153_493-243756.foo.c,1002_1543_1545/check_symloop_leave_515-252526_515-254129.foo.c
1002_1543_1545/check_symloop_enter_493-242153_493-243756.foo.c,1002_1543_1545/check_symloop_leave_515-252502_515-254129.foo.c
1002_1543_1545/check_symloop_enter_493-242181_493-243756.foo.c,1002_1543_1545/check_symloop_leave_515-252554_515-254129.foo.c
1002_1543_1545/check_symloop_enter_493-242181_493-243756.foo.c,1002_1543_1545/check_symloop_leave_515-252450_515-254129.foo.c
1002_1543_1545/check_symloop_enter_493-242181_493-243756.foo.c,1002_1543_1545/check_symloop_enter_493-242077_493-243756.foo.c
1002_1543_1545/check_symloop_enter_493-242181_493-243756.foo.c,1002_1543_1545/check_symloop_leave_515-252526_515-254129.foo.c
1002_1543_1545/check_symloop_enter_493-242181_493-243756.foo.c,1002_1543_1545/check_symloop_leave_515-252502_515-254129.foo.c
1002_1543_1545/check_symloop_leave_515-252554_515-254129.foo.c,1002_1543_1545/check_symloop_leave_515-252450_515-254129.foo.c
1002_1543_1545/check_symloop_leave_515-252554_515-254129.foo.c,1002_1543_1545/check_symloop_enter_493-242077_493-243756.foo.c
1002_1543_1545/check_symloop_leave_515-252554_515-254129.foo.c,1002_1543_1545/check_symloop_leave_515-252526_515-254129.foo.c
1002_1543_1545/check_symloop_leave_515-252554_515-254129.foo.c,1002_1543_1545/check_symloop_leave_515-252502_515-254129.foo.c
1002_1543_1545/check_symloop_leave_515-252450_515-254129.foo.c,1002_1543_1545/check_symloop_enter_493-242077_493-243756.foo.c
1002_1543_1545/check_symloop_leave_515-252450_515-254129.foo.c,1002_1543_1545/check_symloop_leave_515-252526_515-254129.foo.c
1002_1543_1545/check_symloop_leave_515-252450_515-254129.foo.c,1002_1543_1545/check_symloop_leave_515-252502_515-254129.foo.c
1002_1543_1545/check_symloop_enter_493-242077_493-243756.foo.c,1002_1543_1545/check_symloop_leave_515-252526_515-254129.foo.c
1002_1543_1545/check_symloop_enter_493-242077_493-243756.foo.c,1002_1543_1545/check_symloop_leave_515-252502_515-254129.foo.c
1002_1543_1545/check_symloop_leave_515-252526_515-254129.foo.c,1002_1543_1545/check_symloop_leave_515-252502_515-254129.foo.c
145_1380_1381_1382/main_107-230227_146-232959.foo.c,145_1380_1381_1382/main_111-230477_146-232959.foo.c
145_1380_1381_1382/main_107-230227_146-232959.foo.c,145_1380_1381_1382/main_104-229951_146-232959.foo.c
145_1380_1381_1382/main_107-230227_146-232959.foo.c,145_1380_1381_1382/main_101-229717_146-232959.foo.c
145_1380_1381_1382/main_107-230227_146-232959.foo.c,145_1380_1381_1382/main_115-230605_146-232959.foo.c
145_1380_1381_1382/main_107-230227_146-232959.foo.c,145_1380_1381_1382/main_98-229483_146-232959.foo.c
145_1380_1381_1382/main_111-230477_146-232959.foo.c,145_1380_1381_1382/main_104-229951_146-232959.foo.c
145_1380_1381_1382/main_111-230477_146-232959.foo.c,145_1380_1381_1382/main_101-229717_146-232959.foo.c
145_1380_1381_1382/main_111-230477_146-232959.foo.c,145_1380_1381_1382/main_115-230605_146-232959.foo.c
145_1380_1381_1382/main_111-230477_146-232959.foo.c,145_1380_1381_1382/main_98-229483_146-232959.foo.c
145_1380_1381_1382/main_104-229951_146-232959.foo.c,145_1380_1381_1382/main_101-229717_146-232959.foo.c
145_1380_1381_1382/main_104-229951_146-232959.foo.c,145_1380_1381_1382/main_115-230605_146-232959.foo.c
145_1380_1381_1382/main_104-229951_146-232959.foo.c,145_1380_1381_1382/main_98-229483_146-232959.foo.c
145_1380_1381_1382/main_101-229717_146-232959.foo.c,145_1380_1381_1382/main_115-230605_146-232959.foo.c
145_1380_1381_1382/main_101-229717_146-232959.foo.c,145_1380_1381_1382/main_98-229483_146-232959.foo.c
145_1380_1381_1382/main_115-230605_146-232959.foo.c,145_1380_1381_1382/main_98-229483_146-232959.foo.c
884_1524_1525_1526_1527/ag_scandir_11-163457_61-165202.foo.c,884_1524_1525_1526_1527/ag_scandir_11-163457_65-165256.foo.c
884_1524_1525_1526_1527/ag_scandir_11-163457_61-165202.foo.c,884_1524_1525_1526_1527/ag_scandir_12-163574_27-164186.foo.c
884_1524_1525_1526_1527/ag_scandir_11-163457_61-165202.foo.c,884_1524_1525_1526_1527/ag_scandir_12-163574_65-165256.foo.c
884_1524_1525_1526_1527/ag_scandir_11-163457_61-165202.foo.c,884_1524_1525_1526_1527/ag_scandir_11-163457_27-164186.foo.c
884_1524_1525_1526_1527/ag_scandir_11-163457_61-165202.foo.c,884_1524_1525_1526_1527/ag_scandir_12-163574_61-165202.foo.c
884_1524_1525_1526_1527/ag_scandir_11-163457_61-165202.foo.c,884_1524_1525_1526_1527/ag_scandir_11-163457_62-165225.foo.c
884_1524_1525_1526_1527/ag_scandir_11-163457_61-165202.foo.c,884_1524_1525_1526_1527/ag_scandir_12-163574_62-165225.foo.c
884_1524_1525_1526_1527/ag_scandir_11-163457_65-165256.foo.c,884_1524_1525_1526_1527/ag_scandir_12-163574_27-164186.foo.c
884_1524_1525_1526_1527/ag_scandir_11-163457_65-165256.foo.c,884_1524_1525_1526_1527/ag_scandir_12-163574_65-165256.foo.c
884_1524_1525_1526_1527/ag_scandir_11-163457_65-165256.foo.c,884_1524_1525_1526_1527/ag_scandir_11-163457_27-164186.foo.c
884_1524_1525_1526_1527/ag_scandir_11-163457_65-165256.foo.c,884_1524_1525_1526_1527/ag_scandir_12-163574_61-165202.foo.c
884_1524_1525_1526_1527/ag_scandir_11-163457_65-165256.foo.c,884_1524_1525_1526_1527/ag_scandir_11-163457_62-165225.foo.c
884_1524_1525_1526_1527/ag_scandir_11-163457_65-165256.foo.c,884_1524_1525_1526_1527/ag_scandir_12-163574_62-165225.foo.c
884_1524_1525_1526_1527/ag_scandir_12-163574_27-164186.foo.c,884_1524_1525_1526_1527/ag_scandir_12-163574_65-165256.foo.c
884_1524_1525_1526_1527/ag_scandir_12-163574_27-164186.foo.c,884_1524_1525_1526_1527/ag_scandir_11-163457_27-164186.foo.c
884_1524_1525_1526_1527/ag_scandir_12-163574_27-164186.foo.c,884_1524_1525_1526_1527/ag_scandir_12-163574_61-165202.foo.c
884_1524_1525_1526_1527/ag_scandir_12-163574_27-164186.foo.c,884_1524_1525_1526_1527/ag_scandir_11-163457_62-165225.foo.c
884_1524_1525_1526_1527/ag_scandir_12-163574_27-164186.foo.c,884_1524_1525_1526_1527/ag_scandir_12-163574_62-165225.foo.c
884_1524_1525_1526_1527/ag_scandir_12-163574_65-165256.foo.c,884_1524_1525_1526_1527/ag_scandir_11-163457_27-164186.foo.c
884_1524_1525_1526_1527/ag_scandir_12-163574_65-165256.foo.c,884_1524_1525_1526_1527/ag_scandir_12-163574_61-165202.foo.c
884_1524_1525_1526_1527/ag_scandir_12-163574_65-165256.foo.c,884_1524_1525_1526_1527/ag_scandir_11-163457_62-165225.foo.c
884_1524_1525_1526_1527/ag_scandir_12-163574_65-165256.foo.c,884_1524_1525_1526_1527/ag_scandir_12-163574_62-165225.foo.c
884_1524_1525_1526_1527/ag_scandir_11-163457_27-164186.foo.c,884_1524_1525_1526_1527/ag_scandir_12-163574_61-165202.foo.c
884_1524_1525_1526_1527/ag_scandir_11-163457_27-164186.foo.c,884_1524_1525_1526_1527/ag_scandir_11-163457_62-165225.foo.c
884_1524_1525_1526_1527/ag_scandir_11-163457_27-164186.foo.c,884_1524_1525_1526_1527/ag_scandir_12-163574_62-165225.foo.c
884_1524_1525_1526_1527/ag_scandir_12-163574_61-165202.foo.c,884_1524_1525_1526_1527/ag_scandir_11-163457_62-165225.foo.c
884_1524_1525_1526_1527/ag_scandir_12-163574_61-165202.foo.c,884_1524_1525_1526_1527/ag_scandir_12-163574_62-165225.foo.c
884_1524_1525_1526_1527/ag_scandir_11-163457_62-165225.foo.c,884_1524_1525_1526_1527/ag_scandir_12-163574_62-165225.foo.c
737_1508_1509_1510_1512_1513_1514/decompress_zlib_32-235386_93-238915.foo.c,737_1508_1509_1510_1512_1513_1514/decompress_zlib_31-235358_90-238852.foo.c
710_1494_1498_1500/check_symloop_enter_500-246690_500-248580.foo.c,710_1494_1498_1500/check_symloop_enter_500-246724_500-248580.foo.c
710_1494_1498_1500/check_symloop_enter_500-246690_500-248580.foo.c,710_1494_1498_1500/check_symloop_enter_500-246752_500-248580.foo.c
710_1494_1498_1500/check_symloop_enter_500-246690_500-248580.foo.c,710_1494_1498_1500/check_symloop_enter_500-246625_500-248580.foo.c
710_1494_1498_1500/check_symloop_enter_500-246690_500-248580.foo.c,710_1494_1498_1500/hash_strnstr_230-182875_231-182908.foo.c
710_1494_1498_1500/check_symloop_enter_500-246690_500-248580.foo.c,710_1494_1498_1500/hash_strnstr_230-182875_236-184211.foo.c
710_1494_1498_1500/check_symloop_enter_500-246724_500-248580.foo.c,710_1494_1498_1500/check_symloop_enter_500-246752_500-248580.foo.c
710_1494_1498_1500/check_symloop_enter_500-246724_500-248580.foo.c,710_1494_1498_1500/check_symloop_enter_500-246625_500-248580.foo.c
710_1494_1498_1500/check_symloop_enter_500-246724_500-248580.foo.c,710_1494_1498_1500/hash_strnstr_230-182875_231-182908.foo.c
710_1494_1498_1500/check_symloop_enter_500-246724_500-248580.foo.c,710_1494_1498_1500/hash_strnstr_230-182875_236-184211.foo.c
710_1494_1498_1500/check_symloop_enter_500-246752_500-248580.foo.c,710_1494_1498_1500/check_symloop_enter_500-246625_500-248580.foo.c
710_1494_1498_1500/check_symloop_enter_500-246625_500-248580.foo.c,710_1494_1498_1500/hash_strnstr_230-182875_231-182908.foo.c
710_1494_1498_1500/check_symloop_enter_500-246625_500-248580.foo.c,710_1494_1498_1500/hash_strnstr_230-182875_236-184211.foo.c
1330_1580_1581/check_symloop_enter_500-246724_500-248052.foo.c,1330_1580_1581/check_symloop_enter_500-246690_500-248052.foo.c
1330_1580_1581/check_symloop_enter_500-246724_500-248052.foo.c,1330_1580_1581/check_symloop_enter_500-246625_500-248052.foo.c
1330_1580_1581/check_symloop_enter_500-246724_500-248052.foo.c,1330_1580_1581/check_symloop_enter_493-242181_493-243213.foo.c
1330_1580_1581/check_symloop_enter_500-246724_500-248052.foo.c,1330_1580_1581/check_symloop_enter_500-246752_500-248052.foo.c
1330_1580_1581/check_symloop_enter_500-246690_500-248052.foo.c,1330_1580_1581/check_symloop_enter_500-246625_500-248052.foo.c
1330_1580_1581/check_symloop_enter_500-246690_500-248052.foo.c,1330_1580_1581/check_symloop_enter_493-242181_493-243213.foo.c
1330_1580_1581/check_symloop_enter_500-246690_500-248052.foo.c,1330_1580_1581/check_symloop_enter_500-246752_500-248052.foo.c
1330_1580_1581/check_symloop_enter_500-246625_500-248052.foo.c,1330_1580_1581/check_symloop_enter_500-246752_500-248052.foo.c
1330_1580_1581/check_symloop_enter_493-242181_493-243213.foo.c,1330_1580_1581/check_symloop_enter_500-246752_500-248052.foo.c
757_1510_1513_1514_1515/ag_scandir_14-163757_27-164186.foo.c,757_1510_1513_1514_1515/ag_scandir_12-163574_76-165549.foo.c
757_1510_1513_1514_1515/ag_scandir_14-163757_27-164186.foo.c,757_1510_1513_1514_1515/ag_scandir_14-163757_76-165549.foo.c
757_1510_1513_1514_1515/ag_scandir_14-163757_27-164186.foo.c,757_1510_1513_1514_1515/ag_scandir_12-163574_69-165303.foo.c
757_1510_1513_1514_1515/ag_scandir_14-163757_27-164186.foo.c,757_1510_1513_1514_1515/ag_scandir_14-163757_69-165303.foo.c
757_1510_1513_1514_1515/ag_scandir_14-163757_65-165256.foo.c,757_1510_1513_1514_1515/ag_scandir_12-163574_76-165549.foo.c
757_1510_1513_1514_1515/ag_scandir_14-163757_65-165256.foo.c,757_1510_1513_1514_1515/ag_scandir_14-163757_76-165549.foo.c
757_1510_1513_1514_1515/ag_scandir_14-163757_65-165256.foo.c,757_1510_1513_1514_1515/ag_scandir_12-163574_69-165303.foo.c
757_1510_1513_1514_1515/ag_scandir_14-163757_65-165256.foo.c,757_1510_1513_1514_1515/ag_scandir_14-163757_69-165303.foo.c
757_1510_1513_1514_1515/ag_scandir_14-163757_61-165202.foo.c,757_1510_1513_1514_1515/ag_scandir_12-163574_76-165549.foo.c
757_1510_1513_1514_1515/ag_scandir_14-163757_61-165202.foo.c,757_1510_1513_1514_1515/ag_scandir_14-163757_76-165549.foo.c
757_1510_1513_1514_1515/ag_scandir_14-163757_61-165202.foo.c,757_1510_1513_1514_1515/ag_scandir_12-163574_69-165303.foo.c
757_1510_1513_1514_1515/ag_scandir_14-163757_61-165202.foo.c,757_1510_1513_1514_1515/ag_scandir_14-163757_69-165303.foo.c
757_1510_1513_1514_1515/ag_scandir_11-163457_76-165549.foo.c,757_1510_1513_1514_1515/ag_scandir_12-163574_76-165549.foo.c
757_1510_1513_1514_1515/ag_scandir_11-163457_76-165549.foo.c,757_1510_1513_1514_1515/ag_scandir_14-163757_76-165549.foo.c
757_1510_1513_1514_1515/ag_scandir_11-163457_76-165549.foo.c,757_1510_1513_1514_1515/ag_scandir_12-163574_69-165303.foo.c
757_1510_1513_1514_1515/ag_scandir_11-163457_76-165549.foo.c,757_1510_1513_1514_1515/ag_scandir_14-163757_69-165303.foo.c
757_1510_1513_1514_1515/ag_scandir_12-163574_76-165549.foo.c,757_1510_1513_1514_1515/ag_scandir_14-163757_62-165225.foo.c
757_1510_1513_1514_1515/ag_scandir_12-163574_76-165549.foo.c,757_1510_1513_1514_1515/ag_scandir_14-163757_76-165549.foo.c
757_1510_1513_1514_1515/ag_scandir_12-163574_76-165549.foo.c,757_1510_1513_1514_1515/ag_scandir_12-163574_69-165303.foo.c
757_1510_1513_1514_1515/ag_scandir_12-163574_76-165549.foo.c,757_1510_1513_1514_1515/ag_scandir_14-163757_69-165303.foo.c
757_1510_1513_1514_1515/ag_scandir_12-163574_76-165549.foo.c,757_1510_1513_1514_1515/ag_scandir_11-163457_69-165303.foo.c
757_1510_1513_1514_1515/ag_scandir_14-163757_62-165225.foo.c,757_1510_1513_1514_1515/ag_scandir_14-163757_76-165549.foo.c
757_1510_1513_1514_1515/ag_scandir_14-163757_62-165225.foo.c,757_1510_1513_1514_1515/ag_scandir_12-163574_69-165303.foo.c
757_1510_1513_1514_1515/ag_scandir_14-163757_62-165225.foo.c,757_1510_1513_1514_1515/ag_scandir_14-163757_69-165303.foo.c
757_1510_1513_1514_1515/ag_scandir_14-163757_76-165549.foo.c,757_1510_1513_1514_1515/ag_scandir_12-163574_69-165303.foo.c
757_1510_1513_1514_1515/ag_scandir_14-163757_76-165549.foo.c,757_1510_1513_1514_1515/ag_scandir_14-163757_69-165303.foo.c
757_1510_1513_1514_1515/ag_scandir_14-163757_76-165549.foo.c,757_1510_1513_1514_1515/ag_scandir_11-163457_69-165303.foo.c
757_1510_1513_1514_1515/ag_scandir_12-163574_69-165303.foo.c,757_1510_1513_1514_1515/ag_scandir_14-163757_69-165303.foo.c
757_1510_1513_1514_1515/ag_scandir_12-163574_69-165303.foo.c,757_1510_1513_1514_1515/ag_scandir_11-163457_69-165303.foo.c
757_1510_1513_1514_1515/ag_scandir_14-163757_69-165303.foo.c,757_1510_1513_1514_1515/ag_scandir_11-163457_69-165303.foo.c
412_1431_1432_1433_1435/ag_scandir_27-164186_56-165124.foo.c,412_1431_1432_1433_1435/ag_scandir_27-164186_47-164921.foo.c
412_1431_1432_1433_1435/ag_scandir_27-164186_31-164460.foo.c,412_1431_1432_1433_1435/ag_scandir_27-164186_47-164921.foo.c
367_1420_1424_1425_1428_1430_1431/fgetln_559-212270_583-213289.foo.c,367_1420_1424_1425_1428_1430_1431/fgetln_559-212270_584-213306.foo.c
737_1508_1509_1510_1512_1513/decompress_zlib_32-235386_56-236768.foo.c,737_1508_1509_1510_1512_1513/decompress_zlib_30-235199_55-236704.foo.c
737_1508_1509_1510_1512_1513/decompress_zlib_32-235386_56-236768.foo.c,737_1508_1509_1510_1512_1513/decompress_zlib_30-235199_52-236638.foo.c
737_1508_1509_1510_1512_1513/decompress_zlib_32-235386_56-236768.foo.c,737_1508_1509_1510_1512_1513/decompress_zlib_32-235386_93-238915.foo.c
737_1508_1509_1510_1512_1513/decompress_zlib_32-235386_56-236768.foo.c,737_1508_1509_1510_1512_1513/decompress_zlib_31-235358_90-238852.foo.c
737_1508_1509_1510_1512_1513/decompress_zlib_32-235386_56-236768.foo.c,737_1508_1509_1510_1512_1513/decompress_zlib_32-235386_90-238852.foo.c
737_1508_1509_1510_1512_1513/decompress_zlib_32-235386_56-236768.foo.c,737_1508_1509_1510_1512_1513/decompress_zlib_31-235358_93-238915.foo.c
737_1508_1509_1510_1512_1513/decompress_zlib_32-235386_56-236768.foo.c,737_1508_1509_1510_1512_1513/decompress_zlib_30-235199_45-236030.foo.c
737_1508_1509_1510_1512_1513/decompress_zlib_32-235386_56-236768.foo.c,737_1508_1509_1510_1512_1513/decompress_zlib_30-235199_54-236674.foo.c
737_1508_1509_1510_1512_1513/decompress_zlib_32-235386_56-236768.foo.c,737_1508_1509_1510_1512_1513/decompress_zlib_31-235358_56-236768.foo.c
737_1508_1509_1510_1512_1513/decompress_zlib_32-235386_56-236768.foo.c,737_1508_1509_1510_1512_1513/decompress_zlib_30-235199_50-236606.foo.c
737_1508_1509_1510_1512_1513/decompress_zlib_30-235199_55-236704.foo.c,737_1508_1509_1510_1512_1513/decompress_zlib_32-235386_93-238915.foo.c
737_1508_1509_1510_1512_1513/decompress_zlib_30-235199_55-236704.foo.c,737_1508_1509_1510_1512_1513/decompress_zlib_32-235386_90-238852.foo.c
737_1508_1509_1510_1512_1513/decompress_zlib_30-235199_52-236638.foo.c,737_1508_1509_1510_1512_1513/decompress_zlib_32-235386_93-238915.foo.c
737_1508_1509_1510_1512_1513/decompress_zlib_30-235199_52-236638.foo.c,737_1508_1509_1510_1512_1513/decompress_zlib_32-235386_90-238852.foo.c
737_1508_1509_1510_1512_1513/decompress_zlib_32-235386_93-238915.foo.c,737_1508_1509_1510_1512_1513/decompress_zlib_31-235358_90-238852.foo.c
737_1508_1509_1510_1512_1513/decompress_zlib_32-235386_93-238915.foo.c,737_1508_1509_1510_1512_1513/decompress_zlib_32-235386_90-238852.foo.c
737_1508_1509_1510_1512_1513/decompress_zlib_32-235386_93-238915.foo.c,737_1508_1509_1510_1512_1513/decompress_zlib_31-235358_93-238915.foo.c
737_1508_1509_1510_1512_1513/decompress_zlib_32-235386_93-238915.foo.c,737_1508_1509_1510_1512_1513/decompress_zlib_30-235199_45-236030.foo.c
737_1508_1509_1510_1512_1513/decompress_zlib_32-235386_93-238915.foo.c,737_1508_1509_1510_1512_1513/decompress_zlib_30-235199_54-236674.foo.c
737_1508_1509_1510_1512_1513/decompress_zlib_32-235386_93-238915.foo.c,737_1508_1509_1510_1512_1513/decompress_zlib_31-235358_56-236768.foo.c
737_1508_1509_1510_1512_1513/decompress_zlib_32-235386_93-238915.foo.c,737_1508_1509_1510_1512_1513/decompress_zlib_30-235199_50-236606.foo.c
737_1508_1509_1510_1512_1513/decompress_zlib_31-235358_90-238852.foo.c,737_1508_1509_1510_1512_1513/decompress_zlib_32-235386_90-238852.foo.c
737_1508_1509_1510_1512_1513/decompress_zlib_32-235386_90-238852.foo.c,737_1508_1509_1510_1512_1513/decompress_zlib_31-235358_93-238915.foo.c
737_1508_1509_1510_1512_1513/decompress_zlib_32-235386_90-238852.foo.c,737_1508_1509_1510_1512_1513/decompress_zlib_30-235199_45-236030.foo.c
737_1508_1509_1510_1512_1513/decompress_zlib_32-235386_90-238852.foo.c,737_1508_1509_1510_1512_1513/decompress_zlib_30-235199_54-236674.foo.c
737_1508_1509_1510_1512_1513/decompress_zlib_32-235386_90-238852.foo.c,737_1508_1509_1510_1512_1513/decompress_zlib_31-235358_56-236768.foo.c
737_1508_1509_1510_1512_1513/decompress_zlib_32-235386_90-238852.foo.c,737_1508_1509_1510_1512_1513/decompress_zlib_30-235199_50-236606.foo.c
737_1508_1509_1510_1512_1513/decompress_zlib_30-235199_45-236030.foo.c,737_1508_1509_1510_1512_1513/decompress_zlib_30-235199_50-236606.foo.c
566_1475_1478/check_symloop_leave_515-252614_515-252965.foo.c,566_1475_1478/check_symloop_leave_515-252844_515-252965.foo.c
566_1475_1478/check_symloop_leave_515-252614_515-252965.foo.c,566_1475_1478/check_symloop_leave_515-252729_515-252965.foo.c
566_1475_1478/check_symloop_leave_515-252614_515-252965.foo.c,566_1475_1478/check_symloop_enter_493-242471_493-242592.foo.c
566_1475_1478/check_symloop_leave_515-252614_515-252965.foo.c,566_1475_1478/check_symloop_enter_493-242356_493-242592.foo.c
566_1475_1478/check_symloop_leave_515-252844_515-252965.foo.c,566_1475_1478/check_symloop_leave_515-252729_515-252965.foo.c
566_1475_1478/check_symloop_leave_515-252844_515-252965.foo.c,566_1475_1478/check_symloop_enter_493-242241_493-242592.foo.c
566_1475_1478/check_symloop_leave_515-252844_515-252965.foo.c,566_1475_1478/check_symloop_enter_493-242471_493-242592.foo.c
566_1475_1478/check_symloop_leave_515-252844_515-252965.foo.c,566_1475_1478/check_symloop_enter_493-242356_493-242592.foo.c
566_1475_1478/check_symloop_leave_515-252729_515-252965.foo.c,566_1475_1478/check_symloop_enter_493-242241_493-242592.foo.c
566_1475_1478/check_symloop_leave_515-252729_515-252965.foo.c,566_1475_1478/check_symloop_enter_493-242471_493-242592.foo.c
566_1475_1478/check_symloop_leave_515-252729_515-252965.foo.c,566_1475_1478/check_symloop_enter_493-242356_493-242592.foo.c
566_1475_1478/check_symloop_enter_493-242241_493-242592.foo.c,566_1475_1478/check_symloop_enter_493-242471_493-242592.foo.c
566_1475_1478/check_symloop_enter_493-242241_493-242592.foo.c,566_1475_1478/check_symloop_enter_493-242356_493-242592.foo.c
566_1475_1478/check_symloop_enter_493-242471_493-242592.foo.c,566_1475_1478/check_symloop_enter_493-242356_493-242592.foo.c
959_1540_1542_1543_1544/fgetln_560-212383_584-213306.foo.c,959_1540_1542_1543_1544/fgetln_560-212383_563-212433.foo.c
959_1540_1542_1543_1544/fgetln_560-212383_584-213306.foo.c,959_1540_1542_1543_1544/fgetln_560-212383_583-213289.foo.c
959_1540_1542_1543_1544/fgetln_560-212383_563-212433.foo.c,959_1540_1542_1543_1544/fgetln_560-212383_583-213289.foo.c
355_1417/search_buf_21-224514_54-225306.foo.c,355_1417/search_buf_22-224535_54-225306.foo.c
145_1380_1381/main_107-230227_146-232959.foo.c,145_1380_1381/main_98-229483_146-232959.foo.c
145_1380_1381/main_111-230477_146-232959.foo.c,145_1380_1381/main_98-229483_146-232959.foo.c
145_1380_1381/main_104-229951_146-232959.foo.c,145_1380_1381/main_98-229483_146-232959.foo.c
145_1380_1381/main_115-230605_146-232959.foo.c,145_1380_1381/main_98-229483_146-232959.foo.c
367/path_ignore_search_224-189691_277-198406.foo.c,367/is_binary_336-187700_349-194568.foo.c
367/path_ignore_search_224-189691_277-198406.foo.c,367/filename_filter_336-207044_382-214196.foo.c
367/filename_filter_336-207044_339-212482.foo.c,367/is_binary_336-187700_349-194568.foo.c
367/filename_filter_336-207044_339-212482.foo.c,367/filename_filter_336-207044_382-214196.foo.c
367/path_ignore_search_224-189691_268-198009.foo.c,367/is_binary_336-187700_349-194568.foo.c
367/path_ignore_search_224-189691_268-198009.foo.c,367/filename_filter_336-207044_382-214196.foo.c
367/fgetln_559-212270_583-213289.foo.c,367/is_binary_336-187700_349-194568.foo.c
367/is_binary_336-187700_349-194568.foo.c,367/fgetln_559-212270_563-212433.foo.c
367/is_binary_336-187700_349-194568.foo.c,367/filename_filter_336-207044_382-214196.foo.c
367/is_binary_336-187700_349-194568.foo.c,367/fgetln_559-212270_584-213306.foo.c
367/is_binary_336-187700_349-194568.foo.c,367/add_ignore_pattern_104-177886_161-181675.foo.c
367/is_binary_336-187700_349-194568.foo.c,367/search_buf_51-225276_54-225306.foo.c
367/is_binary_336-187700_349-194568.foo.c,367/filename_filter_336-207044_349-213122.foo.c
367/is_binary_336-187700_349-194568.foo.c,367/add_ignore_pattern_104-177886_167-187342.foo.c
367/is_binary_336-187700_349-194568.foo.c,367/is_binary_335-187644_349-194568.foo.c
367/filename_filter_336-207044_382-214196.foo.c,367/search_buf_51-225276_54-225306.foo.c
367/filename_filter_336-207044_382-214196.foo.c,367/is_binary_335-187644_349-194568.foo.c
580_1477_1479_1480_1481_1482_1483_1484/search_file_267-233496_322-236575.foo.c,580_1477_1479_1480_1481_1482_1483_1484/search_file_266-233480_322-236575.foo.c
1318_1569_1570_1571_1572_1573_1574_1575/print_file_matches_149-227063_167-227542.foo.c,1318_1569_1570_1571_1572_1573_1574_1575/print_file_matches_150-227089_167-227542.foo.c
1318_1569_1570_1571_1572_1573_1574_1575/print_file_matches_149-227063_167-227542.foo.c,1318_1569_1570_1571_1572_1573_1574_1575/print_file_matches_151-227121_167-227542.foo.c
1318_1569_1570_1571_1572_1573_1574_1575/print_file_matches_149-227063_167-227542.foo.c,1318_1569_1570_1571_1572_1573_1574_1575/print_file_matches_150-227089_155-227235.foo.c
1318_1569_1570_1571_1572_1573_1574_1575/print_file_matches_149-227063_167-227542.foo.c,1318_1569_1570_1571_1572_1573_1574_1575/print_file_matches_151-227121_155-227235.foo.c
1318_1569_1570_1571_1572_1573_1574_1575/print_file_matches_149-227063_167-227542.foo.c,1318_1569_1570_1571_1572_1573_1574_1575/print_file_matches_149-227063_155-227235.foo.c
1318_1569_1570_1571_1572_1573_1574_1575/print_file_matches_150-227089_167-227542.foo.c,1318_1569_1570_1571_1572_1573_1574_1575/print_file_matches_151-227121_167-227542.foo.c
1318_1569_1570_1571_1572_1573_1574_1575/print_file_matches_150-227089_167-227542.foo.c,1318_1569_1570_1571_1572_1573_1574_1575/print_file_matches_150-227089_155-227235.foo.c
1318_1569_1570_1571_1572_1573_1574_1575/print_file_matches_150-227089_167-227542.foo.c,1318_1569_1570_1571_1572_1573_1574_1575/print_file_matches_151-227121_155-227235.foo.c
1318_1569_1570_1571_1572_1573_1574_1575/print_file_matches_150-227089_167-227542.foo.c,1318_1569_1570_1571_1572_1573_1574_1575/print_file_matches_149-227063_155-227235.foo.c
1318_1569_1570_1571_1572_1573_1574_1575/print_file_matches_151-227121_167-227542.foo.c,1318_1569_1570_1571_1572_1573_1574_1575/print_file_matches_150-227089_155-227235.foo.c
1318_1569_1570_1571_1572_1573_1574_1575/print_file_matches_151-227121_167-227542.foo.c,1318_1569_1570_1571_1572_1573_1574_1575/print_file_matches_151-227121_155-227235.foo.c
1318_1569_1570_1571_1572_1573_1574_1575/print_file_matches_151-227121_167-227542.foo.c,1318_1569_1570_1571_1572_1573_1574_1575/print_file_matches_149-227063_155-227235.foo.c
1318_1569_1570_1571_1572_1573_1574_1575/print_file_matches_150-227089_155-227235.foo.c,1318_1569_1570_1571_1572_1573_1574_1575/print_file_matches_151-227121_155-227235.foo.c
1318_1569_1570_1571_1572_1573_1574_1575/print_file_matches_150-227089_155-227235.foo.c,1318_1569_1570_1571_1572_1573_1574_1575/print_file_matches_149-227063_155-227235.foo.c
1318_1569_1570_1571_1572_1573_1574_1575/print_file_matches_151-227121_155-227235.foo.c,1318_1569_1570_1571_1572_1573_1574_1575/print_file_matches_149-227063_155-227235.foo.c
1355_1582_1583_1584/init_options_156-234936_171-235224.foo.c,1355_1582_1583_1584/init_options_157-234965_171-235224.foo.c
802_1517/search_file_267-233496_295-235182.foo.c,802_1517/search_file_266-233480_295-235182.foo.c
731_1502_1506_1515_1521_1522_1523_1524/decompress_zlib_52-236638_56-236768.foo.c,731_1502_1506_1515_1521_1522_1523_1524/decompress_zlib_54-236674_90-238852.foo.c
910_1539_1540/path_ignore_search_268-198009_286-198769.foo.c,910_1539_1540/path_ignore_search_268-198009_288-198823.foo.c
792_1516_1517_1518/check_symloop_enter_477-241341_493-241907.foo.c,792_1516_1517_1518/search_file_268-233524_307-235513.foo.c
792_1516_1517_1518/check_symloop_enter_477-241341_493-241907.foo.c,792_1516_1517_1518/check_symloop_enter_477-241341_494-245172.foo.c
792_1516_1517_1518/check_symloop_enter_477-241341_493-241907.foo.c,792_1516_1517_1518/check_symloop_enter_478-241491_493-241907.foo.c
792_1516_1517_1518/check_symloop_enter_477-241341_493-241907.foo.c,792_1516_1517_1518/search_file_268-233524_296-235212.foo.c
792_1516_1517_1518/check_symloop_enter_477-241341_493-241907.foo.c,792_1516_1517_1518/search_file_268-233524_288-234810.foo.c
792_1516_1517_1518/check_symloop_enter_477-241341_493-241907.foo.c,792_1516_1517_1518/search_file_268-233524_301-235332.foo.c
792_1516_1517_1518/check_symloop_enter_477-241341_493-241907.foo.c,792_1516_1517_1518/check_symloop_leave_509-252053_521-255649.foo.c
792_1516_1517_1518/check_symloop_enter_477-241341_493-241907.foo.c,792_1516_1517_1518/check_symloop_leave_509-252053_523-257178.foo.c
792_1516_1517_1518/check_symloop_enter_477-241341_493-241907.foo.c,792_1516_1517_1518/check_symloop_enter_477-241341_498-245221.foo.c
792_1516_1517_1518/search_file_268-233524_307-235513.foo.c,792_1516_1517_1518/check_symloop_enter_477-241341_494-245172.foo.c
792_1516_1517_1518/search_file_268-233524_307-235513.foo.c,792_1516_1517_1518/check_symloop_enter_478-241491_493-241907.foo.c
792_1516_1517_1518/search_file_268-233524_307-235513.foo.c,792_1516_1517_1518/search_file_268-233524_296-235212.foo.c
792_1516_1517_1518/search_file_268-233524_307-235513.foo.c,792_1516_1517_1518/search_file_268-233524_288-234810.foo.c
792_1516_1517_1518/search_file_268-233524_307-235513.foo.c,792_1516_1517_1518/search_file_268-233524_301-235332.foo.c
792_1516_1517_1518/search_file_268-233524_307-235513.foo.c,792_1516_1517_1518/check_symloop_leave_509-252053_521-255649.foo.c
792_1516_1517_1518/search_file_268-233524_307-235513.foo.c,792_1516_1517_1518/check_symloop_leave_509-252053_523-257178.foo.c
792_1516_1517_1518/search_file_268-233524_307-235513.foo.c,792_1516_1517_1518/check_symloop_enter_477-241341_498-245221.foo.c
792_1516_1517_1518/check_symloop_enter_477-241341_494-245172.foo.c,792_1516_1517_1518/check_symloop_enter_478-241491_493-241907.foo.c
792_1516_1517_1518/check_symloop_enter_477-241341_494-245172.foo.c,792_1516_1517_1518/search_file_268-233524_296-235212.foo.c
792_1516_1517_1518/check_symloop_enter_477-241341_494-245172.foo.c,792_1516_1517_1518/search_file_268-233524_288-234810.foo.c
792_1516_1517_1518/check_symloop_enter_477-241341_494-245172.foo.c,792_1516_1517_1518/search_file_268-233524_301-235332.foo.c
792_1516_1517_1518/check_symloop_enter_477-241341_494-245172.foo.c,792_1516_1517_1518/check_symloop_leave_509-252053_521-255649.foo.c
792_1516_1517_1518/check_symloop_enter_477-241341_494-245172.foo.c,792_1516_1517_1518/check_symloop_leave_509-252053_523-257178.foo.c
792_1516_1517_1518/check_symloop_enter_477-241341_494-245172.foo.c,792_1516_1517_1518/check_symloop_enter_477-241341_498-245221.foo.c
792_1516_1517_1518/check_symloop_enter_478-241491_493-241907.foo.c,792_1516_1517_1518/search_file_268-233524_296-235212.foo.c
792_1516_1517_1518/check_symloop_enter_478-241491_493-241907.foo.c,792_1516_1517_1518/search_file_268-233524_288-234810.foo.c
792_1516_1517_1518/check_symloop_enter_478-241491_493-241907.foo.c,792_1516_1517_1518/search_file_268-233524_301-235332.foo.c
792_1516_1517_1518/check_symloop_enter_478-241491_493-241907.foo.c,792_1516_1517_1518/check_symloop_leave_509-252053_521-255649.foo.c
792_1516_1517_1518/check_symloop_enter_478-241491_493-241907.foo.c,792_1516_1517_1518/check_symloop_leave_509-252053_523-257178.foo.c
792_1516_1517_1518/check_symloop_enter_478-241491_493-241907.foo.c,792_1516_1517_1518/check_symloop_enter_477-241341_498-245221.foo.c
792_1516_1517_1518/search_file_268-233524_296-235212.foo.c,792_1516_1517_1518/search_file_268-233524_288-234810.foo.c
792_1516_1517_1518/search_file_268-233524_296-235212.foo.c,792_1516_1517_1518/search_file_268-233524_301-235332.foo.c
792_1516_1517_1518/search_file_268-233524_296-235212.foo.c,792_1516_1517_1518/check_symloop_leave_509-252053_521-255649.foo.c
792_1516_1517_1518/search_file_268-233524_296-235212.foo.c,792_1516_1517_1518/check_symloop_leave_509-252053_523-257178.foo.c
792_1516_1517_1518/search_file_268-233524_296-235212.foo.c,792_1516_1517_1518/check_symloop_enter_477-241341_498-245221.foo.c
792_1516_1517_1518/search_file_268-233524_288-234810.foo.c,792_1516_1517_1518/search_file_268-233524_301-235332.foo.c
792_1516_1517_1518/search_file_268-233524_288-234810.foo.c,792_1516_1517_1518/check_symloop_leave_509-252053_521-255649.foo.c
792_1516_1517_1518/search_file_268-233524_288-234810.foo.c,792_1516_1517_1518/check_symloop_leave_509-252053_523-257178.foo.c
792_1516_1517_1518/search_file_268-233524_288-234810.foo.c,792_1516_1517_1518/check_symloop_enter_477-241341_498-245221.foo.c
792_1516_1517_1518/search_file_268-233524_301-235332.foo.c,792_1516_1517_1518/check_symloop_leave_509-252053_521-255649.foo.c
792_1516_1517_1518/search_file_268-233524_301-235332.foo.c,792_1516_1517_1518/check_symloop_leave_509-252053_523-257178.foo.c
792_1516_1517_1518/search_file_268-233524_301-235332.foo.c,792_1516_1517_1518/check_symloop_enter_477-241341_498-245221.foo.c
792_1516_1517_1518/check_symloop_leave_509-252053_521-255649.foo.c,792_1516_1517_1518/check_symloop_leave_509-252053_523-257178.foo.c
792_1516_1517_1518/check_symloop_leave_509-252053_521-255649.foo.c,792_1516_1517_1518/check_symloop_enter_477-241341_498-245221.foo.c
792_1516_1517_1518/check_symloop_leave_509-252053_523-257178.foo.c,792_1516_1517_1518/check_symloop_enter_477-241341_498-245221.foo.c
580_1477_1479_1480/search_file_267-233496_322-236575.foo.c,580_1477_1479_1480/search_file_266-233480_322-236575.foo.c
884_1524/ag_scandir_11-163457_61-165202.foo.c,884_1524/ag_scandir_11-163457_65-165256.foo.c
884_1524/ag_scandir_11-163457_61-165202.foo.c,884_1524/ag_scandir_12-163574_27-164186.foo.c
884_1524/ag_scandir_11-163457_61-165202.foo.c,884_1524/ag_scandir_12-163574_65-165256.foo.c
884_1524/ag_scandir_11-163457_61-165202.foo.c,884_1524/ag_scandir_11-163457_27-164186.foo.c
884_1524/ag_scandir_11-163457_61-165202.foo.c,884_1524/ag_scandir_12-163574_61-165202.foo.c
884_1524/ag_scandir_11-163457_61-165202.foo.c,884_1524/ag_scandir_11-163457_62-165225.foo.c
884_1524/ag_scandir_11-163457_61-165202.foo.c,884_1524/ag_scandir_12-163574_62-165225.foo.c
884_1524/ag_scandir_11-163457_65-165256.foo.c,884_1524/ag_scandir_12-163574_27-164186.foo.c
884_1524/ag_scandir_11-163457_65-165256.foo.c,884_1524/ag_scandir_12-163574_65-165256.foo.c
884_1524/ag_scandir_11-163457_65-165256.foo.c,884_1524/ag_scandir_11-163457_27-164186.foo.c
884_1524/ag_scandir_11-163457_65-165256.foo.c,884_1524/ag_scandir_12-163574_61-165202.foo.c
884_1524/ag_scandir_11-163457_65-165256.foo.c,884_1524/ag_scandir_11-163457_62-165225.foo.c
884_1524/ag_scandir_11-163457_65-165256.foo.c,884_1524/ag_scandir_12-163574_62-165225.foo.c
884_1524/ag_scandir_12-163574_27-164186.foo.c,884_1524/ag_scandir_12-163574_65-165256.foo.c
884_1524/ag_scandir_12-163574_27-164186.foo.c,884_1524/ag_scandir_11-163457_27-164186.foo.c
884_1524/ag_scandir_12-163574_27-164186.foo.c,884_1524/ag_scandir_12-163574_61-165202.foo.c
884_1524/ag_scandir_12-163574_27-164186.foo.c,884_1524/ag_scandir_11-163457_62-165225.foo.c
884_1524/ag_scandir_12-163574_27-164186.foo.c,884_1524/ag_scandir_12-163574_62-165225.foo.c
884_1524/ag_scandir_12-163574_65-165256.foo.c,884_1524/ag_scandir_11-163457_27-164186.foo.c
884_1524/ag_scandir_12-163574_65-165256.foo.c,884_1524/ag_scandir_12-163574_61-165202.foo.c
884_1524/ag_scandir_12-163574_65-165256.foo.c,884_1524/ag_scandir_11-163457_62-165225.foo.c
884_1524/ag_scandir_12-163574_65-165256.foo.c,884_1524/ag_scandir_12-163574_62-165225.foo.c
884_1524/ag_scandir_11-163457_27-164186.foo.c,884_1524/ag_scandir_12-163574_61-165202.foo.c
884_1524/ag_scandir_11-163457_27-164186.foo.c,884_1524/ag_scandir_11-163457_62-165225.foo.c
884_1524/ag_scandir_11-163457_27-164186.foo.c,884_1524/ag_scandir_12-163574_62-165225.foo.c
884_1524/ag_scandir_12-163574_61-165202.foo.c,884_1524/ag_scandir_11-163457_62-165225.foo.c
884_1524/ag_scandir_12-163574_61-165202.foo.c,884_1524/ag_scandir_12-163574_62-165225.foo.c
884_1524/ag_scandir_11-163457_62-165225.foo.c,884_1524/ag_scandir_12-163574_62-165225.foo.c
341_1416_1418_1419_1420_1421_1422/filename_filter_299-199059_336-207044.foo.c,341_1416_1418_1419_1420_1421_1422/add_ignore_pattern_115-178817_170-187513.foo.c
341_1416_1418_1419_1420_1421_1422/filename_filter_299-199059_336-207044.foo.c,341_1416_1418_1419_1420_1421_1422/add_ignore_pattern_109-178412_168-187394.foo.c
341_1416_1418_1419_1420_1421_1422/filename_filter_299-199059_336-207044.foo.c,341_1416_1418_1419_1420_1421_1422/add_ignore_pattern_109-178412_170-187513.foo.c
341_1416_1418_1419_1420_1421_1422/filename_filter_299-199059_336-207044.foo.c,341_1416_1418_1419_1420_1421_1422/filename_filter_294-198961_336-207044.foo.c
341_1416_1418_1419_1420_1421_1422/filename_filter_299-199059_336-207044.foo.c,341_1416_1418_1419_1420_1421_1422/add_ignore_pattern_115-178817_168-187394.foo.c
341_1416_1418_1419_1420_1421_1422/add_ignore_pattern_115-178817_170-187513.foo.c,341_1416_1418_1419_1420_1421_1422/add_ignore_pattern_109-178412_168-187394.foo.c
341_1416_1418_1419_1420_1421_1422/add_ignore_pattern_115-178817_170-187513.foo.c,341_1416_1418_1419_1420_1421_1422/add_ignore_pattern_109-178412_170-187513.foo.c
341_1416_1418_1419_1420_1421_1422/add_ignore_pattern_115-178817_170-187513.foo.c,341_1416_1418_1419_1420_1421_1422/filename_filter_294-198961_336-207044.foo.c
341_1416_1418_1419_1420_1421_1422/add_ignore_pattern_115-178817_170-187513.foo.c,341_1416_1418_1419_1420_1421_1422/add_ignore_pattern_115-178817_168-187394.foo.c
341_1416_1418_1419_1420_1421_1422/add_ignore_pattern_109-178412_168-187394.foo.c,341_1416_1418_1419_1420_1421_1422/add_ignore_pattern_109-178412_170-187513.foo.c
341_1416_1418_1419_1420_1421_1422/add_ignore_pattern_109-178412_168-187394.foo.c,341_1416_1418_1419_1420_1421_1422/filename_filter_294-198961_336-207044.foo.c
341_1416_1418_1419_1420_1421_1422/add_ignore_pattern_109-178412_168-187394.foo.c,341_1416_1418_1419_1420_1421_1422/add_ignore_pattern_115-178817_168-187394.foo.c
341_1416_1418_1419_1420_1421_1422/add_ignore_pattern_109-178412_170-187513.foo.c,341_1416_1418_1419_1420_1421_1422/filename_filter_294-198961_336-207044.foo.c
341_1416_1418_1419_1420_1421_1422/add_ignore_pattern_109-178412_170-187513.foo.c,341_1416_1418_1419_1420_1421_1422/add_ignore_pattern_115-178817_168-187394.foo.c
341_1416_1418_1419_1420_1421_1422/filename_filter_294-198961_336-207044.foo.c,341_1416_1418_1419_1420_1421_1422/add_ignore_pattern_115-178817_168-187394.foo.c
580_1477_1479/search_file_267-233496_322-236575.foo.c,580_1477_1479/search_file_266-233480_322-236575.foo.c
905/init_options_151-229067_165-235056.foo.c,905/init_options_151-229067_166-235080.foo.c
905/init_options_151-229067_165-235056.foo.c,905/init_options_152-229099_165-235056.foo.c
905/init_options_151-229067_165-235056.foo.c,905/init_options_148-228997_165-235056.foo.c
905/init_options_151-229067_165-235056.foo.c,905/init_options_148-228997_166-235080.foo.c
905/init_options_151-229067_165-235056.foo.c,905/init_options_152-229099_166-235080.foo.c
905/init_options_151-229067_166-235080.foo.c,905/init_options_152-229099_165-235056.foo.c
905/init_options_151-229067_166-235080.foo.c,905/init_options_148-228997_165-235056.foo.c
905/init_options_151-229067_166-235080.foo.c,905/init_options_148-228997_166-235080.foo.c
905/init_options_151-229067_166-235080.foo.c,905/init_options_152-229099_166-235080.foo.c
905/init_options_152-229099_165-235056.foo.c,905/init_options_148-228997_165-235056.foo.c
905/init_options_152-229099_165-235056.foo.c,905/init_options_148-228997_166-235080.foo.c
905/init_options_152-229099_165-235056.foo.c,905/init_options_152-229099_166-235080.foo.c
905/init_options_148-228997_165-235056.foo.c,905/init_options_148-228997_166-235080.foo.c
905/init_options_148-228997_165-235056.foo.c,905/init_options_152-229099_166-235080.foo.c
905/init_options_148-228997_166-235080.foo.c,905/init_options_152-229099_166-235080.foo.c
1155_1548_1549_1550/search_file_264-233338_287-234655.foo.c,1155_1548_1549_1550/search_file_263-233317_276-233800.foo.c
1155_1548_1549_1550/search_file_264-233338_287-234655.foo.c,1155_1548_1549_1550/search_file_263-233317_282-233981.foo.c
1155_1548_1549_1550/search_file_263-233317_276-233800.foo.c,1155_1548_1549_1550/search_file_263-233317_282-233981.foo.c
757/ag_scandir_14-163757_27-164186.foo.c,757/ag_scandir_14-163757_65-165256.foo.c
757/ag_scandir_14-163757_27-164186.foo.c,757/ag_scandir_14-163757_61-165202.foo.c
757/ag_scandir_14-163757_27-164186.foo.c,757/main_91-229293_104-229951.foo.c
757/ag_scandir_14-163757_27-164186.foo.c,757/search_file_361-237610_377-238298.foo.c
757/ag_scandir_14-163757_27-164186.foo.c,757/main_91-229293_107-230227.foo.c
757/ag_scandir_14-163757_27-164186.foo.c,757/ag_scandir_11-163457_76-165549.foo.c
757/ag_scandir_14-163757_27-164186.foo.c,757/ag_scandir_12-163574_76-165549.foo.c
757/ag_scandir_14-163757_27-164186.foo.c,757/ag_scandir_14-163757_62-165225.foo.c
757/ag_scandir_14-163757_27-164186.foo.c,757/ag_scandir_14-163757_76-165549.foo.c
757/ag_scandir_14-163757_27-164186.foo.c,757/ag_scandir_12-163574_69-165303.foo.c
757/ag_scandir_14-163757_27-164186.foo.c,757/ag_scandir_14-163757_69-165303.foo.c
757/ag_scandir_14-163757_27-164186.foo.c,757/ag_scandir_11-163457_69-165303.foo.c
757/ag_scandir_14-163757_65-165256.foo.c,757/ag_scandir_14-163757_61-165202.foo.c
757/ag_scandir_14-163757_65-165256.foo.c,757/main_91-229293_104-229951.foo.c
757/ag_scandir_14-163757_65-165256.foo.c,757/search_file_361-237610_377-238298.foo.c
757/ag_scandir_14-163757_65-165256.foo.c,757/main_91-229293_107-230227.foo.c
757/ag_scandir_14-163757_65-165256.foo.c,757/ag_scandir_11-163457_76-165549.foo.c
757/ag_scandir_14-163757_65-165256.foo.c,757/ag_scandir_12-163574_76-165549.foo.c
757/ag_scandir_14-163757_65-165256.foo.c,757/ag_scandir_14-163757_62-165225.foo.c
757/ag_scandir_14-163757_65-165256.foo.c,757/ag_scandir_14-163757_76-165549.foo.c
757/ag_scandir_14-163757_65-165256.foo.c,757/ag_scandir_12-163574_69-165303.foo.c
757/ag_scandir_14-163757_65-165256.foo.c,757/ag_scandir_14-163757_69-165303.foo.c
757/ag_scandir_14-163757_65-165256.foo.c,757/ag_scandir_11-163457_69-165303.foo.c
757/ag_scandir_14-163757_61-165202.foo.c,757/main_91-229293_104-229951.foo.c
757/ag_scandir_14-163757_61-165202.foo.c,757/search_file_361-237610_377-238298.foo.c
757/ag_scandir_14-163757_61-165202.foo.c,757/main_91-229293_107-230227.foo.c
757/ag_scandir_14-163757_61-165202.foo.c,757/ag_scandir_11-163457_76-165549.foo.c
757/ag_scandir_14-163757_61-165202.foo.c,757/ag_scandir_12-163574_76-165549.foo.c
757/ag_scandir_14-163757_61-165202.foo.c,757/ag_scandir_14-163757_62-165225.foo.c
757/ag_scandir_14-163757_61-165202.foo.c,757/ag_scandir_14-163757_76-165549.foo.c
757/ag_scandir_14-163757_61-165202.foo.c,757/ag_scandir_12-163574_69-165303.foo.c
757/ag_scandir_14-163757_61-165202.foo.c,757/ag_scandir_14-163757_69-165303.foo.c
757/ag_scandir_14-163757_61-165202.foo.c,757/ag_scandir_11-163457_69-165303.foo.c
757/main_91-229293_104-229951.foo.c,757/search_file_361-237610_377-238298.foo.c
757/main_91-229293_104-229951.foo.c,757/main_91-229293_107-230227.foo.c
757/main_91-229293_104-229951.foo.c,757/ag_scandir_11-163457_76-165549.foo.c
757/main_91-229293_104-229951.foo.c,757/ag_scandir_12-163574_76-165549.foo.c
757/main_91-229293_104-229951.foo.c,757/ag_scandir_14-163757_62-165225.foo.c
757/main_91-229293_104-229951.foo.c,757/ag_scandir_14-163757_76-165549.foo.c
757/main_91-229293_104-229951.foo.c,757/ag_scandir_12-163574_69-165303.foo.c
757/main_91-229293_104-229951.foo.c,757/ag_scandir_14-163757_69-165303.foo.c
757/main_91-229293_104-229951.foo.c,757/ag_scandir_11-163457_69-165303.foo.c
757/search_file_361-237610_377-238298.foo.c,757/main_91-229293_107-230227.foo.c
757/search_file_361-237610_377-238298.foo.c,757/ag_scandir_11-163457_76-165549.foo.c
757/search_file_361-237610_377-238298.foo.c,757/ag_scandir_12-163574_76-165549.foo.c
757/search_file_361-237610_377-238298.foo.c,757/ag_scandir_14-163757_62-165225.foo.c
757/search_file_361-237610_377-238298.foo.c,757/ag_scandir_14-163757_76-165549.foo.c
757/search_file_361-237610_377-238298.foo.c,757/ag_scandir_12-163574_69-165303.foo.c
757/search_file_361-237610_377-238298.foo.c,757/ag_scandir_14-163757_69-165303.foo.c
757/search_file_361-237610_377-238298.foo.c,757/ag_scandir_11-163457_69-165303.foo.c
757/main_91-229293_107-230227.foo.c,757/ag_scandir_11-163457_76-165549.foo.c
757/main_91-229293_107-230227.foo.c,757/ag_scandir_12-163574_76-165549.foo.c
757/main_91-229293_107-230227.foo.c,757/ag_scandir_14-163757_62-165225.foo.c
757/main_91-229293_107-230227.foo.c,757/ag_scandir_14-163757_76-165549.foo.c
757/main_91-229293_107-230227.foo.c,757/ag_scandir_12-163574_69-165303.foo.c
757/main_91-229293_107-230227.foo.c,757/ag_scandir_14-163757_69-165303.foo.c
757/main_91-229293_107-230227.foo.c,757/ag_scandir_11-163457_69-165303.foo.c
757/ag_scandir_11-163457_76-165549.foo.c,757/ag_scandir_12-163574_76-165549.foo.c
757/ag_scandir_11-163457_76-165549.foo.c,757/ag_scandir_14-163757_62-165225.foo.c
757/ag_scandir_11-163457_76-165549.foo.c,757/ag_scandir_14-163757_76-165549.foo.c
757/ag_scandir_11-163457_76-165549.foo.c,757/ag_scandir_12-163574_69-165303.foo.c
757/ag_scandir_11-163457_76-165549.foo.c,757/ag_scandir_14-163757_69-165303.foo.c
757/ag_scandir_11-163457_76-165549.foo.c,757/ag_scandir_11-163457_69-165303.foo.c
757/ag_scandir_12-163574_76-165549.foo.c,757/ag_scandir_14-163757_62-165225.foo.c
757/ag_scandir_12-163574_76-165549.foo.c,757/ag_scandir_14-163757_76-165549.foo.c
757/ag_scandir_12-163574_76-165549.foo.c,757/ag_scandir_12-163574_69-165303.foo.c
757/ag_scandir_12-163574_76-165549.foo.c,757/ag_scandir_14-163757_69-165303.foo.c
757/ag_scandir_12-163574_76-165549.foo.c,757/ag_scandir_11-163457_69-165303.foo.c
757/ag_scandir_14-163757_62-165225.foo.c,757/ag_scandir_14-163757_76-165549.foo.c
757/ag_scandir_14-163757_62-165225.foo.c,757/ag_scandir_12-163574_69-165303.foo.c
757/ag_scandir_14-163757_62-165225.foo.c,757/ag_scandir_14-163757_69-165303.foo.c
757/ag_scandir_14-163757_62-165225.foo.c,757/ag_scandir_11-163457_69-165303.foo.c
757/ag_scandir_14-163757_76-165549.foo.c,757/ag_scandir_12-163574_69-165303.foo.c
757/ag_scandir_14-163757_76-165549.foo.c,757/ag_scandir_14-163757_69-165303.foo.c
757/ag_scandir_14-163757_76-165549.foo.c,757/ag_scandir_11-163457_69-165303.foo.c
757/ag_scandir_12-163574_69-165303.foo.c,757/ag_scandir_14-163757_69-165303.foo.c
757/ag_scandir_12-163574_69-165303.foo.c,757/ag_scandir_11-163457_69-165303.foo.c
757/ag_scandir_14-163757_69-165303.foo.c,757/ag_scandir_11-163457_69-165303.foo.c
959_1540/fgetln_560-212383_584-213306.foo.c,959_1540/fgetln_560-212383_563-212433.foo.c
959_1540/fgetln_560-212383_563-212433.foo.c,959_1540/fgetln_560-212383_583-213289.foo.c
566_1476_1479_1481/init_wordchar_table_446-207194_447-207221.foo.c,566_1476_1479_1481/init_wordchar_table_445-207158_447-207221.foo.c
566_1476_1479_1481/init_wordchar_table_446-207194_447-207221.foo.c,566_1476_1479_1481/init_wordchar_table_447-207221_445-207158.foo.c
566_1476_1479_1481/init_wordchar_table_446-207194_447-207221.foo.c,566_1476_1479_1481/init_wordchar_table_445-207158_445-207158.foo.c
566_1476_1479_1481/init_wordchar_table_446-207194_447-207221.foo.c,566_1476_1479_1481/init_wordchar_table_446-207194_445-207158.foo.c
566_1476_1479_1481/init_wordchar_table_446-207194_447-207221.foo.c,566_1476_1479_1481/path_ignore_search_246-197020_245-196970.foo.c
566_1476_1479_1481/init_wordchar_table_445-207158_447-207221.foo.c,566_1476_1479_1481/init_wordchar_table_447-207221_445-207158.foo.c
566_1476_1479_1481/init_wordchar_table_445-207158_447-207221.foo.c,566_1476_1479_1481/init_wordchar_table_445-207158_445-207158.foo.c
566_1476_1479_1481/init_wordchar_table_445-207158_447-207221.foo.c,566_1476_1479_1481/init_wordchar_table_446-207194_445-207158.foo.c
566_1476_1479_1481/init_wordchar_table_445-207158_447-207221.foo.c,566_1476_1479_1481/path_ignore_search_246-197020_245-196970.foo.c
566_1476_1479_1481/init_wordchar_table_446-207194_445-207158.foo.c,566_1476_1479_1481/path_ignore_search_246-197020_245-196970.foo.c
759/search_file_374-238191_383-238467.foo.c,759/search_file_374-238191_386-238575.foo.c
521_1468_1469_1470_1471_1472_1473/search_file_287-234655_322-236575.foo.c,521_1468_1469_1470_1471_1472_1473/search_file_270-233639_322-236575.foo.c
521_1468_1469_1470_1471_1472_1473/search_file_287-234655_322-236575.foo.c,521_1468_1469_1470_1471_1472_1473/search_file_360-237470_374-238191.foo.c
521_1468_1469_1470_1471_1472_1473/search_file_287-234655_322-236575.foo.c,521_1468_1469_1470_1471_1472_1473/search_file_359-237160_374-238191.foo.c
521_1468_1469_1470_1471_1472_1473/search_file_287-234655_322-236575.foo.c,521_1468_1469_1470_1471_1472_1473/search_file_276-233800_322-236575.foo.c
521_1468_1469_1470_1471_1472_1473/search_file_287-234655_322-236575.foo.c,521_1468_1469_1470_1471_1472_1473/search_file_288-234810_322-236575.foo.c
521_1468_1469_1470_1471_1472_1473/search_file_287-234655_322-236575.foo.c,521_1468_1469_1470_1471_1472_1473/search_file_282-233981_322-236575.foo.c
521_1468_1469_1470_1471_1472_1473/search_file_287-234655_322-236575.foo.c,521_1468_1469_1470_1471_1472_1473/search_file_358-237135_358-237135.foo.c
521_1468_1469_1470_1471_1472_1473/search_file_287-234655_322-236575.foo.c,521_1468_1469_1470_1471_1472_1473/search_file_271-233680_322-236575.foo.c
521_1468_1469_1470_1471_1472_1473/search_file_287-234655_322-236575.foo.c,521_1468_1469_1470_1471_1472_1473/search_file_333-236922_374-238191.foo.c
521_1468_1469_1470_1471_1472_1473/search_file_287-234655_322-236575.foo.c,521_1468_1469_1470_1471_1472_1473/search_file_268-233524_322-236575.foo.c
521_1468_1469_1470_1471_1472_1473/search_file_287-234655_322-236575.foo.c,521_1468_1469_1470_1471_1472_1473/search_file_333-236922_358-237135.foo.c
521_1468_1469_1470_1471_1472_1473/search_file_270-233639_322-236575.foo.c,521_1468_1469_1470_1471_1472_1473/search_file_360-237470_374-238191.foo.c
521_1468_1469_1470_1471_1472_1473/search_file_270-233639_322-236575.foo.c,521_1468_1469_1470_1471_1472_1473/search_file_359-237160_374-238191.foo.c
521_1468_1469_1470_1471_1472_1473/search_file_270-233639_322-236575.foo.c,521_1468_1469_1470_1471_1472_1473/search_file_276-233800_322-236575.foo.c
521_1468_1469_1470_1471_1472_1473/search_file_270-233639_322-236575.foo.c,521_1468_1469_1470_1471_1472_1473/search_file_288-234810_322-236575.foo.c
521_1468_1469_1470_1471_1472_1473/search_file_270-233639_322-236575.foo.c,521_1468_1469_1470_1471_1472_1473/search_file_282-233981_322-236575.foo.c
521_1468_1469_1470_1471_1472_1473/search_file_270-233639_322-236575.foo.c,521_1468_1469_1470_1471_1472_1473/search_file_358-237135_358-237135.foo.c
521_1468_1469_1470_1471_1472_1473/search_file_270-233639_322-236575.foo.c,521_1468_1469_1470_1471_1472_1473/search_file_271-233680_322-236575.foo.c
521_1468_1469_1470_1471_1472_1473/search_file_270-233639_322-236575.foo.c,521_1468_1469_1470_1471_1472_1473/search_file_333-236922_374-238191.foo.c
521_1468_1469_1470_1471_1472_1473/search_file_270-233639_322-236575.foo.c,521_1468_1469_1470_1471_1472_1473/search_file_268-233524_322-236575.foo.c
521_1468_1469_1470_1471_1472_1473/search_file_270-233639_322-236575.foo.c,521_1468_1469_1470_1471_1472_1473/search_file_333-236922_358-237135.foo.c
521_1468_1469_1470_1471_1472_1473/search_file_360-237470_374-238191.foo.c,521_1468_1469_1470_1471_1472_1473/search_file_359-237160_374-238191.foo.c
521_1468_1469_1470_1471_1472_1473/search_file_360-237470_374-238191.foo.c,521_1468_1469_1470_1471_1472_1473/search_file_276-233800_322-236575.foo.c
521_1468_1469_1470_1471_1472_1473/search_file_360-237470_374-238191.foo.c,521_1468_1469_1470_1471_1472_1473/search_file_288-234810_322-236575.foo.c
521_1468_1469_1470_1471_1472_1473/search_file_360-237470_374-238191.foo.c,521_1468_1469_1470_1471_1472_1473/search_file_282-233981_322-236575.foo.c
521_1468_1469_1470_1471_1472_1473/search_file_360-237470_374-238191.foo.c,521_1468_1469_1470_1471_1472_1473/search_file_358-237135_358-237135.foo.c
521_1468_1469_1470_1471_1472_1473/search_file_360-237470_374-238191.foo.c,521_1468_1469_1470_1471_1472_1473/search_file_271-233680_322-236575.foo.c
521_1468_1469_1470_1471_1472_1473/search_file_360-237470_374-238191.foo.c,521_1468_1469_1470_1471_1472_1473/search_file_333-236922_374-238191.foo.c
521_1468_1469_1470_1471_1472_1473/search_file_360-237470_374-238191.foo.c,521_1468_1469_1470_1471_1472_1473/search_file_268-233524_322-236575.foo.c
521_1468_1469_1470_1471_1472_1473/search_file_360-237470_374-238191.foo.c,521_1468_1469_1470_1471_1472_1473/search_file_333-236922_358-237135.foo.c
521_1468_1469_1470_1471_1472_1473/search_file_359-237160_374-238191.foo.c,521_1468_1469_1470_1471_1472_1473/search_file_276-233800_322-236575.foo.c
521_1468_1469_1470_1471_1472_1473/search_file_359-237160_374-238191.foo.c,521_1468_1469_1470_1471_1472_1473/search_file_288-234810_322-236575.foo.c
521_1468_1469_1470_1471_1472_1473/search_file_359-237160_374-238191.foo.c,521_1468_1469_1470_1471_1472_1473/search_file_282-233981_322-236575.foo.c
521_1468_1469_1470_1471_1472_1473/search_file_359-237160_374-238191.foo.c,521_1468_1469_1470_1471_1472_1473/search_file_358-237135_358-237135.foo.c
521_1468_1469_1470_1471_1472_1473/search_file_359-237160_374-238191.foo.c,521_1468_1469_1470_1471_1472_1473/search_file_271-233680_322-236575.foo.c
521_1468_1469_1470_1471_1472_1473/search_file_359-237160_374-238191.foo.c,521_1468_1469_1470_1471_1472_1473/search_file_333-236922_374-238191.foo.c
521_1468_1469_1470_1471_1472_1473/search_file_359-237160_374-238191.foo.c,521_1468_1469_1470_1471_1472_1473/search_file_268-233524_322-236575.foo.c
521_1468_1469_1470_1471_1472_1473/search_file_359-237160_374-238191.foo.c,521_1468_1469_1470_1471_1472_1473/search_file_333-236922_358-237135.foo.c
521_1468_1469_1470_1471_1472_1473/search_file_276-233800_322-236575.foo.c,521_1468_1469_1470_1471_1472_1473/search_file_288-234810_322-236575.foo.c
521_1468_1469_1470_1471_1472_1473/search_file_276-233800_322-236575.foo.c,521_1468_1469_1470_1471_1472_1473/search_file_282-233981_322-236575.foo.c
521_1468_1469_1470_1471_1472_1473/search_file_276-233800_322-236575.foo.c,521_1468_1469_1470_1471_1472_1473/search_file_358-237135_358-237135.foo.c
521_1468_1469_1470_1471_1472_1473/search_file_276-233800_322-236575.foo.c,521_1468_1469_1470_1471_1472_1473/search_file_271-233680_322-236575.foo.c
521_1468_1469_1470_1471_1472_1473/search_file_276-233800_322-236575.foo.c,521_1468_1469_1470_1471_1472_1473/search_file_333-236922_374-238191.foo.c
521_1468_1469_1470_1471_1472_1473/search_file_276-233800_322-236575.foo.c,521_1468_1469_1470_1471_1472_1473/search_file_268-233524_322-236575.foo.c
521_1468_1469_1470_1471_1472_1473/search_file_276-233800_322-236575.foo.c,521_1468_1469_1470_1471_1472_1473/search_file_333-236922_358-237135.foo.c
521_1468_1469_1470_1471_1472_1473/search_file_288-234810_322-236575.foo.c,521_1468_1469_1470_1471_1472_1473/search_file_282-233981_322-236575.foo.c
521_1468_1469_1470_1471_1472_1473/search_file_288-234810_322-236575.foo.c,521_1468_1469_1470_1471_1472_1473/search_file_358-237135_358-237135.foo.c
521_1468_1469_1470_1471_1472_1473/search_file_288-234810_322-236575.foo.c,521_1468_1469_1470_1471_1472_1473/search_file_271-233680_322-236575.foo.c
521_1468_1469_1470_1471_1472_1473/search_file_288-234810_322-236575.foo.c,521_1468_1469_1470_1471_1472_1473/search_file_333-236922_374-238191.foo.c
521_1468_1469_1470_1471_1472_1473/search_file_288-234810_322-236575.foo.c,521_1468_1469_1470_1471_1472_1473/search_file_268-233524_322-236575.foo.c
521_1468_1469_1470_1471_1472_1473/search_file_288-234810_322-236575.foo.c,521_1468_1469_1470_1471_1472_1473/search_file_333-236922_358-237135.foo.c
521_1468_1469_1470_1471_1472_1473/search_file_282-233981_322-236575.foo.c,521_1468_1469_1470_1471_1472_1473/search_file_358-237135_358-237135.foo.c
521_1468_1469_1470_1471_1472_1473/search_file_282-233981_322-236575.foo.c,521_1468_1469_1470_1471_1472_1473/search_file_271-233680_322-236575.foo.c
521_1468_1469_1470_1471_1472_1473/search_file_282-233981_322-236575.foo.c,521_1468_1469_1470_1471_1472_1473/search_file_333-236922_374-238191.foo.c
521_1468_1469_1470_1471_1472_1473/search_file_282-233981_322-236575.foo.c,521_1468_1469_1470_1471_1472_1473/search_file_268-233524_322-236575.foo.c
521_1468_1469_1470_1471_1472_1473/search_file_282-233981_322-236575.foo.c,521_1468_1469_1470_1471_1472_1473/search_file_333-236922_358-237135.foo.c
521_1468_1469_1470_1471_1472_1473/search_file_358-237135_358-237135.foo.c,521_1468_1469_1470_1471_1472_1473/search_file_271-233680_322-236575.foo.c
521_1468_1469_1470_1471_1472_1473/search_file_358-237135_358-237135.foo.c,521_1468_1469_1470_1471_1472_1473/search_file_333-236922_374-238191.foo.c
521_1468_1469_1470_1471_1472_1473/search_file_358-237135_358-237135.foo.c,521_1468_1469_1470_1471_1472_1473/search_file_268-233524_322-236575.foo.c
521_1468_1469_1470_1471_1472_1473/search_file_358-237135_358-237135.foo.c,521_1468_1469_1470_1471_1472_1473/search_file_333-236922_358-237135.foo.c
521_1468_1469_1470_1471_1472_1473/search_file_271-233680_322-236575.foo.c,521_1468_1469_1470_1471_1472_1473/search_file_333-236922_374-238191.foo.c
521_1468_1469_1470_1471_1472_1473/search_file_271-233680_322-236575.foo.c,521_1468_1469_1470_1471_1472_1473/search_file_268-233524_322-236575.foo.c
521_1468_1469_1470_1471_1472_1473/search_file_271-233680_322-236575.foo.c,521_1468_1469_1470_1471_1472_1473/search_file_333-236922_358-237135.foo.c
521_1468_1469_1470_1471_1472_1473/search_file_333-236922_374-238191.foo.c,521_1468_1469_1470_1471_1472_1473/search_file_268-233524_322-236575.foo.c
521_1468_1469_1470_1471_1472_1473/search_file_333-236922_374-238191.foo.c,521_1468_1469_1470_1471_1472_1473/search_file_333-236922_358-237135.foo.c
521_1468_1469_1470_1471_1472_1473/search_file_268-233524_322-236575.foo.c,521_1468_1469_1470_1471_1472_1473/search_file_333-236922_358-237135.foo.c
889_1525/generate_hash_170-178456_165-178258.foo.c,889_1525/is_binary_360-195439_365-195646.foo.c
889_1525/generate_hash_170-178456_165-178258.foo.c,889_1525/is_binary_362-195539_367-195746.foo.c
889_1525/generate_hash_170-178456_165-178258.foo.c,889_1525/is_binary_360-195439_360-195439.foo.c
889_1525/is_binary_360-195439_365-195646.foo.c,889_1525/is_binary_362-195539_367-195746.foo.c
889_1525/is_binary_360-195439_365-195646.foo.c,889_1525/is_binary_360-195439_360-195439.foo.c
889_1525/is_binary_362-195539_367-195746.foo.c,889_1525/is_binary_360-195439_360-195439.foo.c
844_1520_1522_1523_1524_1525_1526/decompress_zlib_30-235199_98-239076.foo.c,844_1520_1522_1523_1524_1525_1526/decompress_zlib_30-235199_99-239098.foo.c
237_1390_1391_1392_1393_1394_1395/search_file_263-233317_392-238733.foo.c,237_1390_1391_1392_1393_1394_1395/search_file_263-233317_414-239165.foo.c
237_1390_1391_1392_1393_1394_1395/search_file_263-233317_392-238733.foo.c,237_1390_1391_1392_1393_1394_1395/search_file_263-233317_358-237135.foo.c
237_1390_1391_1392_1393_1394_1395/search_file_263-233317_414-239165.foo.c,237_1390_1391_1392_1393_1394_1395/search_file_263-233317_358-237135.foo.c
315_1409_1410_1411_1412_1413/path_ignore_search_215-189382_288-198823.foo.c,315_1409_1410_1411_1412_1413/path_ignore_search_216-189452_288-198823.foo.c
315_1409_1410_1411_1412_1413/path_ignore_search_215-189382_288-198823.foo.c,315_1409_1410_1411_1412_1413/path_ignore_search_216-189452_286-198769.foo.c
315_1409_1410_1411_1412_1413/path_ignore_search_215-189382_288-198823.foo.c,315_1409_1410_1411_1412_1413/path_ignore_search_215-189382_286-198769.foo.c
315_1409_1410_1411_1412_1413/path_ignore_search_216-189452_288-198823.foo.c,315_1409_1410_1411_1412_1413/path_ignore_search_216-189452_286-198769.foo.c
315_1409_1410_1411_1412_1413/path_ignore_search_216-189452_288-198823.foo.c,315_1409_1410_1411_1412_1413/path_ignore_search_215-189382_286-198769.foo.c
315_1409_1410_1411_1412_1413/path_ignore_search_216-189452_286-198769.foo.c,315_1409_1410_1411_1412_1413/path_ignore_search_215-189382_286-198769.foo.c
249_1391_1392_1393/search_file_262-233300_392-238733.foo.c,249_1391_1392_1393/search_file_262-233300_358-237135.foo.c
249_1391_1392_1393/search_file_262-233300_392-238733.foo.c,249_1391_1392_1393/search_file_262-233300_414-239165.foo.c
249_1391_1392_1393/search_file_262-233300_358-237135.foo.c,249_1391_1392_1393/search_file_262-233300_414-239165.foo.c
494_1455_1460_1464_1465_1466_1467_1468/filename_filter_310-205366_336-207044.foo.c,494_1455_1460_1464_1465_1466_1467_1468/filename_filter_305-205208_336-207044.foo.c
905_1534_1535_1536_1537/init_options_151-229067_165-235056.foo.c,905_1534_1535_1536_1537/init_options_151-229067_166-235080.foo.c
905_1534_1535_1536_1537/init_options_151-229067_165-235056.foo.c,905_1534_1535_1536_1537/init_options_152-229099_165-235056.foo.c
905_1534_1535_1536_1537/init_options_151-229067_165-235056.foo.c,905_1534_1535_1536_1537/init_options_148-228997_165-235056.foo.c
905_1534_1535_1536_1537/init_options_151-229067_165-235056.foo.c,905_1534_1535_1536_1537/init_options_148-228997_166-235080.foo.c
905_1534_1535_1536_1537/init_options_151-229067_165-235056.foo.c,905_1534_1535_1536_1537/init_options_152-229099_166-235080.foo.c
905_1534_1535_1536_1537/init_options_151-229067_166-235080.foo.c,905_1534_1535_1536_1537/init_options_152-229099_165-235056.foo.c
905_1534_1535_1536_1537/init_options_151-229067_166-235080.foo.c,905_1534_1535_1536_1537/init_options_148-228997_165-235056.foo.c
905_1534_1535_1536_1537/init_options_151-229067_166-235080.foo.c,905_1534_1535_1536_1537/init_options_148-228997_166-235080.foo.c
905_1534_1535_1536_1537/init_options_151-229067_166-235080.foo.c,905_1534_1535_1536_1537/init_options_152-229099_166-235080.foo.c
905_1534_1535_1536_1537/init_options_152-229099_165-235056.foo.c,905_1534_1535_1536_1537/init_options_148-228997_165-235056.foo.c
905_1534_1535_1536_1537/init_options_152-229099_165-235056.foo.c,905_1534_1535_1536_1537/init_options_148-228997_166-235080.foo.c
905_1534_1535_1536_1537/init_options_152-229099_165-235056.foo.c,905_1534_1535_1536_1537/init_options_152-229099_166-235080.foo.c
905_1534_1535_1536_1537/init_options_148-228997_165-235056.foo.c,905_1534_1535_1536_1537/init_options_148-228997_166-235080.foo.c
905_1534_1535_1536_1537/init_options_148-228997_165-235056.foo.c,905_1534_1535_1536_1537/init_options_152-229099_166-235080.foo.c
905_1534_1535_1536_1537/init_options_148-228997_166-235080.foo.c,905_1534_1535_1536_1537/init_options_152-229099_166-235080.foo.c
428/hash_strnstr_213-181207_231-182908.foo.c,428/hash_strnstr_215-181277_215-181277.foo.c
428/hash_strnstr_213-181207_231-182908.foo.c,428/search_buf_63-225775_80-226715.foo.c
428/hash_strnstr_213-181207_231-182908.foo.c,428/hash_strnstr_213-181207_236-184211.foo.c
428/hash_strnstr_213-181207_231-182908.foo.c,428/hash_strnstr_228-182791_228-182791.foo.c
428/hash_strnstr_213-181207_231-182908.foo.c,428/filename_filter_339-212482_382-214196.foo.c
428/hash_strnstr_213-181207_231-182908.foo.c,428/search_file_392-238733_426-239497.foo.c
428/hash_strnstr_213-181207_231-182908.foo.c,428/filename_filter_339-212482_349-213122.foo.c
428/hash_strnstr_213-181207_231-182908.foo.c,428/hash_strnstr_212-181164_213-181207.foo.c
428/hash_strnstr_213-181207_231-182908.foo.c,428/hash_strnstr_211-181110_213-181207.foo.c
428/hash_strnstr_213-181207_231-182908.foo.c,428/hash_strnstr_213-181207_228-182791.foo.c
428/hash_strnstr_213-181207_231-182908.foo.c,428/search_buf_63-225775_104-227543.foo.c
428/hash_strnstr_213-181207_231-182908.foo.c,428/hash_strnstr_207-180975_213-181207.foo.c
428/hash_strnstr_213-181207_231-182908.foo.c,428/search_buf_63-225775_103-227459.foo.c
428/hash_strnstr_213-181207_231-182908.foo.c,428/search_buf_63-225775_102-227401.foo.c
428/hash_strnstr_215-181277_215-181277.foo.c,428/search_buf_63-225775_80-226715.foo.c
428/hash_strnstr_215-181277_215-181277.foo.c,428/hash_strnstr_213-181207_236-184211.foo.c
428/hash_strnstr_215-181277_215-181277.foo.c,428/hash_strnstr_228-182791_228-182791.foo.c
428/hash_strnstr_215-181277_215-181277.foo.c,428/filename_filter_339-212482_382-214196.foo.c
428/hash_strnstr_215-181277_215-181277.foo.c,428/search_file_392-238733_426-239497.foo.c
428/hash_strnstr_215-181277_215-181277.foo.c,428/filename_filter_339-212482_349-213122.foo.c
428/hash_strnstr_215-181277_215-181277.foo.c,428/hash_strnstr_212-181164_213-181207.foo.c
428/hash_strnstr_215-181277_215-181277.foo.c,428/hash_strnstr_211-181110_213-181207.foo.c
428/hash_strnstr_215-181277_215-181277.foo.c,428/hash_strnstr_213-181207_228-182791.foo.c
428/hash_strnstr_215-181277_215-181277.foo.c,428/search_buf_63-225775_104-227543.foo.c
428/hash_strnstr_215-181277_215-181277.foo.c,428/hash_strnstr_207-180975_213-181207.foo.c
428/hash_strnstr_215-181277_215-181277.foo.c,428/search_buf_63-225775_103-227459.foo.c
428/hash_strnstr_215-181277_215-181277.foo.c,428/search_buf_63-225775_102-227401.foo.c
428/search_buf_63-225775_80-226715.foo.c,428/hash_strnstr_213-181207_236-184211.foo.c
428/search_buf_63-225775_80-226715.foo.c,428/hash_strnstr_228-182791_228-182791.foo.c
428/search_buf_63-225775_80-226715.foo.c,428/filename_filter_339-212482_382-214196.foo.c
428/search_buf_63-225775_80-226715.foo.c,428/search_file_392-238733_426-239497.foo.c
428/search_buf_63-225775_80-226715.foo.c,428/filename_filter_339-212482_349-213122.foo.c
428/search_buf_63-225775_80-226715.foo.c,428/hash_strnstr_212-181164_213-181207.foo.c
428/search_buf_63-225775_80-226715.foo.c,428/hash_strnstr_211-181110_213-181207.foo.c
428/search_buf_63-225775_80-226715.foo.c,428/hash_strnstr_213-181207_228-182791.foo.c
428/search_buf_63-225775_80-226715.foo.c,428/search_buf_63-225775_104-227543.foo.c
428/search_buf_63-225775_80-226715.foo.c,428/hash_strnstr_207-180975_213-181207.foo.c
428/search_buf_63-225775_80-226715.foo.c,428/search_buf_63-225775_103-227459.foo.c
428/search_buf_63-225775_80-226715.foo.c,428/search_buf_63-225775_102-227401.foo.c
428/hash_strnstr_213-181207_236-184211.foo.c,428/hash_strnstr_228-182791_228-182791.foo.c
428/hash_strnstr_213-181207_236-184211.foo.c,428/filename_filter_339-212482_382-214196.foo.c
428/hash_strnstr_213-181207_236-184211.foo.c,428/search_file_392-238733_426-239497.foo.c
428/hash_strnstr_213-181207_236-184211.foo.c,428/filename_filter_339-212482_349-213122.foo.c
428/hash_strnstr_213-181207_236-184211.foo.c,428/hash_strnstr_212-181164_213-181207.foo.c
428/hash_strnstr_213-181207_236-184211.foo.c,428/hash_strnstr_211-181110_213-181207.foo.c
428/hash_strnstr_213-181207_236-184211.foo.c,428/hash_strnstr_213-181207_228-182791.foo.c
428/hash_strnstr_213-181207_236-184211.foo.c,428/search_buf_63-225775_104-227543.foo.c
428/hash_strnstr_213-181207_236-184211.foo.c,428/hash_strnstr_207-180975_213-181207.foo.c
428/hash_strnstr_213-181207_236-184211.foo.c,428/search_buf_63-225775_103-227459.foo.c
428/hash_strnstr_213-181207_236-184211.foo.c,428/search_buf_63-225775_102-227401.foo.c
428/hash_strnstr_228-182791_228-182791.foo.c,428/filename_filter_339-212482_382-214196.foo.c
428/hash_strnstr_228-182791_228-182791.foo.c,428/search_file_392-238733_426-239497.foo.c
428/hash_strnstr_228-182791_228-182791.foo.c,428/filename_filter_339-212482_349-213122.foo.c
428/hash_strnstr_228-182791_228-182791.foo.c,428/hash_strnstr_212-181164_213-181207.foo.c
428/hash_strnstr_228-182791_228-182791.foo.c,428/hash_strnstr_211-181110_213-181207.foo.c
428/hash_strnstr_228-182791_228-182791.foo.c,428/hash_strnstr_213-181207_228-182791.foo.c
428/hash_strnstr_228-182791_228-182791.foo.c,428/search_buf_63-225775_104-227543.foo.c
428/hash_strnstr_228-182791_228-182791.foo.c,428/hash_strnstr_207-180975_213-181207.foo.c
428/hash_strnstr_228-182791_228-182791.foo.c,428/search_buf_63-225775_103-227459.foo.c
428/hash_strnstr_228-182791_228-182791.foo.c,428/search_buf_63-225775_102-227401.foo.c
428/filename_filter_339-212482_382-214196.foo.c,428/search_file_392-238733_426-239497.foo.c
428/filename_filter_339-212482_382-214196.foo.c,428/filename_filter_339-212482_349-213122.foo.c
428/filename_filter_339-212482_382-214196.foo.c,428/hash_strnstr_212-181164_213-181207.foo.c
428/filename_filter_339-212482_382-214196.foo.c,428/hash_strnstr_211-181110_213-181207.foo.c
428/filename_filter_339-212482_382-214196.foo.c,428/hash_strnstr_213-181207_228-182791.foo.c
428/filename_filter_339-212482_382-214196.foo.c,428/search_buf_63-225775_104-227543.foo.c
428/filename_filter_339-212482_382-214196.foo.c,428/hash_strnstr_207-180975_213-181207.foo.c
428/filename_filter_339-212482_382-214196.foo.c,428/search_buf_63-225775_103-227459.foo.c
428/filename_filter_339-212482_382-214196.foo.c,428/search_buf_63-225775_102-227401.foo.c
428/search_file_392-238733_426-239497.foo.c,428/filename_filter_339-212482_349-213122.foo.c
428/search_file_392-238733_426-239497.foo.c,428/hash_strnstr_212-181164_213-181207.foo.c
428/search_file_392-238733_426-239497.foo.c,428/hash_strnstr_211-181110_213-181207.foo.c
428/search_file_392-238733_426-239497.foo.c,428/hash_strnstr_213-181207_228-182791.foo.c
428/search_file_392-238733_426-239497.foo.c,428/search_buf_63-225775_104-227543.foo.c
428/search_file_392-238733_426-239497.foo.c,428/hash_strnstr_207-180975_213-181207.foo.c
428/search_file_392-238733_426-239497.foo.c,428/search_buf_63-225775_103-227459.foo.c
428/search_file_392-238733_426-239497.foo.c,428/search_buf_63-225775_102-227401.foo.c
428/filename_filter_339-212482_349-213122.foo.c,428/hash_strnstr_212-181164_213-181207.foo.c
428/filename_filter_339-212482_349-213122.foo.c,428/hash_strnstr_211-181110_213-181207.foo.c
428/filename_filter_339-212482_349-213122.foo.c,428/hash_strnstr_213-181207_228-182791.foo.c
428/filename_filter_339-212482_349-213122.foo.c,428/search_buf_63-225775_104-227543.foo.c
428/filename_filter_339-212482_349-213122.foo.c,428/hash_strnstr_207-180975_213-181207.foo.c
428/filename_filter_339-212482_349-213122.foo.c,428/search_buf_63-225775_103-227459.foo.c
428/filename_filter_339-212482_349-213122.foo.c,428/search_buf_63-225775_102-227401.foo.c
428/hash_strnstr_212-181164_213-181207.foo.c,428/hash_strnstr_211-181110_213-181207.foo.c
428/hash_strnstr_212-181164_213-181207.foo.c,428/hash_strnstr_213-181207_228-182791.foo.c
428/hash_strnstr_212-181164_213-181207.foo.c,428/search_buf_63-225775_104-227543.foo.c
428/hash_strnstr_212-181164_213-181207.foo.c,428/hash_strnstr_207-180975_213-181207.foo.c
428/hash_strnstr_212-181164_213-181207.foo.c,428/search_buf_63-225775_103-227459.foo.c
428/hash_strnstr_212-181164_213-181207.foo.c,428/search_buf_63-225775_102-227401.foo.c
428/hash_strnstr_211-181110_213-181207.foo.c,428/hash_strnstr_213-181207_228-182791.foo.c
428/hash_strnstr_211-181110_213-181207.foo.c,428/search_buf_63-225775_104-227543.foo.c
428/hash_strnstr_211-181110_213-181207.foo.c,428/hash_strnstr_207-180975_213-181207.foo.c
428/hash_strnstr_211-181110_213-181207.foo.c,428/search_buf_63-225775_103-227459.foo.c
428/hash_strnstr_211-181110_213-181207.foo.c,428/search_buf_63-225775_102-227401.foo.c
428/hash_strnstr_213-181207_228-182791.foo.c,428/search_buf_63-225775_104-227543.foo.c
428/hash_strnstr_213-181207_228-182791.foo.c,428/hash_strnstr_207-180975_213-181207.foo.c
428/hash_strnstr_213-181207_228-182791.foo.c,428/search_buf_63-225775_103-227459.foo.c
428/hash_strnstr_213-181207_228-182791.foo.c,428/search_buf_63-225775_102-227401.foo.c
428/search_buf_63-225775_104-227543.foo.c,428/hash_strnstr_207-180975_213-181207.foo.c
428/search_buf_63-225775_104-227543.foo.c,428/search_buf_63-225775_103-227459.foo.c
428/search_buf_63-225775_104-227543.foo.c,428/search_buf_63-225775_102-227401.foo.c
428/hash_strnstr_207-180975_213-181207.foo.c,428/search_buf_63-225775_103-227459.foo.c
428/hash_strnstr_207-180975_213-181207.foo.c,428/search_buf_63-225775_102-227401.foo.c
428/search_buf_63-225775_103-227459.foo.c,428/search_buf_63-225775_102-227401.foo.c
910_1539_1540_1545_1546_1547_1548_1549/path_ignore_search_268-198009_286-198769.foo.c,910_1539_1540_1545_1546_1547_1548_1549/path_ignore_search_268-198009_288-198823.foo.c
1355_1582_1583_1584_1585_1586/init_options_156-234936_171-235224.foo.c,1355_1582_1583_1584_1585_1586/init_options_157-234965_171-235224.foo.c
411_1426_1430_1431_1432/search_file_295-235182_322-236575.foo.c,411_1426_1430_1431_1432/filename_filter_299-199059_319-205584.foo.c
411_1426_1430_1431_1432/search_file_295-235182_322-236575.foo.c,411_1426_1430_1431_1432/add_ignore_pattern_161-181675_170-187513.foo.c
411_1426_1430_1431_1432/search_file_295-235182_322-236575.foo.c,411_1426_1430_1431_1432/filename_filter_294-198961_320-205647.foo.c
411_1426_1430_1431_1432/search_file_295-235182_322-236575.foo.c,411_1426_1430_1431_1432/add_ignore_pattern_104-177886_109-178412.foo.c
411_1426_1430_1431_1432/search_file_295-235182_322-236575.foo.c,411_1426_1430_1431_1432/search_file_296-235212_322-236575.foo.c
411_1426_1430_1431_1432/search_file_295-235182_322-236575.foo.c,411_1426_1430_1431_1432/filename_filter_299-199059_320-205647.foo.c
411_1426_1430_1431_1432/search_file_295-235182_322-236575.foo.c,411_1426_1430_1431_1432/filename_filter_294-198961_319-205584.foo.c
411_1426_1430_1431_1432/search_file_295-235182_322-236575.foo.c,411_1426_1430_1431_1432/add_ignore_pattern_161-181675_168-187394.foo.c
411_1426_1430_1431_1432/filename_filter_299-199059_319-205584.foo.c,411_1426_1430_1431_1432/add_ignore_pattern_161-181675_170-187513.foo.c
411_1426_1430_1431_1432/filename_filter_299-199059_319-205584.foo.c,411_1426_1430_1431_1432/filename_filter_294-198961_320-205647.foo.c
411_1426_1430_1431_1432/filename_filter_299-199059_319-205584.foo.c,411_1426_1430_1431_1432/add_ignore_pattern_104-177886_109-178412.foo.c
411_1426_1430_1431_1432/filename_filter_299-199059_319-205584.foo.c,411_1426_1430_1431_1432/search_file_296-235212_322-236575.foo.c
411_1426_1430_1431_1432/filename_filter_299-199059_319-205584.foo.c,411_1426_1430_1431_1432/filename_filter_299-199059_320-205647.foo.c
411_1426_1430_1431_1432/filename_filter_299-199059_319-205584.foo.c,411_1426_1430_1431_1432/filename_filter_294-198961_319-205584.foo.c
411_1426_1430_1431_1432/filename_filter_299-199059_319-205584.foo.c,411_1426_1430_1431_1432/add_ignore_pattern_161-181675_168-187394.foo.c
411_1426_1430_1431_1432/add_ignore_pattern_161-181675_170-187513.foo.c,411_1426_1430_1431_1432/filename_filter_294-198961_320-205647.foo.c
411_1426_1430_1431_1432/add_ignore_pattern_161-181675_170-187513.foo.c,411_1426_1430_1431_1432/add_ignore_pattern_104-177886_109-178412.foo.c
411_1426_1430_1431_1432/add_ignore_pattern_161-181675_170-187513.foo.c,411_1426_1430_1431_1432/search_file_296-235212_322-236575.foo.c
411_1426_1430_1431_1432/add_ignore_pattern_161-181675_170-187513.foo.c,411_1426_1430_1431_1432/filename_filter_299-199059_320-205647.foo.c
411_1426_1430_1431_1432/add_ignore_pattern_161-181675_170-187513.foo.c,411_1426_1430_1431_1432/filename_filter_294-198961_319-205584.foo.c
411_1426_1430_1431_1432/add_ignore_pattern_161-181675_170-187513.foo.c,411_1426_1430_1431_1432/add_ignore_pattern_161-181675_168-187394.foo.c
411_1426_1430_1431_1432/filename_filter_294-198961_320-205647.foo.c,411_1426_1430_1431_1432/add_ignore_pattern_104-177886_109-178412.foo.c
411_1426_1430_1431_1432/filename_filter_294-198961_320-205647.foo.c,411_1426_1430_1431_1432/search_file_296-235212_322-236575.foo.c
411_1426_1430_1431_1432/filename_filter_294-198961_320-205647.foo.c,411_1426_1430_1431_1432/filename_filter_299-199059_320-205647.foo.c
411_1426_1430_1431_1432/filename_filter_294-198961_320-205647.foo.c,411_1426_1430_1431_1432/filename_filter_294-198961_319-205584.foo.c
411_1426_1430_1431_1432/filename_filter_294-198961_320-205647.foo.c,411_1426_1430_1431_1432/add_ignore_pattern_161-181675_168-187394.foo.c
411_1426_1430_1431_1432/add_ignore_pattern_104-177886_109-178412.foo.c,411_1426_1430_1431_1432/search_file_296-235212_322-236575.foo.c
411_1426_1430_1431_1432/add_ignore_pattern_104-177886_109-178412.foo.c,411_1426_1430_1431_1432/filename_filter_299-199059_320-205647.foo.c
411_1426_1430_1431_1432/add_ignore_pattern_104-177886_109-178412.foo.c,411_1426_1430_1431_1432/filename_filter_294-198961_319-205584.foo.c
411_1426_1430_1431_1432/add_ignore_pattern_104-177886_109-178412.foo.c,411_1426_1430_1431_1432/add_ignore_pattern_161-181675_168-187394.foo.c
411_1426_1430_1431_1432/search_file_296-235212_322-236575.foo.c,411_1426_1430_1431_1432/filename_filter_299-199059_320-205647.foo.c
411_1426_1430_1431_1432/search_file_296-235212_322-236575.foo.c,411_1426_1430_1431_1432/filename_filter_294-198961_319-205584.foo.c
411_1426_1430_1431_1432/search_file_296-235212_322-236575.foo.c,411_1426_1430_1431_1432/add_ignore_pattern_161-181675_168-187394.foo.c
411_1426_1430_1431_1432/filename_filter_299-199059_320-205647.foo.c,411_1426_1430_1431_1432/filename_filter_294-198961_319-205584.foo.c
411_1426_1430_1431_1432/filename_filter_299-199059_320-205647.foo.c,411_1426_1430_1431_1432/add_ignore_pattern_161-181675_168-187394.foo.c
411_1426_1430_1431_1432/filename_filter_294-198961_319-205584.foo.c,411_1426_1430_1431_1432/add_ignore_pattern_161-181675_168-187394.foo.c
792_1516_1517/check_symloop_enter_477-241341_493-241907.foo.c,792_1516_1517/search_file_268-233524_307-235513.foo.c
792_1516_1517/check_symloop_enter_477-241341_493-241907.foo.c,792_1516_1517/check_symloop_enter_477-241341_494-245172.foo.c
792_1516_1517/check_symloop_enter_477-241341_493-241907.foo.c,792_1516_1517/check_symloop_enter_478-241491_493-241907.foo.c
792_1516_1517/check_symloop_enter_477-241341_493-241907.foo.c,792_1516_1517/search_file_268-233524_296-235212.foo.c
792_1516_1517/check_symloop_enter_477-241341_493-241907.foo.c,792_1516_1517/search_file_268-233524_288-234810.foo.c
792_1516_1517/check_symloop_enter_477-241341_493-241907.foo.c,792_1516_1517/search_file_268-233524_301-235332.foo.c
792_1516_1517/check_symloop_enter_477-241341_493-241907.foo.c,792_1516_1517/check_symloop_leave_509-252053_521-255649.foo.c
792_1516_1517/check_symloop_enter_477-241341_493-241907.foo.c,792_1516_1517/check_symloop_leave_509-252053_523-257178.foo.c
792_1516_1517/check_symloop_enter_477-241341_493-241907.foo.c,792_1516_1517/check_symloop_enter_477-241341_498-245221.foo.c
792_1516_1517/search_file_268-233524_307-235513.foo.c,792_1516_1517/check_symloop_enter_477-241341_494-245172.foo.c
792_1516_1517/search_file_268-233524_307-235513.foo.c,792_1516_1517/check_symloop_enter_478-241491_493-241907.foo.c
792_1516_1517/search_file_268-233524_307-235513.foo.c,792_1516_1517/search_file_268-233524_296-235212.foo.c
792_1516_1517/search_file_268-233524_307-235513.foo.c,792_1516_1517/search_file_268-233524_288-234810.foo.c
792_1516_1517/search_file_268-233524_307-235513.foo.c,792_1516_1517/search_file_268-233524_301-235332.foo.c
792_1516_1517/search_file_268-233524_307-235513.foo.c,792_1516_1517/check_symloop_leave_509-252053_521-255649.foo.c
792_1516_1517/search_file_268-233524_307-235513.foo.c,792_1516_1517/check_symloop_leave_509-252053_523-257178.foo.c
792_1516_1517/search_file_268-233524_307-235513.foo.c,792_1516_1517/check_symloop_enter_477-241341_498-245221.foo.c
792_1516_1517/check_symloop_enter_477-241341_494-245172.foo.c,792_1516_1517/check_symloop_enter_478-241491_493-241907.foo.c
792_1516_1517/check_symloop_enter_477-241341_494-245172.foo.c,792_1516_1517/search_file_268-233524_296-235212.foo.c
792_1516_1517/check_symloop_enter_477-241341_494-245172.foo.c,792_1516_1517/search_file_268-233524_288-234810.foo.c
792_1516_1517/check_symloop_enter_477-241341_494-245172.foo.c,792_1516_1517/search_file_268-233524_301-235332.foo.c
792_1516_1517/check_symloop_enter_477-241341_494-245172.foo.c,792_1516_1517/check_symloop_leave_509-252053_521-255649.foo.c
792_1516_1517/check_symloop_enter_477-241341_494-245172.foo.c,792_1516_1517/check_symloop_leave_509-252053_523-257178.foo.c
792_1516_1517/check_symloop_enter_477-241341_494-245172.foo.c,792_1516_1517/check_symloop_enter_477-241341_498-245221.foo.c
792_1516_1517/check_symloop_enter_478-241491_493-241907.foo.c,792_1516_1517/search_file_268-233524_296-235212.foo.c
792_1516_1517/check_symloop_enter_478-241491_493-241907.foo.c,792_1516_1517/search_file_268-233524_288-234810.foo.c
792_1516_1517/check_symloop_enter_478-241491_493-241907.foo.c,792_1516_1517/search_file_268-233524_301-235332.foo.c
792_1516_1517/check_symloop_enter_478-241491_493-241907.foo.c,792_1516_1517/check_symloop_leave_509-252053_521-255649.foo.c
792_1516_1517/check_symloop_enter_478-241491_493-241907.foo.c,792_1516_1517/check_symloop_leave_509-252053_523-257178.foo.c
792_1516_1517/check_symloop_enter_478-241491_493-241907.foo.c,792_1516_1517/check_symloop_enter_477-241341_498-245221.foo.c
792_1516_1517/search_file_268-233524_296-235212.foo.c,792_1516_1517/search_file_268-233524_288-234810.foo.c
792_1516_1517/search_file_268-233524_296-235212.foo.c,792_1516_1517/search_file_268-233524_301-235332.foo.c
792_1516_1517/search_file_268-233524_296-235212.foo.c,792_1516_1517/check_symloop_leave_509-252053_521-255649.foo.c
792_1516_1517/search_file_268-233524_296-235212.foo.c,792_1516_1517/check_symloop_leave_509-252053_523-257178.foo.c
792_1516_1517/search_file_268-233524_296-235212.foo.c,792_1516_1517/check_symloop_enter_477-241341_498-245221.foo.c
792_1516_1517/search_file_268-233524_288-234810.foo.c,792_1516_1517/search_file_268-233524_301-235332.foo.c
792_1516_1517/search_file_268-233524_288-234810.foo.c,792_1516_1517/check_symloop_leave_509-252053_521-255649.foo.c
792_1516_1517/search_file_268-233524_288-234810.foo.c,792_1516_1517/check_symloop_leave_509-252053_523-257178.foo.c
792_1516_1517/search_file_268-233524_288-234810.foo.c,792_1516_1517/check_symloop_enter_477-241341_498-245221.foo.c
792_1516_1517/search_file_268-233524_301-235332.foo.c,792_1516_1517/check_symloop_leave_509-252053_521-255649.foo.c
792_1516_1517/search_file_268-233524_301-235332.foo.c,792_1516_1517/check_symloop_leave_509-252053_523-257178.foo.c
792_1516_1517/search_file_268-233524_301-235332.foo.c,792_1516_1517/check_symloop_enter_477-241341_498-245221.foo.c
792_1516_1517/check_symloop_leave_509-252053_521-255649.foo.c,792_1516_1517/check_symloop_leave_509-252053_523-257178.foo.c
792_1516_1517/check_symloop_leave_509-252053_521-255649.foo.c,792_1516_1517/check_symloop_enter_477-241341_498-245221.foo.c
792_1516_1517/check_symloop_leave_509-252053_523-257178.foo.c,792_1516_1517/check_symloop_enter_477-241341_498-245221.foo.c
897_1528/init_options_152-229099_171-235224.foo.c,897_1528/init_options_148-228997_171-235224.foo.c
897_1528/init_options_152-229099_171-235224.foo.c,897_1528/init_options_151-229067_171-235224.foo.c
897_1528/init_options_152-229099_171-235224.foo.c,897_1528/init_options_153-234604_172-235257.foo.c
897_1528/init_options_148-228997_171-235224.foo.c,897_1528/init_options_151-229067_171-235224.foo.c
897_1528/init_options_148-228997_171-235224.foo.c,897_1528/init_options_153-234604_172-235257.foo.c
897_1528/init_options_151-229067_171-235224.foo.c,897_1528/init_options_153-234604_172-235257.foo.c
494_1455_1460_1464_1465_1466_1467/filename_filter_310-205366_336-207044.foo.c,494_1455_1460_1464_1465_1466_1467/filename_filter_305-205208_336-207044.foo.c
710_1494_1498/check_symloop_enter_500-246690_500-248580.foo.c,710_1494_1498/check_symloop_enter_500-246724_500-248580.foo.c
710_1494_1498/check_symloop_enter_500-246690_500-248580.foo.c,710_1494_1498/check_symloop_enter_500-246752_500-248580.foo.c
710_1494_1498/check_symloop_enter_500-246690_500-248580.foo.c,710_1494_1498/check_symloop_enter_500-246625_500-248580.foo.c
710_1494_1498/check_symloop_enter_500-246690_500-248580.foo.c,710_1494_1498/hash_strnstr_230-182875_231-182908.foo.c
710_1494_1498/check_symloop_enter_500-246690_500-248580.foo.c,710_1494_1498/hash_strnstr_230-182875_236-184211.foo.c
710_1494_1498/check_symloop_enter_500-246724_500-248580.foo.c,710_1494_1498/check_symloop_enter_500-246752_500-248580.foo.c
710_1494_1498/check_symloop_enter_500-246724_500-248580.foo.c,710_1494_1498/check_symloop_enter_500-246625_500-248580.foo.c
710_1494_1498/check_symloop_enter_500-246724_500-248580.foo.c,710_1494_1498/hash_strnstr_230-182875_231-182908.foo.c
710_1494_1498/check_symloop_enter_500-246724_500-248580.foo.c,710_1494_1498/hash_strnstr_230-182875_236-184211.foo.c
710_1494_1498/check_symloop_enter_500-246752_500-248580.foo.c,710_1494_1498/check_symloop_enter_500-246625_500-248580.foo.c
710_1494_1498/check_symloop_enter_500-246752_500-248580.foo.c,710_1494_1498/hash_strnstr_230-182875_231-182908.foo.c
710_1494_1498/check_symloop_enter_500-246752_500-248580.foo.c,710_1494_1498/hash_strnstr_230-182875_236-184211.foo.c
710_1494_1498/check_symloop_enter_500-246625_500-248580.foo.c,710_1494_1498/hash_strnstr_230-182875_231-182908.foo.c
710_1494_1498/check_symloop_enter_500-246625_500-248580.foo.c,710_1494_1498/hash_strnstr_230-182875_236-184211.foo.c
710_1494_1498/hash_strnstr_230-182875_231-182908.foo.c,710_1494_1498/hash_strnstr_230-182875_236-184211.foo.c
759_1513/search_file_374-238191_383-238467.foo.c,759_1513/search_file_374-238191_386-238575.foo.c
620_1487_1489_1491/filename_filter_305-205208_322-205704.foo.c,620_1487_1489_1491/filename_filter_305-205208_323-206790.foo.c
620_1487_1489_1491/filename_filter_305-205208_322-205704.foo.c,620_1487_1489_1491/filename_filter_310-205366_323-206790.foo.c
620_1487_1489_1491/filename_filter_305-205208_323-206790.foo.c,620_1487_1489_1491/filename_filter_310-205366_323-206790.foo.c
896_1527_1528_1529_1530_1531_1532_1533/init_options_151-229067_167-235100.foo.c,896_1527_1528_1529_1530_1531_1532_1533/init_options_153-234604_170-235194.foo.c
896_1527_1528_1529_1530_1531_1532_1533/init_options_151-229067_167-235100.foo.c,896_1527_1528_1529_1530_1531_1532_1533/init_options_153-234604_169-235152.foo.c
896_1527_1528_1529_1530_1531_1532_1533/init_options_151-229067_167-235100.foo.c,896_1527_1528_1529_1530_1531_1532_1533/init_options_152-229099_167-235100.foo.c
896_1527_1528_1529_1530_1531_1532_1533/init_options_151-229067_167-235100.foo.c,896_1527_1528_1529_1530_1531_1532_1533/init_options_148-228997_167-235100.foo.c
896_1527_1528_1529_1530_1531_1532_1533/init_options_151-229067_167-235100.foo.c,896_1527_1528_1529_1530_1531_1532_1533/init_options_153-234604_168-235126.foo.c
896_1527_1528_1529_1530_1531_1532_1533/init_options_153-234604_170-235194.foo.c,896_1527_1528_1529_1530_1531_1532_1533/init_options_153-234604_169-235152.foo.c
896_1527_1528_1529_1530_1531_1532_1533/init_options_153-234604_170-235194.foo.c,896_1527_1528_1529_1530_1531_1532_1533/init_options_152-229099_167-235100.foo.c
896_1527_1528_1529_1530_1531_1532_1533/init_options_153-234604_170-235194.foo.c,896_1527_1528_1529_1530_1531_1532_1533/init_options_148-228997_167-235100.foo.c
896_1527_1528_1529_1530_1531_1532_1533/init_options_153-234604_170-235194.foo.c,896_1527_1528_1529_1530_1531_1532_1533/init_options_153-234604_168-235126.foo.c
896_1527_1528_1529_1530_1531_1532_1533/init_options_153-234604_169-235152.foo.c,896_1527_1528_1529_1530_1531_1532_1533/init_options_152-229099_167-235100.foo.c
896_1527_1528_1529_1530_1531_1532_1533/init_options_153-234604_169-235152.foo.c,896_1527_1528_1529_1530_1531_1532_1533/init_options_148-228997_167-235100.foo.c
896_1527_1528_1529_1530_1531_1532_1533/init_options_153-234604_169-235152.foo.c,896_1527_1528_1529_1530_1531_1532_1533/init_options_153-234604_168-235126.foo.c
896_1527_1528_1529_1530_1531_1532_1533/init_options_152-229099_167-235100.foo.c,896_1527_1528_1529_1530_1531_1532_1533/init_options_148-228997_167-235100.foo.c
896_1527_1528_1529_1530_1531_1532_1533/init_options_152-229099_167-235100.foo.c,896_1527_1528_1529_1530_1531_1532_1533/init_options_153-234604_168-235126.foo.c
896_1527_1528_1529_1530_1531_1532_1533/init_options_148-228997_167-235100.foo.c,896_1527_1528_1529_1530_1531_1532_1533/init_options_153-234604_168-235126.foo.c
1156_1549_1550_1551_1552_1553_1554/search_file_262-233300_287-234655.foo.c,1156_1549_1550_1551_1552_1553_1554/search_file_262-233300_282-233981.foo.c
1156_1549_1550_1551_1552_1553_1554/search_file_262-233300_287-234655.foo.c,1156_1549_1550_1551_1552_1553_1554/search_file_262-233300_276-233800.foo.c
1156_1549_1550_1551_1552_1553_1554/search_file_262-233300_282-233981.foo.c,1156_1549_1550_1551_1552_1553_1554/search_file_262-233300_276-233800.foo.c
212/search_file_264-233338_426-239497.foo.c,212/search_file_267-233496_426-239497.foo.c
212/search_file_264-233338_426-239497.foo.c,212/search_file_266-233480_426-239497.foo.c
212/search_file_264-233338_426-239497.foo.c,212/search_file_288-234810_426-239497.foo.c
212/search_file_267-233496_426-239497.foo.c,212/search_file_266-233480_426-239497.foo.c
212/search_file_267-233496_426-239497.foo.c,212/search_file_288-234810_426-239497.foo.c
212/search_file_266-233480_426-239497.foo.c,212/search_file_288-234810_426-239497.foo.c
341_1415_1417_1418_1419_1420_1423_1425/filename_filter_322-205704_349-213122.foo.c,341_1415_1417_1418_1419_1420_1423_1425/filename_filter_323-206790_382-214196.foo.c
341_1415_1417_1418_1419_1420_1423_1425/filename_filter_322-205704_349-213122.foo.c,341_1415_1417_1418_1419_1420_1423_1425/filename_filter_322-205704_382-214196.foo.c
341_1415_1417_1418_1419_1420_1423_1425/filename_filter_322-205704_349-213122.foo.c,341_1415_1417_1418_1419_1420_1423_1425/filename_filter_323-206790_349-213122.foo.c
341_1415_1417_1418_1419_1420_1423_1425/filename_filter_323-206790_382-214196.foo.c,341_1415_1417_1418_1419_1420_1423_1425/filename_filter_322-205704_382-214196.foo.c
341_1415_1417_1418_1419_1420_1423_1425/filename_filter_323-206790_382-214196.foo.c,341_1415_1417_1418_1419_1420_1423_1425/filename_filter_323-206790_349-213122.foo.c
341_1415_1417_1418_1419_1420_1423_1425/filename_filter_322-205704_382-214196.foo.c,341_1415_1417_1418_1419_1420_1423_1425/filename_filter_323-206790_349-213122.foo.c
454_1446_1447_1448_1449/add_ignore_pattern_161-181675_165-187301.foo.c,454_1446_1447_1448_1449/add_ignore_pattern_162-186967_165-187301.foo.c
454_1446_1447_1448_1449/add_ignore_pattern_161-181675_165-187301.foo.c,454_1446_1447_1448_1449/add_ignore_pattern_162-186967_161-181675.foo.c
454_1446_1447_1448_1449/add_ignore_pattern_161-181675_165-187301.foo.c,454_1446_1447_1448_1449/add_ignore_pattern_161-181675_161-181675.foo.c
454_1446_1447_1448_1449/add_ignore_pattern_162-186967_165-187301.foo.c,454_1446_1447_1448_1449/add_ignore_pattern_162-186967_161-181675.foo.c
454_1446_1447_1448_1449/add_ignore_pattern_162-186967_165-187301.foo.c,454_1446_1447_1448_1449/add_ignore_pattern_161-181675_161-181675.foo.c
454_1446_1447_1448_1449/add_ignore_pattern_162-186967_161-181675.foo.c,454_1446_1447_1448_1449/add_ignore_pattern_161-181675_161-181675.foo.c
1155_1548_1549_1550_1551/search_file_264-233338_287-234655.foo.c,1155_1548_1549_1550_1551/search_file_263-233317_276-233800.foo.c
1155_1548_1549_1550_1551/search_file_264-233338_287-234655.foo.c,1155_1548_1549_1550_1551/search_file_263-233317_282-233981.foo.c
1155_1548_1549_1550_1551/search_file_263-233317_276-233800.foo.c,1155_1548_1549_1550_1551/search_file_263-233317_282-233981.foo.c
412_1431_1432/ag_scandir_27-164186_56-165124.foo.c,412_1431_1432/ag_scandir_28-164375_47-164921.foo.c
412_1431_1432/ag_scandir_27-164186_56-165124.foo.c,412_1431_1432/ag_scandir_27-164186_31-164460.foo.c
412_1431_1432/ag_scandir_27-164186_56-165124.foo.c,412_1431_1432/is_binary_335-187644_344-187803.foo.c
412_1431_1432/ag_scandir_27-164186_56-165124.foo.c,412_1431_1432/ag_scandir_27-164186_47-164921.foo.c
412_1431_1432/ag_scandir_27-164186_56-165124.foo.c,412_1431_1432/ag_scandir_28-164375_56-165124.foo.c
412_1431_1432/ag_scandir_27-164186_56-165124.foo.c,412_1431_1432/ag_scandir_31-164460_56-165124.foo.c
412_1431_1432/ag_scandir_28-164375_47-164921.foo.c,412_1431_1432/ag_scandir_27-164186_31-164460.foo.c
412_1431_1432/ag_scandir_28-164375_47-164921.foo.c,412_1431_1432/is_binary_335-187644_344-187803.foo.c
412_1431_1432/ag_scandir_28-164375_47-164921.foo.c,412_1431_1432/ag_scandir_27-164186_47-164921.foo.c
412_1431_1432/ag_scandir_28-164375_47-164921.foo.c,412_1431_1432/ag_scandir_28-164375_56-165124.foo.c
412_1431_1432/ag_scandir_28-164375_47-164921.foo.c,412_1431_1432/ag_scandir_31-164460_56-165124.foo.c
412_1431_1432/ag_scandir_27-164186_31-164460.foo.c,412_1431_1432/is_binary_335-187644_344-187803.foo.c
412_1431_1432/ag_scandir_27-164186_31-164460.foo.c,412_1431_1432/ag_scandir_27-164186_47-164921.foo.c
412_1431_1432/ag_scandir_27-164186_31-164460.foo.c,412_1431_1432/ag_scandir_28-164375_56-165124.foo.c
412_1431_1432/ag_scandir_27-164186_31-164460.foo.c,412_1431_1432/ag_scandir_31-164460_56-165124.foo.c
412_1431_1432/is_binary_335-187644_344-187803.foo.c,412_1431_1432/ag_scandir_27-164186_47-164921.foo.c
412_1431_1432/is_binary_335-187644_344-187803.foo.c,412_1431_1432/ag_scandir_28-164375_56-165124.foo.c
412_1431_1432/is_binary_335-187644_344-187803.foo.c,412_1431_1432/ag_scandir_31-164460_56-165124.foo.c
412_1431_1432/ag_scandir_27-164186_47-164921.foo.c,412_1431_1432/ag_scandir_28-164375_56-165124.foo.c
412_1431_1432/ag_scandir_27-164186_47-164921.foo.c,412_1431_1432/ag_scandir_31-164460_56-165124.foo.c
412_1431_1432/ag_scandir_28-164375_56-165124.foo.c,412_1431_1432/ag_scandir_31-164460_56-165124.foo.c
367_1423_1426_1427_1428_1429_1430/is_binary_336-187700_349-194568.foo.c,367_1423_1426_1427_1428_1429_1430/is_binary_335-187644_349-194568.foo.c
565_1469_1473_1475/is_binary_360-195439_376-195964.foo.c,565_1469_1473_1475/is_binary_355-195288_355-195288.foo.c
565_1469_1473_1475/is_binary_360-195439_376-195964.foo.c,565_1469_1473_1475/is_prefix_91-172887_91-172887.foo.c
565_1469_1473_1475/is_binary_360-195439_376-195964.foo.c,565_1469_1473_1475/is_binary_358-195350_358-195350.foo.c
565_1469_1473_1475/is_binary_355-195288_355-195288.foo.c,565_1469_1473_1475/is_prefix_91-172887_91-172887.foo.c
565_1469_1473_1475/is_binary_355-195288_355-195288.foo.c,565_1469_1473_1475/is_binary_358-195350_358-195350.foo.c
565_1469_1473_1475/is_prefix_91-172887_91-172887.foo.c,565_1469_1473_1475/is_binary_358-195350_358-195350.foo.c
617_1484_1486_1491_1500_1501/print_file_matches_244-231509_303-234383.foo.c,617_1484_1486_1491_1500_1501/print_file_matches_236-230971_303-234383.foo.c
617_1484_1486_1491_1500_1501/print_file_matches_244-231509_303-234383.foo.c,617_1484_1486_1491_1500_1501/print_file_matches_235-230931_235-230931.foo.c
617_1484_1486_1491_1500_1501/print_file_matches_244-231509_303-234383.foo.c,617_1484_1486_1491_1500_1501/check_symloop_enter_500-250416_500-250835.foo.c
617_1484_1486_1491_1500_1501/print_file_matches_244-231509_303-234383.foo.c,617_1484_1486_1491_1500_1501/search_file_322-236575_333-236922.foo.c
617_1484_1486_1491_1500_1501/print_file_matches_244-231509_303-234383.foo.c,617_1484_1486_1491_1500_1501/search_buf_87-226868_87-226868.foo.c
617_1484_1486_1491_1500_1501/print_file_matches_244-231509_303-234383.foo.c,617_1484_1486_1491_1500_1501/hash_strnstr_231-182908_232-184034.foo.c
617_1484_1486_1491_1500_1501/print_file_matches_236-230971_303-234383.foo.c,617_1484_1486_1491_1500_1501/print_file_matches_235-230931_235-230931.foo.c
617_1484_1486_1491_1500_1501/print_file_matches_236-230971_303-234383.foo.c,617_1484_1486_1491_1500_1501/check_symloop_enter_500-250416_500-250835.foo.c
617_1484_1486_1491_1500_1501/print_file_matches_236-230971_303-234383.foo.c,617_1484_1486_1491_1500_1501/search_file_322-236575_333-236922.foo.c
617_1484_1486_1491_1500_1501/print_file_matches_236-230971_303-234383.foo.c,617_1484_1486_1491_1500_1501/search_buf_87-226868_87-226868.foo.c
617_1484_1486_1491_1500_1501/print_file_matches_236-230971_303-234383.foo.c,617_1484_1486_1491_1500_1501/hash_strnstr_231-182908_232-184034.foo.c
617_1484_1486_1491_1500_1501/print_file_matches_235-230931_235-230931.foo.c,617_1484_1486_1491_1500_1501/check_symloop_enter_500-250416_500-250835.foo.c
617_1484_1486_1491_1500_1501/print_file_matches_235-230931_235-230931.foo.c,617_1484_1486_1491_1500_1501/search_file_322-236575_333-236922.foo.c
617_1484_1486_1491_1500_1501/print_file_matches_235-230931_235-230931.foo.c,617_1484_1486_1491_1500_1501/search_buf_87-226868_87-226868.foo.c
617_1484_1486_1491_1500_1501/print_file_matches_235-230931_235-230931.foo.c,617_1484_1486_1491_1500_1501/hash_strnstr_231-182908_232-184034.foo.c
617_1484_1486_1491_1500_1501/check_symloop_enter_500-250416_500-250835.foo.c,617_1484_1486_1491_1500_1501/search_file_322-236575_333-236922.foo.c
617_1484_1486_1491_1500_1501/check_symloop_enter_500-250416_500-250835.foo.c,617_1484_1486_1491_1500_1501/search_buf_87-226868_87-226868.foo.c
617_1484_1486_1491_1500_1501/check_symloop_enter_500-250416_500-250835.foo.c,617_1484_1486_1491_1500_1501/hash_strnstr_231-182908_232-184034.foo.c
617_1484_1486_1491_1500_1501/search_file_322-236575_333-236922.foo.c,617_1484_1486_1491_1500_1501/search_buf_87-226868_87-226868.foo.c
617_1484_1486_1491_1500_1501/search_file_322-236575_333-236922.foo.c,617_1484_1486_1491_1500_1501/hash_strnstr_231-182908_232-184034.foo.c
617_1484_1486_1491_1500_1501/search_buf_87-226868_87-226868.foo.c,617_1484_1486_1491_1500_1501/hash_strnstr_231-182908_232-184034.foo.c
566_1475_1478_1479_1480/check_symloop_leave_515-252614_515-252965.foo.c,566_1475_1478_1479_1480/check_symloop_leave_515-252844_515-252965.foo.c
566_1475_1478_1479_1480/check_symloop_leave_515-252614_515-252965.foo.c,566_1475_1478_1479_1480/check_symloop_leave_515-252729_515-252965.foo.c
566_1475_1478_1479_1480/check_symloop_leave_515-252614_515-252965.foo.c,566_1475_1478_1479_1480/check_symloop_enter_493-242471_493-242592.foo.c
566_1475_1478_1479_1480/check_symloop_leave_515-252614_515-252965.foo.c,566_1475_1478_1479_1480/check_symloop_enter_493-242356_493-242592.foo.c
566_1475_1478_1479_1480/check_symloop_leave_515-252844_515-252965.foo.c,566_1475_1478_1479_1480/check_symloop_leave_515-252729_515-252965.foo.c
566_1475_1478_1479_1480/check_symloop_leave_515-252844_515-252965.foo.c,566_1475_1478_1479_1480/check_symloop_enter_493-242241_493-242592.foo.c
566_1475_1478_1479_1480/check_symloop_leave_515-252844_515-252965.foo.c,566_1475_1478_1479_1480/check_symloop_enter_493-242471_493-242592.foo.c
566_1475_1478_1479_1480/check_symloop_leave_515-252844_515-252965.foo.c,566_1475_1478_1479_1480/check_symloop_enter_493-242356_493-242592.foo.c
566_1475_1478_1479_1480/check_symloop_leave_515-252729_515-252965.foo.c,566_1475_1478_1479_1480/check_symloop_enter_493-242241_493-242592.foo.c
566_1475_1478_1479_1480/check_symloop_leave_515-252729_515-252965.foo.c,566_1475_1478_1479_1480/check_symloop_enter_493-242471_493-242592.foo.c
566_1475_1478_1479_1480/check_symloop_leave_515-252729_515-252965.foo.c,566_1475_1478_1479_1480/check_symloop_enter_493-242356_493-242592.foo.c
566_1475_1478_1479_1480/check_symloop_enter_493-242241_493-242592.foo.c,566_1475_1478_1479_1480/check_symloop_enter_493-242471_493-242592.foo.c
566_1475_1478_1479_1480/check_symloop_enter_493-242241_493-242592.foo.c,566_1475_1478_1479_1480/check_symloop_enter_493-242356_493-242592.foo.c
566_1475_1478_1479_1480/check_symloop_enter_493-242471_493-242592.foo.c,566_1475_1478_1479_1480/check_symloop_enter_493-242356_493-242592.foo.c
1237_1565_1566_1567_1568/search_buf_22-224535_39-224962.foo.c,1237_1565_1566_1567_1568/search_buf_21-224514_39-224962.foo.c
341_1415_1417_1418_1419_1420/filename_filter_322-205704_349-213122.foo.c,341_1415_1417_1418_1419_1420/filename_filter_323-206790_339-212482.foo.c
1330_1580_1581_1583_1584_1585_1586/check_symloop_enter_500-246724_500-248052.foo.c,1330_1580_1581_1583_1584_1585_1586/check_symloop_enter_500-246690_500-248052.foo.c
1330_1580_1581_1583_1584_1585_1586/check_symloop_enter_500-246724_500-248052.foo.c,1330_1580_1581_1583_1584_1585_1586/check_symloop_enter_500-246625_500-248052.foo.c
1330_1580_1581_1583_1584_1585_1586/check_symloop_enter_500-246724_500-248052.foo.c,1330_1580_1581_1583_1584_1585_1586/check_symloop_enter_500-246752_500-248052.foo.c
1330_1580_1581_1583_1584_1585_1586/check_symloop_enter_500-246690_500-248052.foo.c,1330_1580_1581_1583_1584_1585_1586/check_symloop_enter_500-246625_500-248052.foo.c
1330_1580_1581_1583_1584_1585_1586/check_symloop_enter_500-246690_500-248052.foo.c,1330_1580_1581_1583_1584_1585_1586/check_symloop_enter_500-246752_500-248052.foo.c
1330_1580_1581_1583_1584_1585_1586/check_symloop_enter_500-246625_500-248052.foo.c,1330_1580_1581_1583_1584_1585_1586/check_symloop_enter_500-246752_500-248052.foo.c
1319_1570_1571_1572_1573/print_file_matches_150-227089_153-227158.foo.c,1319_1570_1571_1572_1573/print_file_matches_149-227063_153-227158.foo.c
1002_1543_1545_1546_1547_1548_1549/check_symloop_enter_493-242129_493-243756.foo.c,1002_1543_1545_1546_1547_1548_1549/check_symloop_enter_493-242153_493-243756.foo.c
1002_1543_1545_1546_1547_1548_1549/check_symloop_enter_493-242129_493-243756.foo.c,1002_1543_1545_1546_1547_1548_1549/check_symloop_enter_493-242181_493-243756.foo.c
1002_1543_1545_1546_1547_1548_1549/check_symloop_enter_493-242129_493-243756.foo.c,1002_1543_1545_1546_1547_1548_1549/check_symloop_leave_515-252554_515-254129.foo.c
1002_1543_1545_1546_1547_1548_1549/check_symloop_enter_493-242129_493-243756.foo.c,1002_1543_1545_1546_1547_1548_1549/check_symloop_leave_515-252450_515-254129.foo.c
1002_1543_1545_1546_1547_1548_1549/check_symloop_enter_493-242129_493-243756.foo.c,1002_1543_1545_1546_1547_1548_1549/check_symloop_enter_493-242077_493-243756.foo.c
1002_1543_1545_1546_1547_1548_1549/check_symloop_enter_493-242129_493-243756.foo.c,1002_1543_1545_1546_1547_1548_1549/check_symloop_leave_515-252526_515-254129.foo.c
1002_1543_1545_1546_1547_1548_1549/check_symloop_enter_493-242129_493-243756.foo.c,1002_1543_1545_1546_1547_1548_1549/check_symloop_leave_515-252502_515-254129.foo.c
1002_1543_1545_1546_1547_1548_1549/check_symloop_enter_493-242153_493-243756.foo.c,1002_1543_1545_1546_1547_1548_1549/check_symloop_enter_493-242181_493-243756.foo.c
1002_1543_1545_1546_1547_1548_1549/check_symloop_enter_493-242153_493-243756.foo.c,1002_1543_1545_1546_1547_1548_1549/check_symloop_leave_515-252554_515-254129.foo.c
1002_1543_1545_1546_1547_1548_1549/check_symloop_enter_493-242153_493-243756.foo.c,1002_1543_1545_1546_1547_1548_1549/check_symloop_leave_515-252450_515-254129.foo.c
1002_1543_1545_1546_1547_1548_1549/check_symloop_enter_493-242153_493-243756.foo.c,1002_1543_1545_1546_1547_1548_1549/check_symloop_enter_493-242077_493-243756.foo.c
1002_1543_1545_1546_1547_1548_1549/check_symloop_enter_493-242153_493-243756.foo.c,1002_1543_1545_1546_1547_1548_1549/check_symloop_leave_515-252526_515-254129.foo.c
1002_1543_1545_1546_1547_1548_1549/check_symloop_enter_493-242153_493-243756.foo.c,1002_1543_1545_1546_1547_1548_1549/check_symloop_leave_515-252502_515-254129.foo.c
1002_1543_1545_1546_1547_1548_1549/check_symloop_enter_493-242181_493-243756.foo.c,1002_1543_1545_1546_1547_1548_1549/check_symloop_leave_515-252554_515-254129.foo.c
1002_1543_1545_1546_1547_1548_1549/check_symloop_enter_493-242181_493-243756.foo.c,1002_1543_1545_1546_1547_1548_1549/check_symloop_leave_515-252450_515-254129.foo.c
1002_1543_1545_1546_1547_1548_1549/check_symloop_enter_493-242181_493-243756.foo.c,1002_1543_1545_1546_1547_1548_1549/check_symloop_enter_493-242077_493-243756.foo.c
1002_1543_1545_1546_1547_1548_1549/check_symloop_enter_493-242181_493-243756.foo.c,1002_1543_1545_1546_1547_1548_1549/check_symloop_leave_515-252526_515-254129.foo.c
1002_1543_1545_1546_1547_1548_1549/check_symloop_enter_493-242181_493-243756.foo.c,1002_1543_1545_1546_1547_1548_1549/check_symloop_leave_515-252502_515-254129.foo.c
1002_1543_1545_1546_1547_1548_1549/check_symloop_leave_515-252554_515-254129.foo.c,1002_1543_1545_1546_1547_1548_1549/check_symloop_leave_515-252450_515-254129.foo.c
1002_1543_1545_1546_1547_1548_1549/check_symloop_leave_515-252554_515-254129.foo.c,1002_1543_1545_1546_1547_1548_1549/check_symloop_enter_493-242077_493-243756.foo.c
1002_1543_1545_1546_1547_1548_1549/check_symloop_leave_515-252554_515-254129.foo.c,1002_1543_1545_1546_1547_1548_1549/check_symloop_leave_515-252526_515-254129.foo.c
1002_1543_1545_1546_1547_1548_1549/check_symloop_leave_515-252554_515-254129.foo.c,1002_1543_1545_1546_1547_1548_1549/check_symloop_leave_515-252502_515-254129.foo.c
1002_1543_1545_1546_1547_1548_1549/check_symloop_leave_515-252450_515-254129.foo.c,1002_1543_1545_1546_1547_1548_1549/check_symloop_leave_515-252526_515-254129.foo.c
1002_1543_1545_1546_1547_1548_1549/check_symloop_leave_515-252450_515-254129.foo.c,1002_1543_1545_1546_1547_1548_1549/check_symloop_leave_515-252502_515-254129.foo.c
1002_1543_1545_1546_1547_1548_1549/check_symloop_enter_493-242077_493-243756.foo.c,1002_1543_1545_1546_1547_1548_1549/check_symloop_leave_515-252526_515-254129.foo.c
1002_1543_1545_1546_1547_1548_1549/check_symloop_enter_493-242077_493-243756.foo.c,1002_1543_1545_1546_1547_1548_1549/check_symloop_leave_515-252502_515-254129.foo.c
1002_1543_1545_1546_1547_1548_1549/check_symloop_leave_515-252526_515-254129.foo.c,1002_1543_1545_1546_1547_1548_1549/check_symloop_leave_515-252502_515-254129.foo.c
898_1529_1530_1531_1532/init_options_148-228997_156-234936.foo.c,898_1529_1530_1531_1532/init_options_151-229067_157-234965.foo.c
898_1529_1530_1531_1532/init_options_152-229099_156-234936.foo.c,898_1529_1530_1531_1532/init_options_151-229067_157-234965.foo.c
898_1529_1530_1531_1532/init_options_151-229067_157-234965.foo.c,898_1529_1530_1531_1532/init_options_151-229067_153-234604.foo.c
898_1529_1530_1531_1532/init_options_151-229067_157-234965.foo.c,898_1529_1530_1531_1532/init_options_148-228997_157-234965.foo.c
898_1529_1530_1531_1532/init_options_151-229067_157-234965.foo.c,898_1529_1530_1531_1532/init_options_151-229067_156-234936.foo.c
898_1529_1530_1531_1532/init_options_151-229067_157-234965.foo.c,898_1529_1530_1531_1532/init_options_152-229099_157-234965.foo.c
898_1529_1530_1531_1532/init_options_151-229067_157-234965.foo.c,898_1529_1530_1531_1532/init_options_152-229099_153-234604.foo.c
898_1529_1530_1531_1532/init_options_151-229067_157-234965.foo.c,898_1529_1530_1531_1532/init_options_148-228997_153-234604.foo.c
566_1474_1477_1478_1479/filename_filter_344-213051_358-213568.foo.c,566_1474_1477_1478_1479/generate_hash_165-178258_162-178177.foo.c
566_1474_1477_1478_1479/filename_filter_344-213051_358-213568.foo.c,566_1474_1477_1478_1479/filename_filter_344-213051_378-214125.foo.c
566_1474_1477_1478_1479/filename_filter_344-213051_358-213568.foo.c,566_1474_1477_1478_1479/filename_filter_344-213051_362-213661.foo.c
566_1474_1477_1478_1479/generate_hash_165-178258_162-178177.foo.c,566_1474_1477_1478_1479/filename_filter_344-213051_378-214125.foo.c
566_1474_1477_1478_1479/generate_hash_165-178258_162-178177.foo.c,566_1474_1477_1478_1479/filename_filter_344-213051_362-213661.foo.c
566_1474_1477_1478_1479/filename_filter_344-213051_378-214125.foo.c,566_1474_1477_1478_1479/filename_filter_344-213051_362-213661.foo.c
341_1416_1418/filename_filter_299-199059_336-207044.foo.c,341_1416_1418/add_ignore_pattern_109-178412_170-187513.foo.c
341_1416_1418/add_ignore_pattern_115-178817_170-187513.foo.c,341_1416_1418/add_ignore_pattern_109-178412_170-187513.foo.c
341_1416_1418/add_ignore_pattern_109-178412_170-187513.foo.c,341_1416_1418/filename_filter_294-198961_336-207044.foo.c
341_1416_1418/add_ignore_pattern_109-178412_170-187513.foo.c,341_1416_1418/add_ignore_pattern_115-178817_168-187394.foo.c
341_1415_1417_1418_1419_1420_1423_1424/filename_filter_322-205704_339-212482.foo.c,341_1415_1417_1418_1419_1420_1423_1424/path_ignore_search_216-189452_268-198009.foo.c
341_1415_1417_1418_1419_1420_1423_1424/filename_filter_322-205704_339-212482.foo.c,341_1415_1417_1418_1419_1420_1423_1424/path_ignore_search_216-189452_277-198406.foo.c
341_1415_1417_1418_1419_1420_1423_1424/filename_filter_322-205704_339-212482.foo.c,341_1415_1417_1418_1419_1420_1423_1424/path_ignore_search_215-189382_277-198406.foo.c
341_1415_1417_1418_1419_1420_1423_1424/path_ignore_search_216-189452_268-198009.foo.c,341_1415_1417_1418_1419_1420_1423_1424/filename_filter_323-206790_339-212482.foo.c
341_1415_1417_1418_1419_1420_1423_1424/path_ignore_search_216-189452_268-198009.foo.c,341_1415_1417_1418_1419_1420_1423_1424/path_ignore_search_216-189452_277-198406.foo.c
341_1415_1417_1418_1419_1420_1423_1424/path_ignore_search_216-189452_268-198009.foo.c,341_1415_1417_1418_1419_1420_1423_1424/path_ignore_search_215-189382_277-198406.foo.c
341_1415_1417_1418_1419_1420_1423_1424/filename_filter_323-206790_339-212482.foo.c,341_1415_1417_1418_1419_1420_1423_1424/path_ignore_search_216-189452_277-198406.foo.c
341_1415_1417_1418_1419_1420_1423_1424/filename_filter_323-206790_339-212482.foo.c,341_1415_1417_1418_1419_1420_1423_1424/path_ignore_search_215-189382_277-198406.foo.c
341_1415_1417_1418_1419_1420_1423_1424/filename_filter_323-206790_339-212482.foo.c,341_1415_1417_1418_1419_1420_1423_1424/path_ignore_search_215-189382_268-198009.foo.c
341_1415_1417_1418_1419_1420_1423_1424/path_ignore_search_216-189452_277-198406.foo.c,341_1415_1417_1418_1419_1420_1423_1424/path_ignore_search_215-189382_277-198406.foo.c
145_1380/main_107-230227_146-232959.foo.c,145_1380/main_111-230477_146-232959.foo.c
145_1380/main_107-230227_146-232959.foo.c,145_1380/main_104-229951_146-232959.foo.c
145_1380/main_107-230227_146-232959.foo.c,145_1380/main_101-229717_146-232959.foo.c
145_1380/main_107-230227_146-232959.foo.c,145_1380/main_115-230605_146-232959.foo.c
145_1380/main_111-230477_146-232959.foo.c,145_1380/main_104-229951_146-232959.foo.c
145_1380/main_111-230477_146-232959.foo.c,145_1380/main_101-229717_146-232959.foo.c
145_1380/main_111-230477_146-232959.foo.c,145_1380/main_115-230605_146-232959.foo.c
145_1380/main_104-229951_146-232959.foo.c,145_1380/main_101-229717_146-232959.foo.c
145_1380/main_104-229951_146-232959.foo.c,145_1380/main_115-230605_146-232959.foo.c
145_1380/main_101-229717_146-232959.foo.c,145_1380/main_115-230605_146-232959.foo.c
1330_1580_1581_1583_1584_1585/check_symloop_enter_500-246724_500-248052.foo.c,1330_1580_1581_1583_1584_1585/check_symloop_enter_500-246690_500-248052.foo.c
1330_1580_1581_1583_1584_1585/check_symloop_enter_500-246724_500-248052.foo.c,1330_1580_1581_1583_1584_1585/check_symloop_enter_500-246752_500-248052.foo.c
1330_1580_1581_1583_1584_1585/check_symloop_enter_500-246690_500-248052.foo.c,1330_1580_1581_1583_1584_1585/check_symloop_enter_500-246752_500-248052.foo.c
224_1387_1389_1390/search_file_266-233480_392-238733.foo.c,224_1387_1389_1390/search_file_267-233496_414-239165.foo.c
224_1387_1389_1390/search_file_266-233480_392-238733.foo.c,224_1387_1389_1390/search_file_267-233496_358-237135.foo.c
224_1387_1389_1390/search_file_267-233496_392-238733.foo.c,224_1387_1389_1390/search_file_264-233338_392-238733.foo.c
224_1387_1389_1390/search_file_267-233496_392-238733.foo.c,224_1387_1389_1390/search_file_267-233496_414-239165.foo.c
224_1387_1389_1390/search_file_267-233496_392-238733.foo.c,224_1387_1389_1390/search_file_264-233338_414-239165.foo.c
224_1387_1389_1390/search_file_267-233496_392-238733.foo.c,224_1387_1389_1390/search_file_266-233480_414-239165.foo.c
224_1387_1389_1390/search_file_267-233496_392-238733.foo.c,224_1387_1389_1390/search_file_266-233480_358-237135.foo.c
224_1387_1389_1390/search_file_267-233496_392-238733.foo.c,224_1387_1389_1390/search_file_264-233338_358-237135.foo.c
224_1387_1389_1390/search_file_267-233496_392-238733.foo.c,224_1387_1389_1390/search_file_267-233496_358-237135.foo.c
224_1387_1389_1390/search_file_264-233338_392-238733.foo.c,224_1387_1389_1390/search_file_267-233496_414-239165.foo.c
224_1387_1389_1390/search_file_264-233338_392-238733.foo.c,224_1387_1389_1390/search_file_267-233496_358-237135.foo.c
224_1387_1389_1390/search_file_267-233496_414-239165.foo.c,224_1387_1389_1390/search_file_264-233338_414-239165.foo.c
224_1387_1389_1390/search_file_267-233496_414-239165.foo.c,224_1387_1389_1390/search_file_266-233480_358-237135.foo.c
224_1387_1389_1390/search_file_267-233496_414-239165.foo.c,224_1387_1389_1390/search_file_264-233338_358-237135.foo.c
224_1387_1389_1390/search_file_267-233496_414-239165.foo.c,224_1387_1389_1390/search_file_267-233496_358-237135.foo.c
224_1387_1389_1390/search_file_264-233338_414-239165.foo.c,224_1387_1389_1390/search_file_267-233496_358-237135.foo.c
224_1387_1389_1390/search_file_266-233480_414-239165.foo.c,224_1387_1389_1390/search_file_267-233496_358-237135.foo.c
224_1387_1389_1390/search_file_264-233338_358-237135.foo.c,224_1387_1389_1390/search_file_267-233496_358-237135.foo.c
904_1533_1534_1535/init_options_152-229099_158-235000.foo.c,904_1533_1534_1535/init_options_151-229067_158-235000.foo.c
904_1533_1534_1535/init_options_153-234604_163-235036.foo.c,904_1533_1534_1535/init_options_151-229067_158-235000.foo.c
411_1428_1435_1436/ag_scandir_15-163781_76-165549.foo.c,411_1428_1435_1436/ag_scandir_15-163781_62-165225.foo.c
411_1428_1435_1436/ag_scandir_15-163781_76-165549.foo.c,411_1428_1435_1436/ag_scandir_15-163781_69-165303.foo.c
411_1428_1435_1436/ag_scandir_15-163781_76-165549.foo.c,411_1428_1435_1436/ag_scandir_15-163781_65-165256.foo.c
411_1428_1435_1436/ag_scandir_15-163781_76-165549.foo.c,411_1428_1435_1436/is_binary_334-187611_344-187803.foo.c
411_1428_1435_1436/ag_scandir_15-163781_76-165549.foo.c,411_1428_1435_1436/ag_scandir_15-163781_61-165202.foo.c
411_1428_1435_1436/ag_scandir_15-163781_62-165225.foo.c,411_1428_1435_1436/ag_scandir_15-163781_69-165303.foo.c
411_1428_1435_1436/ag_scandir_15-163781_62-165225.foo.c,411_1428_1435_1436/ag_scandir_15-163781_65-165256.foo.c
411_1428_1435_1436/ag_scandir_15-163781_62-165225.foo.c,411_1428_1435_1436/is_binary_334-187611_344-187803.foo.c
411_1428_1435_1436/ag_scandir_15-163781_62-165225.foo.c,411_1428_1435_1436/ag_scandir_15-163781_61-165202.foo.c
411_1428_1435_1436/ag_scandir_15-163781_69-165303.foo.c,411_1428_1435_1436/ag_scandir_15-163781_65-165256.foo.c
411_1428_1435_1436/ag_scandir_15-163781_69-165303.foo.c,411_1428_1435_1436/is_binary_334-187611_344-187803.foo.c
411_1428_1435_1436/ag_scandir_15-163781_69-165303.foo.c,411_1428_1435_1436/ag_scandir_15-163781_61-165202.foo.c
411_1428_1435_1436/ag_scandir_15-163781_65-165256.foo.c,411_1428_1435_1436/is_binary_334-187611_344-187803.foo.c
411_1428_1435_1436/ag_scandir_15-163781_65-165256.foo.c,411_1428_1435_1436/ag_scandir_15-163781_61-165202.foo.c
411_1428_1435_1436/is_binary_334-187611_344-187803.foo.c,411_1428_1435_1436/ag_scandir_15-163781_61-165202.foo.c
341_1415/filename_filter_322-205704_349-213122.foo.c,341_1415/path_ignore_search_216-189452_268-198009.foo.c
341_1415/filename_filter_322-205704_349-213122.foo.c,341_1415/path_ignore_search_216-189452_277-198406.foo.c
341_1415/filename_filter_322-205704_349-213122.foo.c,341_1415/path_ignore_search_215-189382_277-198406.foo.c
341_1415/filename_filter_323-206790_382-214196.foo.c,341_1415/filename_filter_322-205704_382-214196.foo.c
341_1415/filename_filter_323-206790_382-214196.foo.c,341_1415/filename_filter_323-206790_349-213122.foo.c
341_1415/filename_filter_323-206790_382-214196.foo.c,341_1415/filename_filter_336-207044_347-213078.foo.c
341_1415/filename_filter_323-206790_382-214196.foo.c,341_1415/path_ignore_search_216-189452_268-198009.foo.c
341_1415/filename_filter_323-206790_382-214196.foo.c,341_1415/filename_filter_323-206790_339-212482.foo.c
341_1415/filename_filter_323-206790_382-214196.foo.c,341_1415/path_ignore_search_216-189452_277-198406.foo.c
341_1415/filename_filter_323-206790_382-214196.foo.c,341_1415/path_ignore_search_215-189382_277-198406.foo.c
341_1415/filename_filter_323-206790_382-214196.foo.c,341_1415/path_ignore_search_215-189382_268-198009.foo.c
341_1415/filename_filter_323-206790_382-214196.foo.c,341_1415/filename_filter_339-212482_347-213078.foo.c
341_1415/filename_filter_322-205704_382-214196.foo.c,341_1415/filename_filter_323-206790_349-213122.foo.c
341_1415/filename_filter_322-205704_382-214196.foo.c,341_1415/filename_filter_336-207044_347-213078.foo.c
341_1415/filename_filter_322-205704_382-214196.foo.c,341_1415/path_ignore_search_216-189452_268-198009.foo.c
341_1415/filename_filter_322-205704_382-214196.foo.c,341_1415/filename_filter_323-206790_339-212482.foo.c
341_1415/filename_filter_322-205704_382-214196.foo.c,341_1415/path_ignore_search_216-189452_277-198406.foo.c
341_1415/filename_filter_322-205704_382-214196.foo.c,341_1415/path_ignore_search_215-189382_277-198406.foo.c
341_1415/filename_filter_322-205704_382-214196.foo.c,341_1415/path_ignore_search_215-189382_268-198009.foo.c
341_1415/filename_filter_322-205704_382-214196.foo.c,341_1415/filename_filter_339-212482_347-213078.foo.c
341_1415/filename_filter_323-206790_349-213122.foo.c,341_1415/filename_filter_336-207044_347-213078.foo.c
341_1415/filename_filter_323-206790_349-213122.foo.c,341_1415/path_ignore_search_216-189452_268-198009.foo.c
341_1415/filename_filter_323-206790_349-213122.foo.c,341_1415/filename_filter_323-206790_339-212482.foo.c
341_1415/filename_filter_323-206790_349-213122.foo.c,341_1415/path_ignore_search_216-189452_277-198406.foo.c
341_1415/filename_filter_323-206790_349-213122.foo.c,341_1415/path_ignore_search_215-189382_277-198406.foo.c
341_1415/filename_filter_323-206790_349-213122.foo.c,341_1415/path_ignore_search_215-189382_268-198009.foo.c
341_1415/filename_filter_323-206790_349-213122.foo.c,341_1415/filename_filter_339-212482_347-213078.foo.c
341_1415/filename_filter_336-207044_347-213078.foo.c,341_1415/path_ignore_search_216-189452_268-198009.foo.c
341_1415/filename_filter_336-207044_347-213078.foo.c,341_1415/filename_filter_323-206790_339-212482.foo.c
341_1415/filename_filter_336-207044_347-213078.foo.c,341_1415/path_ignore_search_216-189452_277-198406.foo.c
341_1415/filename_filter_336-207044_347-213078.foo.c,341_1415/path_ignore_search_215-189382_277-198406.foo.c
341_1415/filename_filter_336-207044_347-213078.foo.c,341_1415/path_ignore_search_215-189382_268-198009.foo.c
341_1415/filename_filter_322-205704_339-212482.foo.c,341_1415/path_ignore_search_216-189452_268-198009.foo.c
341_1415/filename_filter_322-205704_339-212482.foo.c,341_1415/path_ignore_search_216-189452_277-198406.foo.c
341_1415/filename_filter_322-205704_339-212482.foo.c,341_1415/path_ignore_search_215-189382_277-198406.foo.c
341_1415/path_ignore_search_216-189452_268-198009.foo.c,341_1415/filename_filter_323-206790_339-212482.foo.c
341_1415/path_ignore_search_216-189452_268-198009.foo.c,341_1415/path_ignore_search_216-189452_277-198406.foo.c
341_1415/path_ignore_search_216-189452_268-198009.foo.c,341_1415/path_ignore_search_215-189382_277-198406.foo.c
341_1415/path_ignore_search_216-189452_268-198009.foo.c,341_1415/filename_filter_339-212482_347-213078.foo.c
341_1415/filename_filter_323-206790_339-212482.foo.c,341_1415/path_ignore_search_216-189452_277-198406.foo.c
341_1415/filename_filter_323-206790_339-212482.foo.c,341_1415/path_ignore_search_215-189382_277-198406.foo.c
341_1415/filename_filter_323-206790_339-212482.foo.c,341_1415/path_ignore_search_215-189382_268-198009.foo.c
341_1415/filename_filter_323-206790_339-212482.foo.c,341_1415/filename_filter_339-212482_347-213078.foo.c
341_1415/path_ignore_search_216-189452_277-198406.foo.c,341_1415/path_ignore_search_215-189382_277-198406.foo.c
341_1415/path_ignore_search_216-189452_277-198406.foo.c,341_1415/filename_filter_339-212482_347-213078.foo.c
341_1415/path_ignore_search_215-189382_277-198406.foo.c,341_1415/filename_filter_339-212482_347-213078.foo.c
341_1415/path_ignore_search_215-189382_268-198009.foo.c,341_1415/filename_filter_339-212482_347-213078.foo.c
959_1540_1542_1543/fgetln_560-212383_584-213306.foo.c,959_1540_1542_1543/fgetln_560-212383_583-213289.foo.c
411_1426_1430/search_file_295-235182_322-236575.foo.c,411_1426_1430/add_ignore_pattern_161-181675_170-187513.foo.c
411_1426_1430/filename_filter_299-199059_319-205584.foo.c,411_1426_1430/add_ignore_pattern_161-181675_170-187513.foo.c
411_1426_1430/filename_filter_299-199059_319-205584.foo.c,411_1426_1430/search_file_296-235212_322-236575.foo.c
411_1426_1430/add_ignore_pattern_161-181675_170-187513.foo.c,411_1426_1430/filename_filter_294-198961_320-205647.foo.c
411_1426_1430/add_ignore_pattern_161-181675_170-187513.foo.c,411_1426_1430/add_ignore_pattern_104-177886_109-178412.foo.c
411_1426_1430/add_ignore_pattern_161-181675_170-187513.foo.c,411_1426_1430/search_file_296-235212_322-236575.foo.c
411_1426_1430/add_ignore_pattern_161-181675_170-187513.foo.c,411_1426_1430/filename_filter_299-199059_320-205647.foo.c
411_1426_1430/add_ignore_pattern_161-181675_170-187513.foo.c,411_1426_1430/filename_filter_294-198961_319-205584.foo.c
411_1426_1430/filename_filter_294-198961_320-205647.foo.c,411_1426_1430/search_file_296-235212_322-236575.foo.c
411_1426_1430/add_ignore_pattern_104-177886_109-178412.foo.c,411_1426_1430/search_file_296-235212_322-236575.foo.c
411_1426_1430/search_file_296-235212_322-236575.foo.c,411_1426_1430/filename_filter_299-199059_320-205647.foo.c
411_1426_1430/search_file_296-235212_322-236575.foo.c,411_1426_1430/filename_filter_294-198961_319-205584.foo.c
411_1426_1430/search_file_296-235212_322-236575.foo.c,411_1426_1430/add_ignore_pattern_161-181675_168-187394.foo.c
896_1527_1528_1529_1530_1531/init_options_151-229067_167-235100.foo.c,896_1527_1528_1529_1530_1531/init_options_153-234604_170-235194.foo.c
896_1527_1528_1529_1530_1531/init_options_151-229067_167-235100.foo.c,896_1527_1528_1529_1530_1531/init_options_153-234604_169-235152.foo.c
896_1527_1528_1529_1530_1531/init_options_151-229067_167-235100.foo.c,896_1527_1528_1529_1530_1531/init_options_152-229099_167-235100.foo.c
896_1527_1528_1529_1530_1531/init_options_151-229067_167-235100.foo.c,896_1527_1528_1529_1530_1531/init_options_148-228997_167-235100.foo.c
896_1527_1528_1529_1530_1531/init_options_151-229067_167-235100.foo.c,896_1527_1528_1529_1530_1531/init_options_153-234604_168-235126.foo.c
896_1527_1528_1529_1530_1531/init_options_153-234604_170-235194.foo.c,896_1527_1528_1529_1530_1531/init_options_153-234604_169-235152.foo.c
896_1527_1528_1529_1530_1531/init_options_153-234604_170-235194.foo.c,896_1527_1528_1529_1530_1531/init_options_152-229099_167-235100.foo.c
896_1527_1528_1529_1530_1531/init_options_153-234604_170-235194.foo.c,896_1527_1528_1529_1530_1531/init_options_148-228997_167-235100.foo.c
896_1527_1528_1529_1530_1531/init_options_153-234604_170-235194.foo.c,896_1527_1528_1529_1530_1531/init_options_153-234604_168-235126.foo.c
896_1527_1528_1529_1530_1531/init_options_153-234604_169-235152.foo.c,896_1527_1528_1529_1530_1531/init_options_152-229099_167-235100.foo.c
896_1527_1528_1529_1530_1531/init_options_153-234604_169-235152.foo.c,896_1527_1528_1529_1530_1531/init_options_148-228997_167-235100.foo.c
896_1527_1528_1529_1530_1531/init_options_153-234604_169-235152.foo.c,896_1527_1528_1529_1530_1531/init_options_153-234604_168-235126.foo.c
896_1527_1528_1529_1530_1531/init_options_152-229099_167-235100.foo.c,896_1527_1528_1529_1530_1531/init_options_148-228997_167-235100.foo.c
896_1527_1528_1529_1530_1531/init_options_152-229099_167-235100.foo.c,896_1527_1528_1529_1530_1531/init_options_153-234604_168-235126.foo.c
896_1527_1528_1529_1530_1531/init_options_148-228997_167-235100.foo.c,896_1527_1528_1529_1530_1531/init_options_153-234604_168-235126.foo.c
494/hash_strnstr_207-180975_239-184248.foo.c,494/hash_strnstr_207-180975_228-182791.foo.c
494/hash_strnstr_207-180975_239-184248.foo.c,494/search_buf_76-226521_109-227772.foo.c
494/hash_strnstr_207-180975_239-184248.foo.c,494/search_file_276-233800_295-235182.foo.c
494/hash_strnstr_207-180975_239-184248.foo.c,494/filename_filter_310-205366_336-207044.foo.c
494/hash_strnstr_207-180975_239-184248.foo.c,494/filename_filter_305-205208_336-207044.foo.c
494/hash_strnstr_207-180975_239-184248.foo.c,494/search_buf_67-225821_109-227772.foo.c
494/hash_strnstr_207-180975_239-184248.foo.c,494/search_buf_80-226715_109-227772.foo.c
494/hash_strnstr_207-180975_239-184248.foo.c,494/add_ignore_pattern_104-177886_154-181541.foo.c
494/hash_strnstr_207-180975_239-184248.foo.c,494/main_151-233216_149-233137.foo.c
494/hash_strnstr_207-180975_239-184248.foo.c,494/main_152-233495_149-233137.foo.c
494/hash_strnstr_207-180975_239-184248.foo.c,494/filename_filter_315-205502_336-207044.foo.c
494/hash_strnstr_207-180975_228-182791.foo.c,494/search_buf_76-226521_109-227772.foo.c
494/hash_strnstr_207-180975_228-182791.foo.c,494/search_file_276-233800_295-235182.foo.c
494/hash_strnstr_207-180975_228-182791.foo.c,494/filename_filter_310-205366_336-207044.foo.c
494/hash_strnstr_207-180975_228-182791.foo.c,494/filename_filter_305-205208_336-207044.foo.c
494/hash_strnstr_207-180975_228-182791.foo.c,494/search_buf_67-225821_109-227772.foo.c
494/hash_strnstr_207-180975_228-182791.foo.c,494/search_buf_80-226715_109-227772.foo.c
494/hash_strnstr_207-180975_228-182791.foo.c,494/add_ignore_pattern_104-177886_154-181541.foo.c
494/hash_strnstr_207-180975_228-182791.foo.c,494/main_151-233216_149-233137.foo.c
494/hash_strnstr_207-180975_228-182791.foo.c,494/main_152-233495_149-233137.foo.c
494/hash_strnstr_207-180975_228-182791.foo.c,494/filename_filter_315-205502_336-207044.foo.c
494/search_buf_76-226521_109-227772.foo.c,494/search_file_276-233800_295-235182.foo.c
494/search_buf_76-226521_109-227772.foo.c,494/filename_filter_310-205366_336-207044.foo.c
494/search_buf_76-226521_109-227772.foo.c,494/filename_filter_305-205208_336-207044.foo.c
494/search_buf_76-226521_109-227772.foo.c,494/search_buf_67-225821_109-227772.foo.c
494/search_buf_76-226521_109-227772.foo.c,494/search_buf_80-226715_109-227772.foo.c
494/search_buf_76-226521_109-227772.foo.c,494/add_ignore_pattern_104-177886_154-181541.foo.c
494/search_buf_76-226521_109-227772.foo.c,494/main_151-233216_149-233137.foo.c
494/search_buf_76-226521_109-227772.foo.c,494/main_152-233495_149-233137.foo.c
494/search_buf_76-226521_109-227772.foo.c,494/filename_filter_315-205502_336-207044.foo.c
494/search_file_276-233800_295-235182.foo.c,494/filename_filter_310-205366_336-207044.foo.c
494/search_file_276-233800_295-235182.foo.c,494/filename_filter_305-205208_336-207044.foo.c
494/search_file_276-233800_295-235182.foo.c,494/search_buf_67-225821_109-227772.foo.c
494/search_file_276-233800_295-235182.foo.c,494/search_buf_80-226715_109-227772.foo.c
494/search_file_276-233800_295-235182.foo.c,494/add_ignore_pattern_104-177886_154-181541.foo.c
494/search_file_276-233800_295-235182.foo.c,494/main_151-233216_149-233137.foo.c
494/search_file_276-233800_295-235182.foo.c,494/main_152-233495_149-233137.foo.c
494/search_file_276-233800_295-235182.foo.c,494/filename_filter_315-205502_336-207044.foo.c
494/filename_filter_310-205366_336-207044.foo.c,494/filename_filter_305-205208_336-207044.foo.c
494/filename_filter_310-205366_336-207044.foo.c,494/search_buf_67-225821_109-227772.foo.c
494/filename_filter_310-205366_336-207044.foo.c,494/search_buf_80-226715_109-227772.foo.c
494/filename_filter_310-205366_336-207044.foo.c,494/add_ignore_pattern_104-177886_154-181541.foo.c
494/filename_filter_310-205366_336-207044.foo.c,494/main_151-233216_149-233137.foo.c
494/filename_filter_310-205366_336-207044.foo.c,494/main_152-233495_149-233137.foo.c
494/filename_filter_310-205366_336-207044.foo.c,494/filename_filter_315-205502_336-207044.foo.c
494/filename_filter_305-205208_336-207044.foo.c,494/search_buf_67-225821_109-227772.foo.c
494/filename_filter_305-205208_336-207044.foo.c,494/search_buf_80-226715_109-227772.foo.c
494/filename_filter_305-205208_336-207044.foo.c,494/main_151-233216_149-233137.foo.c
494/filename_filter_305-205208_336-207044.foo.c,494/main_152-233495_149-233137.foo.c
494/filename_filter_305-205208_336-207044.foo.c,494/filename_filter_315-205502_336-207044.foo.c
494/search_buf_67-225821_109-227772.foo.c,494/search_buf_80-226715_109-227772.foo.c
494/search_buf_67-225821_109-227772.foo.c,494/add_ignore_pattern_104-177886_154-181541.foo.c
494/search_buf_67-225821_109-227772.foo.c,494/main_151-233216_149-233137.foo.c
494/search_buf_67-225821_109-227772.foo.c,494/main_152-233495_149-233137.foo.c
494/search_buf_67-225821_109-227772.foo.c,494/filename_filter_315-205502_336-207044.foo.c
494/search_buf_80-226715_109-227772.foo.c,494/add_ignore_pattern_104-177886_154-181541.foo.c
494/search_buf_80-226715_109-227772.foo.c,494/main_151-233216_149-233137.foo.c
494/search_buf_80-226715_109-227772.foo.c,494/main_152-233495_149-233137.foo.c
494/search_buf_80-226715_109-227772.foo.c,494/filename_filter_315-205502_336-207044.foo.c
494/add_ignore_pattern_104-177886_154-181541.foo.c,494/main_151-233216_149-233137.foo.c
494/add_ignore_pattern_104-177886_154-181541.foo.c,494/main_152-233495_149-233137.foo.c
494/add_ignore_pattern_104-177886_154-181541.foo.c,494/filename_filter_315-205502_336-207044.foo.c
494/main_151-233216_149-233137.foo.c,494/main_152-233495_149-233137.foo.c
494/main_151-233216_149-233137.foo.c,494/filename_filter_315-205502_336-207044.foo.c
494/main_152-233495_149-233137.foo.c,494/filename_filter_315-205502_336-207044.foo.c
1158/decompress_zlib_38-235495_54-236674.foo.c,1158/decompress_zlib_32-235386_52-236638.foo.c
1158/decompress_zlib_38-235495_54-236674.foo.c,1158/decompress_zlib_39-235622_54-236674.foo.c
1158/decompress_zlib_38-235495_54-236674.foo.c,1158/decompress_zlib_60-236847_57-236781.foo.c
1158/decompress_zlib_38-235495_54-236674.foo.c,1158/decompress_zlib_60-236847_74-237735.foo.c
1158/decompress_zlib_38-235495_54-236674.foo.c,1158/decompress_zlib_32-235386_54-236674.foo.c
1158/decompress_zlib_38-235495_54-236674.foo.c,1158/decompress_zlib_40-235746_55-236704.foo.c
1158/decompress_zlib_38-235495_54-236674.foo.c,1158/decompress_zlib_39-235622_55-236704.foo.c
1158/decompress_zlib_38-235495_54-236674.foo.c,1158/decompress_zlib_38-235495_55-236704.foo.c
1158/decompress_zlib_32-235386_52-236638.foo.c,1158/decompress_zlib_39-235622_54-236674.foo.c
1158/decompress_zlib_32-235386_52-236638.foo.c,1158/decompress_zlib_60-236847_57-236781.foo.c
1158/decompress_zlib_32-235386_52-236638.foo.c,1158/decompress_zlib_60-236847_74-237735.foo.c
1158/decompress_zlib_32-235386_52-236638.foo.c,1158/decompress_zlib_32-235386_54-236674.foo.c
1158/decompress_zlib_32-235386_52-236638.foo.c,1158/decompress_zlib_40-235746_55-236704.foo.c
1158/decompress_zlib_32-235386_52-236638.foo.c,1158/decompress_zlib_39-235622_55-236704.foo.c
1158/decompress_zlib_39-235622_54-236674.foo.c,1158/decompress_zlib_60-236847_57-236781.foo.c
1158/decompress_zlib_39-235622_54-236674.foo.c,1158/decompress_zlib_60-236847_74-237735.foo.c
1158/decompress_zlib_39-235622_54-236674.foo.c,1158/decompress_zlib_32-235386_54-236674.foo.c
1158/decompress_zlib_39-235622_54-236674.foo.c,1158/decompress_zlib_40-235746_55-236704.foo.c
1158/decompress_zlib_39-235622_54-236674.foo.c,1158/decompress_zlib_39-235622_55-236704.foo.c
1158/decompress_zlib_39-235622_54-236674.foo.c,1158/decompress_zlib_38-235495_55-236704.foo.c
1158/decompress_zlib_60-236847_57-236781.foo.c,1158/decompress_zlib_32-235386_54-236674.foo.c
1158/decompress_zlib_60-236847_57-236781.foo.c,1158/decompress_zlib_40-235746_55-236704.foo.c
1158/decompress_zlib_60-236847_57-236781.foo.c,1158/decompress_zlib_39-235622_55-236704.foo.c
1158/decompress_zlib_60-236847_57-236781.foo.c,1158/decompress_zlib_38-235495_55-236704.foo.c
1158/decompress_zlib_60-236847_74-237735.foo.c,1158/decompress_zlib_32-235386_54-236674.foo.c
1158/decompress_zlib_60-236847_74-237735.foo.c,1158/decompress_zlib_40-235746_55-236704.foo.c
1158/decompress_zlib_60-236847_74-237735.foo.c,1158/decompress_zlib_39-235622_55-236704.foo.c
1158/decompress_zlib_60-236847_74-237735.foo.c,1158/decompress_zlib_38-235495_55-236704.foo.c
1158/decompress_zlib_32-235386_54-236674.foo.c,1158/decompress_zlib_40-235746_55-236704.foo.c
1158/decompress_zlib_32-235386_54-236674.foo.c,1158/decompress_zlib_39-235622_55-236704.foo.c
1158/decompress_zlib_32-235386_54-236674.foo.c,1158/decompress_zlib_38-235495_55-236704.foo.c
1158/decompress_zlib_40-235746_55-236704.foo.c,1158/decompress_zlib_39-235622_55-236704.foo.c
1158/decompress_zlib_40-235746_55-236704.foo.c,1158/decompress_zlib_38-235495_55-236704.foo.c
1158/decompress_zlib_39-235622_55-236704.foo.c,1158/decompress_zlib_38-235495_55-236704.foo.c
565_1471_1477_1478_1479/check_symloop_leave_515-253586_515-254129.foo.c,565_1471_1477_1478_1479/check_symloop_enter_493-243213_493-243756.foo.c
1004_1544_1545/check_symloop_leave_515-252592_515-254129.foo.c,1004_1544_1545/check_symloop_leave_515-252592_515-253586.foo.c
889_1525_1526_1527/generate_hash_170-178456_165-178258.foo.c,889_1525_1526_1527/is_binary_360-195439_365-195646.foo.c
889_1525_1526_1527/generate_hash_170-178456_165-178258.foo.c,889_1525_1526_1527/is_binary_362-195539_367-195746.foo.c
889_1525_1526_1527/generate_hash_170-178456_165-178258.foo.c,889_1525_1526_1527/is_binary_360-195439_360-195439.foo.c
889_1525_1526_1527/is_binary_360-195439_365-195646.foo.c,889_1525_1526_1527/is_binary_362-195539_367-195746.foo.c
889_1525_1526_1527/is_binary_360-195439_365-195646.foo.c,889_1525_1526_1527/is_binary_360-195439_360-195439.foo.c
889_1525_1526_1527/is_binary_362-195539_367-195746.foo.c,889_1525_1526_1527/is_binary_360-195439_360-195439.foo.c
411_1428_1435_1436_1438_1439_1440_1441/ag_scandir_15-163781_76-165549.foo.c,411_1428_1435_1436_1438_1439_1440_1441/ag_scandir_15-163781_62-165225.foo.c
411_1428_1435_1436_1438_1439_1440_1441/ag_scandir_15-163781_76-165549.foo.c,411_1428_1435_1436_1438_1439_1440_1441/ag_scandir_15-163781_69-165303.foo.c
411_1428_1435_1436_1438_1439_1440_1441/ag_scandir_15-163781_76-165549.foo.c,411_1428_1435_1436_1438_1439_1440_1441/ag_scandir_15-163781_27-164186.foo.c
411_1428_1435_1436_1438_1439_1440_1441/ag_scandir_15-163781_76-165549.foo.c,411_1428_1435_1436_1438_1439_1440_1441/ag_scandir_15-163781_65-165256.foo.c
411_1428_1435_1436_1438_1439_1440_1441/ag_scandir_15-163781_76-165549.foo.c,411_1428_1435_1436_1438_1439_1440_1441/is_binary_334-187611_344-187803.foo.c
411_1428_1435_1436_1438_1439_1440_1441/ag_scandir_15-163781_76-165549.foo.c,411_1428_1435_1436_1438_1439_1440_1441/ag_scandir_15-163781_61-165202.foo.c
411_1428_1435_1436_1438_1439_1440_1441/ag_scandir_15-163781_62-165225.foo.c,411_1428_1435_1436_1438_1439_1440_1441/ag_scandir_15-163781_69-165303.foo.c
411_1428_1435_1436_1438_1439_1440_1441/ag_scandir_15-163781_62-165225.foo.c,411_1428_1435_1436_1438_1439_1440_1441/ag_scandir_15-163781_27-164186.foo.c
411_1428_1435_1436_1438_1439_1440_1441/ag_scandir_15-163781_62-165225.foo.c,411_1428_1435_1436_1438_1439_1440_1441/ag_scandir_15-163781_65-165256.foo.c
411_1428_1435_1436_1438_1439_1440_1441/ag_scandir_15-163781_62-165225.foo.c,411_1428_1435_1436_1438_1439_1440_1441/is_binary_334-187611_344-187803.foo.c
411_1428_1435_1436_1438_1439_1440_1441/ag_scandir_15-163781_62-165225.foo.c,411_1428_1435_1436_1438_1439_1440_1441/ag_scandir_15-163781_61-165202.foo.c
411_1428_1435_1436_1438_1439_1440_1441/ag_scandir_15-163781_69-165303.foo.c,411_1428_1435_1436_1438_1439_1440_1441/ag_scandir_15-163781_27-164186.foo.c
411_1428_1435_1436_1438_1439_1440_1441/ag_scandir_15-163781_69-165303.foo.c,411_1428_1435_1436_1438_1439_1440_1441/ag_scandir_15-163781_65-165256.foo.c
411_1428_1435_1436_1438_1439_1440_1441/ag_scandir_15-163781_69-165303.foo.c,411_1428_1435_1436_1438_1439_1440_1441/is_binary_334-187611_344-187803.foo.c
411_1428_1435_1436_1438_1439_1440_1441/ag_scandir_15-163781_69-165303.foo.c,411_1428_1435_1436_1438_1439_1440_1441/ag_scandir_15-163781_61-165202.foo.c
411_1428_1435_1436_1438_1439_1440_1441/ag_scandir_15-163781_27-164186.foo.c,411_1428_1435_1436_1438_1439_1440_1441/ag_scandir_15-163781_65-165256.foo.c
411_1428_1435_1436_1438_1439_1440_1441/ag_scandir_15-163781_27-164186.foo.c,411_1428_1435_1436_1438_1439_1440_1441/is_binary_334-187611_344-187803.foo.c
411_1428_1435_1436_1438_1439_1440_1441/ag_scandir_15-163781_27-164186.foo.c,411_1428_1435_1436_1438_1439_1440_1441/ag_scandir_15-163781_61-165202.foo.c
411_1428_1435_1436_1438_1439_1440_1441/ag_scandir_15-163781_65-165256.foo.c,411_1428_1435_1436_1438_1439_1440_1441/is_binary_334-187611_344-187803.foo.c
411_1428_1435_1436_1438_1439_1440_1441/ag_scandir_15-163781_65-165256.foo.c,411_1428_1435_1436_1438_1439_1440_1441/ag_scandir_15-163781_61-165202.foo.c
411_1428_1435_1436_1438_1439_1440_1441/is_binary_334-187611_344-187803.foo.c,411_1428_1435_1436_1438_1439_1440_1441/ag_scandir_15-163781_61-165202.foo.c
959_1540_1542_1543_1544_1545/fgetln_560-212383_584-213306.foo.c,959_1540_1542_1543_1544_1545/fgetln_560-212383_563-212433.foo.c
959_1540_1542_1543_1544_1545/fgetln_560-212383_584-213306.foo.c,959_1540_1542_1543_1544_1545/fgetln_560-212383_583-213289.foo.c
959_1540_1542_1543_1544_1545/fgetln_560-212383_563-212433.foo.c,959_1540_1542_1543_1544_1545/fgetln_560-212383_583-213289.foo.c
737_1508_1509_1510_1512_1513_1514_1515/decompress_zlib_32-235386_56-236768.foo.c,737_1508_1509_1510_1512_1513_1514_1515/decompress_zlib_30-235199_55-236704.foo.c
737_1508_1509_1510_1512_1513_1514_1515/decompress_zlib_32-235386_56-236768.foo.c,737_1508_1509_1510_1512_1513_1514_1515/decompress_zlib_30-235199_52-236638.foo.c
737_1508_1509_1510_1512_1513_1514_1515/decompress_zlib_32-235386_56-236768.foo.c,737_1508_1509_1510_1512_1513_1514_1515/decompress_zlib_32-235386_93-238915.foo.c
737_1508_1509_1510_1512_1513_1514_1515/decompress_zlib_32-235386_56-236768.foo.c,737_1508_1509_1510_1512_1513_1514_1515/decompress_zlib_31-235358_90-238852.foo.c
737_1508_1509_1510_1512_1513_1514_1515/decompress_zlib_32-235386_56-236768.foo.c,737_1508_1509_1510_1512_1513_1514_1515/decompress_zlib_32-235386_90-238852.foo.c
737_1508_1509_1510_1512_1513_1514_1515/decompress_zlib_32-235386_56-236768.foo.c,737_1508_1509_1510_1512_1513_1514_1515/decompress_zlib_31-235358_93-238915.foo.c
737_1508_1509_1510_1512_1513_1514_1515/decompress_zlib_32-235386_56-236768.foo.c,737_1508_1509_1510_1512_1513_1514_1515/decompress_zlib_30-235199_45-236030.foo.c
737_1508_1509_1510_1512_1513_1514_1515/decompress_zlib_32-235386_56-236768.foo.c,737_1508_1509_1510_1512_1513_1514_1515/decompress_zlib_30-235199_54-236674.foo.c
737_1508_1509_1510_1512_1513_1514_1515/decompress_zlib_32-235386_56-236768.foo.c,737_1508_1509_1510_1512_1513_1514_1515/decompress_zlib_31-235358_56-236768.foo.c
737_1508_1509_1510_1512_1513_1514_1515/decompress_zlib_32-235386_56-236768.foo.c,737_1508_1509_1510_1512_1513_1514_1515/decompress_zlib_30-235199_50-236606.foo.c
737_1508_1509_1510_1512_1513_1514_1515/decompress_zlib_30-235199_55-236704.foo.c,737_1508_1509_1510_1512_1513_1514_1515/decompress_zlib_30-235199_52-236638.foo.c
737_1508_1509_1510_1512_1513_1514_1515/decompress_zlib_30-235199_55-236704.foo.c,737_1508_1509_1510_1512_1513_1514_1515/decompress_zlib_32-235386_93-238915.foo.c
737_1508_1509_1510_1512_1513_1514_1515/decompress_zlib_30-235199_55-236704.foo.c,737_1508_1509_1510_1512_1513_1514_1515/decompress_zlib_31-235358_90-238852.foo.c
737_1508_1509_1510_1512_1513_1514_1515/decompress_zlib_30-235199_55-236704.foo.c,737_1508_1509_1510_1512_1513_1514_1515/decompress_zlib_32-235386_90-238852.foo.c
737_1508_1509_1510_1512_1513_1514_1515/decompress_zlib_30-235199_55-236704.foo.c,737_1508_1509_1510_1512_1513_1514_1515/decompress_zlib_31-235358_93-238915.foo.c
737_1508_1509_1510_1512_1513_1514_1515/decompress_zlib_30-235199_55-236704.foo.c,737_1508_1509_1510_1512_1513_1514_1515/decompress_zlib_30-235199_45-236030.foo.c
737_1508_1509_1510_1512_1513_1514_1515/decompress_zlib_30-235199_55-236704.foo.c,737_1508_1509_1510_1512_1513_1514_1515/decompress_zlib_30-235199_54-236674.foo.c
737_1508_1509_1510_1512_1513_1514_1515/decompress_zlib_30-235199_55-236704.foo.c,737_1508_1509_1510_1512_1513_1514_1515/decompress_zlib_31-235358_56-236768.foo.c
737_1508_1509_1510_1512_1513_1514_1515/decompress_zlib_30-235199_55-236704.foo.c,737_1508_1509_1510_1512_1513_1514_1515/decompress_zlib_30-235199_50-236606.foo.c
737_1508_1509_1510_1512_1513_1514_1515/decompress_zlib_30-235199_52-236638.foo.c,737_1508_1509_1510_1512_1513_1514_1515/decompress_zlib_32-235386_93-238915.foo.c
737_1508_1509_1510_1512_1513_1514_1515/decompress_zlib_30-235199_52-236638.foo.c,737_1508_1509_1510_1512_1513_1514_1515/decompress_zlib_31-235358_90-238852.foo.c
737_1508_1509_1510_1512_1513_1514_1515/decompress_zlib_30-235199_52-236638.foo.c,737_1508_1509_1510_1512_1513_1514_1515/decompress_zlib_32-235386_90-238852.foo.c
737_1508_1509_1510_1512_1513_1514_1515/decompress_zlib_30-235199_52-236638.foo.c,737_1508_1509_1510_1512_1513_1514_1515/decompress_zlib_31-235358_93-238915.foo.c
737_1508_1509_1510_1512_1513_1514_1515/decompress_zlib_30-235199_52-236638.foo.c,737_1508_1509_1510_1512_1513_1514_1515/decompress_zlib_30-235199_45-236030.foo.c
737_1508_1509_1510_1512_1513_1514_1515/decompress_zlib_30-235199_52-236638.foo.c,737_1508_1509_1510_1512_1513_1514_1515/decompress_zlib_30-235199_54-236674.foo.c
737_1508_1509_1510_1512_1513_1514_1515/decompress_zlib_30-235199_52-236638.foo.c,737_1508_1509_1510_1512_1513_1514_1515/decompress_zlib_31-235358_56-236768.foo.c
737_1508_1509_1510_1512_1513_1514_1515/decompress_zlib_30-235199_52-236638.foo.c,737_1508_1509_1510_1512_1513_1514_1515/decompress_zlib_30-235199_50-236606.foo.c
737_1508_1509_1510_1512_1513_1514_1515/decompress_zlib_32-235386_93-238915.foo.c,737_1508_1509_1510_1512_1513_1514_1515/decompress_zlib_31-235358_90-238852.foo.c
737_1508_1509_1510_1512_1513_1514_1515/decompress_zlib_32-235386_93-238915.foo.c,737_1508_1509_1510_1512_1513_1514_1515/decompress_zlib_32-235386_90-238852.foo.c
737_1508_1509_1510_1512_1513_1514_1515/decompress_zlib_32-235386_93-238915.foo.c,737_1508_1509_1510_1512_1513_1514_1515/decompress_zlib_31-235358_93-238915.foo.c
737_1508_1509_1510_1512_1513_1514_1515/decompress_zlib_32-235386_93-238915.foo.c,737_1508_1509_1510_1512_1513_1514_1515/decompress_zlib_30-235199_45-236030.foo.c
737_1508_1509_1510_1512_1513_1514_1515/decompress_zlib_32-235386_93-238915.foo.c,737_1508_1509_1510_1512_1513_1514_1515/decompress_zlib_30-235199_54-236674.foo.c
737_1508_1509_1510_1512_1513_1514_1515/decompress_zlib_32-235386_93-238915.foo.c,737_1508_1509_1510_1512_1513_1514_1515/decompress_zlib_31-235358_56-236768.foo.c
737_1508_1509_1510_1512_1513_1514_1515/decompress_zlib_32-235386_93-238915.foo.c,737_1508_1509_1510_1512_1513_1514_1515/decompress_zlib_30-235199_50-236606.foo.c
737_1508_1509_1510_1512_1513_1514_1515/decompress_zlib_31-235358_90-238852.foo.c,737_1508_1509_1510_1512_1513_1514_1515/decompress_zlib_32-235386_90-238852.foo.c
737_1508_1509_1510_1512_1513_1514_1515/decompress_zlib_31-235358_90-238852.foo.c,737_1508_1509_1510_1512_1513_1514_1515/decompress_zlib_31-235358_93-238915.foo.c
737_1508_1509_1510_1512_1513_1514_1515/decompress_zlib_31-235358_90-238852.foo.c,737_1508_1509_1510_1512_1513_1514_1515/decompress_zlib_30-235199_45-236030.foo.c
737_1508_1509_1510_1512_1513_1514_1515/decompress_zlib_31-235358_90-238852.foo.c,737_1508_1509_1510_1512_1513_1514_1515/decompress_zlib_30-235199_54-236674.foo.c
737_1508_1509_1510_1512_1513_1514_1515/decompress_zlib_31-235358_90-238852.foo.c,737_1508_1509_1510_1512_1513_1514_1515/decompress_zlib_31-235358_56-236768.foo.c
737_1508_1509_1510_1512_1513_1514_1515/decompress_zlib_31-235358_90-238852.foo.c,737_1508_1509_1510_1512_1513_1514_1515/decompress_zlib_30-235199_50-236606.foo.c
737_1508_1509_1510_1512_1513_1514_1515/decompress_zlib_32-235386_90-238852.foo.c,737_1508_1509_1510_1512_1513_1514_1515/decompress_zlib_31-235358_93-238915.foo.c
737_1508_1509_1510_1512_1513_1514_1515/decompress_zlib_32-235386_90-238852.foo.c,737_1508_1509_1510_1512_1513_1514_1515/decompress_zlib_30-235199_45-236030.foo.c
737_1508_1509_1510_1512_1513_1514_1515/decompress_zlib_32-235386_90-238852.foo.c,737_1508_1509_1510_1512_1513_1514_1515/decompress_zlib_30-235199_54-236674.foo.c
737_1508_1509_1510_1512_1513_1514_1515/decompress_zlib_32-235386_90-238852.foo.c,737_1508_1509_1510_1512_1513_1514_1515/decompress_zlib_31-235358_56-236768.foo.c
737_1508_1509_1510_1512_1513_1514_1515/decompress_zlib_32-235386_90-238852.foo.c,737_1508_1509_1510_1512_1513_1514_1515/decompress_zlib_30-235199_50-236606.foo.c
737_1508_1509_1510_1512_1513_1514_1515/decompress_zlib_31-235358_93-238915.foo.c,737_1508_1509_1510_1512_1513_1514_1515/decompress_zlib_30-235199_45-236030.foo.c
737_1508_1509_1510_1512_1513_1514_1515/decompress_zlib_31-235358_93-238915.foo.c,737_1508_1509_1510_1512_1513_1514_1515/decompress_zlib_30-235199_54-236674.foo.c
737_1508_1509_1510_1512_1513_1514_1515/decompress_zlib_31-235358_93-238915.foo.c,737_1508_1509_1510_1512_1513_1514_1515/decompress_zlib_31-235358_56-236768.foo.c
737_1508_1509_1510_1512_1513_1514_1515/decompress_zlib_31-235358_93-238915.foo.c,737_1508_1509_1510_1512_1513_1514_1515/decompress_zlib_30-235199_50-236606.foo.c
737_1508_1509_1510_1512_1513_1514_1515/decompress_zlib_30-235199_45-236030.foo.c,737_1508_1509_1510_1512_1513_1514_1515/decompress_zlib_30-235199_54-236674.foo.c
737_1508_1509_1510_1512_1513_1514_1515/decompress_zlib_30-235199_45-236030.foo.c,737_1508_1509_1510_1512_1513_1514_1515/decompress_zlib_31-235358_56-236768.foo.c
737_1508_1509_1510_1512_1513_1514_1515/decompress_zlib_30-235199_45-236030.foo.c,737_1508_1509_1510_1512_1513_1514_1515/decompress_zlib_30-235199_50-236606.foo.c
737_1508_1509_1510_1512_1513_1514_1515/decompress_zlib_30-235199_54-236674.foo.c,737_1508_1509_1510_1512_1513_1514_1515/decompress_zlib_31-235358_56-236768.foo.c
737_1508_1509_1510_1512_1513_1514_1515/decompress_zlib_30-235199_54-236674.foo.c,737_1508_1509_1510_1512_1513_1514_1515/decompress_zlib_30-235199_50-236606.foo.c
737_1508_1509_1510_1512_1513_1514_1515/decompress_zlib_31-235358_56-236768.foo.c,737_1508_1509_1510_1512_1513_1514_1515/decompress_zlib_30-235199_50-236606.foo.c
792_1516_1517_1518_1519_1520/check_symloop_enter_477-241341_493-241907.foo.c,792_1516_1517_1518_1519_1520/search_file_268-233524_307-235513.foo.c
792_1516_1517_1518_1519_1520/check_symloop_enter_477-241341_493-241907.foo.c,792_1516_1517_1518_1519_1520/check_symloop_enter_477-241341_494-245172.foo.c
792_1516_1517_1518_1519_1520/check_symloop_enter_477-241341_493-241907.foo.c,792_1516_1517_1518_1519_1520/check_symloop_enter_478-241491_493-241907.foo.c
792_1516_1517_1518_1519_1520/check_symloop_enter_477-241341_493-241907.foo.c,792_1516_1517_1518_1519_1520/search_file_268-233524_296-235212.foo.c
792_1516_1517_1518_1519_1520/check_symloop_enter_477-241341_493-241907.foo.c,792_1516_1517_1518_1519_1520/search_file_268-233524_288-234810.foo.c
792_1516_1517_1518_1519_1520/check_symloop_enter_477-241341_493-241907.foo.c,792_1516_1517_1518_1519_1520/search_file_268-233524_301-235332.foo.c
792_1516_1517_1518_1519_1520/check_symloop_enter_477-241341_493-241907.foo.c,792_1516_1517_1518_1519_1520/check_symloop_leave_509-252053_521-255649.foo.c
792_1516_1517_1518_1519_1520/check_symloop_enter_477-241341_493-241907.foo.c,792_1516_1517_1518_1519_1520/check_symloop_leave_509-252053_523-257178.foo.c
792_1516_1517_1518_1519_1520/check_symloop_enter_477-241341_493-241907.foo.c,792_1516_1517_1518_1519_1520/check_symloop_enter_477-241341_498-245221.foo.c
792_1516_1517_1518_1519_1520/search_file_268-233524_307-235513.foo.c,792_1516_1517_1518_1519_1520/check_symloop_enter_477-241341_494-245172.foo.c
792_1516_1517_1518_1519_1520/search_file_268-233524_307-235513.foo.c,792_1516_1517_1518_1519_1520/check_symloop_enter_478-241491_493-241907.foo.c
792_1516_1517_1518_1519_1520/search_file_268-233524_307-235513.foo.c,792_1516_1517_1518_1519_1520/search_file_268-233524_296-235212.foo.c
792_1516_1517_1518_1519_1520/search_file_268-233524_307-235513.foo.c,792_1516_1517_1518_1519_1520/search_file_268-233524_288-234810.foo.c
792_1516_1517_1518_1519_1520/search_file_268-233524_307-235513.foo.c,792_1516_1517_1518_1519_1520/search_file_268-233524_301-235332.foo.c
792_1516_1517_1518_1519_1520/search_file_268-233524_307-235513.foo.c,792_1516_1517_1518_1519_1520/check_symloop_leave_509-252053_521-255649.foo.c
792_1516_1517_1518_1519_1520/search_file_268-233524_307-235513.foo.c,792_1516_1517_1518_1519_1520/check_symloop_leave_509-252053_523-257178.foo.c
792_1516_1517_1518_1519_1520/search_file_268-233524_307-235513.foo.c,792_1516_1517_1518_1519_1520/check_symloop_enter_477-241341_498-245221.foo.c
792_1516_1517_1518_1519_1520/check_symloop_enter_477-241341_494-245172.foo.c,792_1516_1517_1518_1519_1520/check_symloop_enter_478-241491_493-241907.foo.c
792_1516_1517_1518_1519_1520/check_symloop_enter_477-241341_494-245172.foo.c,792_1516_1517_1518_1519_1520/search_file_268-233524_296-235212.foo.c
792_1516_1517_1518_1519_1520/check_symloop_enter_477-241341_494-245172.foo.c,792_1516_1517_1518_1519_1520/search_file_268-233524_288-234810.foo.c
792_1516_1517_1518_1519_1520/check_symloop_enter_477-241341_494-245172.foo.c,792_1516_1517_1518_1519_1520/search_file_268-233524_301-235332.foo.c
792_1516_1517_1518_1519_1520/check_symloop_enter_477-241341_494-245172.foo.c,792_1516_1517_1518_1519_1520/check_symloop_leave_509-252053_521-255649.foo.c
792_1516_1517_1518_1519_1520/check_symloop_enter_477-241341_494-245172.foo.c,792_1516_1517_1518_1519_1520/check_symloop_leave_509-252053_523-257178.foo.c
792_1516_1517_1518_1519_1520/check_symloop_enter_477-241341_494-245172.foo.c,792_1516_1517_1518_1519_1520/check_symloop_enter_477-241341_498-245221.foo.c
792_1516_1517_1518_1519_1520/check_symloop_enter_478-241491_493-241907.foo.c,792_1516_1517_1518_1519_1520/search_file_268-233524_296-235212.foo.c
792_1516_1517_1518_1519_1520/check_symloop_enter_478-241491_493-241907.foo.c,792_1516_1517_1518_1519_1520/search_file_268-233524_288-234810.foo.c
792_1516_1517_1518_1519_1520/check_symloop_enter_478-241491_493-241907.foo.c,792_1516_1517_1518_1519_1520/search_file_268-233524_301-235332.foo.c
792_1516_1517_1518_1519_1520/check_symloop_enter_478-241491_493-241907.foo.c,792_1516_1517_1518_1519_1520/check_symloop_leave_509-252053_521-255649.foo.c
792_1516_1517_1518_1519_1520/check_symloop_enter_478-241491_493-241907.foo.c,792_1516_1517_1518_1519_1520/check_symloop_leave_509-252053_523-257178.foo.c
792_1516_1517_1518_1519_1520/check_symloop_enter_478-241491_493-241907.foo.c,792_1516_1517_1518_1519_1520/check_symloop_enter_477-241341_498-245221.foo.c
792_1516_1517_1518_1519_1520/search_file_268-233524_296-235212.foo.c,792_1516_1517_1518_1519_1520/search_file_268-233524_288-234810.foo.c
792_1516_1517_1518_1519_1520/search_file_268-233524_296-235212.foo.c,792_1516_1517_1518_1519_1520/search_file_268-233524_301-235332.foo.c
792_1516_1517_1518_1519_1520/search_file_268-233524_296-235212.foo.c,792_1516_1517_1518_1519_1520/check_symloop_leave_509-252053_521-255649.foo.c
792_1516_1517_1518_1519_1520/search_file_268-233524_296-235212.foo.c,792_1516_1517_1518_1519_1520/check_symloop_leave_509-252053_523-257178.foo.c
792_1516_1517_1518_1519_1520/search_file_268-233524_296-235212.foo.c,792_1516_1517_1518_1519_1520/check_symloop_enter_477-241341_498-245221.foo.c
792_1516_1517_1518_1519_1520/search_file_268-233524_288-234810.foo.c,792_1516_1517_1518_1519_1520/search_file_268-233524_301-235332.foo.c
792_1516_1517_1518_1519_1520/search_file_268-233524_288-234810.foo.c,792_1516_1517_1518_1519_1520/check_symloop_leave_509-252053_521-255649.foo.c
792_1516_1517_1518_1519_1520/search_file_268-233524_288-234810.foo.c,792_1516_1517_1518_1519_1520/check_symloop_leave_509-252053_523-257178.foo.c
792_1516_1517_1518_1519_1520/search_file_268-233524_288-234810.foo.c,792_1516_1517_1518_1519_1520/check_symloop_enter_477-241341_498-245221.foo.c
792_1516_1517_1518_1519_1520/search_file_268-233524_301-235332.foo.c,792_1516_1517_1518_1519_1520/check_symloop_leave_509-252053_521-255649.foo.c
792_1516_1517_1518_1519_1520/search_file_268-233524_301-235332.foo.c,792_1516_1517_1518_1519_1520/check_symloop_leave_509-252053_523-257178.foo.c
792_1516_1517_1518_1519_1520/search_file_268-233524_301-235332.foo.c,792_1516_1517_1518_1519_1520/check_symloop_enter_477-241341_498-245221.foo.c
792_1516_1517_1518_1519_1520/check_symloop_leave_509-252053_521-255649.foo.c,792_1516_1517_1518_1519_1520/check_symloop_leave_509-252053_523-257178.foo.c
792_1516_1517_1518_1519_1520/check_symloop_leave_509-252053_521-255649.foo.c,792_1516_1517_1518_1519_1520/check_symloop_enter_477-241341_498-245221.foo.c
792_1516_1517_1518_1519_1520/check_symloop_leave_509-252053_523-257178.foo.c,792_1516_1517_1518_1519_1520/check_symloop_enter_477-241341_498-245221.foo.c
713_1499_1500_1501_1502_1503/init_options_151-229067_173-235284.foo.c,713_1499_1500_1501_1502_1503/init_options_148-228997_173-235284.foo.c
713_1499_1500_1501_1502_1503/init_options_151-229067_173-235284.foo.c,713_1499_1500_1501_1502_1503/init_options_152-229099_173-235284.foo.c
713_1499_1500_1501_1502_1503/init_options_148-228997_173-235284.foo.c,713_1499_1500_1501_1502_1503/init_options_152-229099_173-235284.foo.c
1156/search_file_262-233300_287-234655.foo.c,1156/search_file_262-233300_282-233981.foo.c
1156/search_file_262-233300_287-234655.foo.c,1156/search_file_262-233300_276-233800.foo.c
1156/search_file_262-233300_282-233981.foo.c,1156/search_file_262-233300_276-233800.foo.c
910_1539_1540_1545_1546_1547/path_ignore_search_268-198009_286-198769.foo.c,910_1539_1540_1545_1546_1547/path_ignore_search_268-198009_288-198823.foo.c
898_1529_1530_1531_1532_1533_1534/init_options_148-228997_156-234936.foo.c,898_1529_1530_1531_1532_1533_1534/init_options_152-229099_156-234936.foo.c
898_1529_1530_1531_1532_1533_1534/init_options_148-228997_156-234936.foo.c,898_1529_1530_1531_1532_1533_1534/init_options_151-229067_157-234965.foo.c
898_1529_1530_1531_1532_1533_1534/init_options_148-228997_156-234936.foo.c,898_1529_1530_1531_1532_1533_1534/init_options_151-229067_153-234604.foo.c
898_1529_1530_1531_1532_1533_1534/init_options_148-228997_156-234936.foo.c,898_1529_1530_1531_1532_1533_1534/init_options_148-228997_157-234965.foo.c
898_1529_1530_1531_1532_1533_1534/init_options_148-228997_156-234936.foo.c,898_1529_1530_1531_1532_1533_1534/init_options_151-229067_156-234936.foo.c
898_1529_1530_1531_1532_1533_1534/init_options_148-228997_156-234936.foo.c,898_1529_1530_1531_1532_1533_1534/init_options_152-229099_157-234965.foo.c
898_1529_1530_1531_1532_1533_1534/init_options_148-228997_156-234936.foo.c,898_1529_1530_1531_1532_1533_1534/init_options_152-229099_153-234604.foo.c
898_1529_1530_1531_1532_1533_1534/init_options_148-228997_156-234936.foo.c,898_1529_1530_1531_1532_1533_1534/init_options_148-228997_153-234604.foo.c
898_1529_1530_1531_1532_1533_1534/init_options_152-229099_156-234936.foo.c,898_1529_1530_1531_1532_1533_1534/init_options_151-229067_157-234965.foo.c
898_1529_1530_1531_1532_1533_1534/init_options_152-229099_156-234936.foo.c,898_1529_1530_1531_1532_1533_1534/init_options_151-229067_153-234604.foo.c
898_1529_1530_1531_1532_1533_1534/init_options_152-229099_156-234936.foo.c,898_1529_1530_1531_1532_1533_1534/init_options_148-228997_157-234965.foo.c
898_1529_1530_1531_1532_1533_1534/init_options_152-229099_156-234936.foo.c,898_1529_1530_1531_1532_1533_1534/init_options_151-229067_156-234936.foo.c
898_1529_1530_1531_1532_1533_1534/init_options_152-229099_156-234936.foo.c,898_1529_1530_1531_1532_1533_1534/init_options_152-229099_157-234965.foo.c
898_1529_1530_1531_1532_1533_1534/init_options_152-229099_156-234936.foo.c,898_1529_1530_1531_1532_1533_1534/init_options_152-229099_153-234604.foo.c
898_1529_1530_1531_1532_1533_1534/init_options_152-229099_156-234936.foo.c,898_1529_1530_1531_1532_1533_1534/init_options_148-228997_153-234604.foo.c
898_1529_1530_1531_1532_1533_1534/init_options_151-229067_157-234965.foo.c,898_1529_1530_1531_1532_1533_1534/init_options_151-229067_153-234604.foo.c
898_1529_1530_1531_1532_1533_1534/init_options_151-229067_157-234965.foo.c,898_1529_1530_1531_1532_1533_1534/init_options_148-228997_157-234965.foo.c
898_1529_1530_1531_1532_1533_1534/init_options_151-229067_157-234965.foo.c,898_1529_1530_1531_1532_1533_1534/init_options_151-229067_156-234936.foo.c
898_1529_1530_1531_1532_1533_1534/init_options_151-229067_157-234965.foo.c,898_1529_1530_1531_1532_1533_1534/init_options_152-229099_157-234965.foo.c
898_1529_1530_1531_1532_1533_1534/init_options_151-229067_157-234965.foo.c,898_1529_1530_1531_1532_1533_1534/init_options_152-229099_153-234604.foo.c
898_1529_1530_1531_1532_1533_1534/init_options_151-229067_157-234965.foo.c,898_1529_1530_1531_1532_1533_1534/init_options_148-228997_153-234604.foo.c
898_1529_1530_1531_1532_1533_1534/init_options_151-229067_153-234604.foo.c,898_1529_1530_1531_1532_1533_1534/init_options_148-228997_157-234965.foo.c
898_1529_1530_1531_1532_1533_1534/init_options_151-229067_153-234604.foo.c,898_1529_1530_1531_1532_1533_1534/init_options_151-229067_156-234936.foo.c
898_1529_1530_1531_1532_1533_1534/init_options_151-229067_153-234604.foo.c,898_1529_1530_1531_1532_1533_1534/init_options_152-229099_157-234965.foo.c
898_1529_1530_1531_1532_1533_1534/init_options_151-229067_153-234604.foo.c,898_1529_1530_1531_1532_1533_1534/init_options_152-229099_153-234604.foo.c
898_1529_1530_1531_1532_1533_1534/init_options_151-229067_153-234604.foo.c,898_1529_1530_1531_1532_1533_1534/init_options_148-228997_153-234604.foo.c
898_1529_1530_1531_1532_1533_1534/init_options_148-228997_157-234965.foo.c,898_1529_1530_1531_1532_1533_1534/init_options_151-229067_156-234936.foo.c
898_1529_1530_1531_1532_1533_1534/init_options_148-228997_157-234965.foo.c,898_1529_1530_1531_1532_1533_1534/init_options_152-229099_157-234965.foo.c
898_1529_1530_1531_1532_1533_1534/init_options_148-228997_157-234965.foo.c,898_1529_1530_1531_1532_1533_1534/init_options_152-229099_153-234604.foo.c
898_1529_1530_1531_1532_1533_1534/init_options_148-228997_157-234965.foo.c,898_1529_1530_1531_1532_1533_1534/init_options_148-228997_153-234604.foo.c
898_1529_1530_1531_1532_1533_1534/init_options_151-229067_156-234936.foo.c,898_1529_1530_1531_1532_1533_1534/init_options_152-229099_157-234965.foo.c
898_1529_1530_1531_1532_1533_1534/init_options_151-229067_156-234936.foo.c,898_1529_1530_1531_1532_1533_1534/init_options_152-229099_153-234604.foo.c
898_1529_1530_1531_1532_1533_1534/init_options_151-229067_156-234936.foo.c,898_1529_1530_1531_1532_1533_1534/init_options_148-228997_153-234604.foo.c
898_1529_1530_1531_1532_1533_1534/init_options_152-229099_157-234965.foo.c,898_1529_1530_1531_1532_1533_1534/init_options_152-229099_153-234604.foo.c
898_1529_1530_1531_1532_1533_1534/init_options_152-229099_157-234965.foo.c,898_1529_1530_1531_1532_1533_1534/init_options_148-228997_153-234604.foo.c
898_1529_1530_1531_1532_1533_1534/init_options_152-229099_153-234604.foo.c,898_1529_1530_1531_1532_1533_1534/init_options_148-228997_153-234604.foo.c
273_1393_1395_1397_1398_1399_1400/search_file_324-236605_426-239497.foo.c,273_1393_1395_1397_1398_1399_1400/search_file_296-235212_426-239497.foo.c
314_1408_1410_1411_1412_1413/search_file_322-236575_358-237135.foo.c,314_1408_1410_1411_1412_1413/filename_filter_320-205647_339-212482.foo.c
314_1408_1410_1411_1412_1413/search_file_322-236575_358-237135.foo.c,314_1408_1410_1411_1412_1413/filename_filter_322-205704_347-213078.foo.c
314_1408_1410_1411_1412_1413/search_file_322-236575_358-237135.foo.c,314_1408_1410_1411_1412_1413/search_file_324-236605_358-237135.foo.c
314_1408_1410_1411_1412_1413/search_file_322-236575_358-237135.foo.c,314_1408_1410_1411_1412_1413/filename_filter_323-206790_347-213078.foo.c
314_1408_1410_1411_1412_1413/filename_filter_320-205647_339-212482.foo.c,314_1408_1410_1411_1412_1413/filename_filter_322-205704_347-213078.foo.c
314_1408_1410_1411_1412_1413/filename_filter_320-205647_339-212482.foo.c,314_1408_1410_1411_1412_1413/search_file_324-236605_358-237135.foo.c
314_1408_1410_1411_1412_1413/filename_filter_320-205647_339-212482.foo.c,314_1408_1410_1411_1412_1413/filename_filter_323-206790_347-213078.foo.c
314_1408_1410_1411_1412_1413/filename_filter_322-205704_347-213078.foo.c,314_1408_1410_1411_1412_1413/search_file_324-236605_358-237135.foo.c
314_1408_1410_1411_1412_1413/filename_filter_322-205704_347-213078.foo.c,314_1408_1410_1411_1412_1413/filename_filter_323-206790_347-213078.foo.c
314_1408_1410_1411_1412_1413/search_file_324-236605_358-237135.foo.c,314_1408_1410_1411_1412_1413/filename_filter_323-206790_347-213078.foo.c
565_1469_1474_1476_1477_1478_1479_1480/add_ignore_pattern_162-186967_162-186967.foo.c,565_1469_1474_1476_1477_1478_1479_1480/add_ignore_pattern_104-177886_104-177886.foo.c
565_1469_1474_1476_1477_1478_1479_1480/add_ignore_pattern_162-186967_162-186967.foo.c,565_1469_1474_1476_1477_1478_1479_1480/hash_strnstr_219-181462_215-181277.foo.c
565_1469_1474_1476_1477_1478_1479_1480/add_ignore_pattern_162-186967_162-186967.foo.c,565_1469_1474_1476_1477_1478_1479_1480/init_options_153-234604_153-234604.foo.c
565_1469_1474_1476_1477_1478_1479_1480/add_ignore_pattern_162-186967_162-186967.foo.c,565_1469_1474_1476_1477_1478_1479_1480/is_binary_354-195244_355-195288.foo.c
565_1469_1474_1476_1477_1478_1479_1480/add_ignore_pattern_162-186967_162-186967.foo.c,565_1469_1474_1476_1477_1478_1479_1480/binary_search_431-206627_431-206627.foo.c
565_1469_1474_1476_1477_1478_1479_1480/add_ignore_pattern_162-186967_162-186967.foo.c,565_1469_1474_1476_1477_1478_1479_1480/filename_filter_300-204835_300-204835.foo.c
565_1469_1474_1476_1477_1478_1479_1480/add_ignore_pattern_162-186967_162-186967.foo.c,565_1469_1474_1476_1477_1478_1479_1480/generate_hash_165-178258_165-178258.foo.c
565_1469_1474_1476_1477_1478_1479_1480/add_ignore_pattern_162-186967_162-186967.foo.c,565_1469_1474_1476_1477_1478_1479_1480/filename_filter_339-212482_339-212482.foo.c
565_1469_1474_1476_1477_1478_1479_1480/add_ignore_pattern_162-186967_162-186967.foo.c,565_1469_1474_1476_1477_1478_1479_1480/hash_strnstr_231-182908_228-182791.foo.c
565_1469_1474_1476_1477_1478_1479_1480/add_ignore_pattern_162-186967_162-186967.foo.c,565_1469_1474_1476_1477_1478_1479_1480/is_binary_349-194568_349-194568.foo.c
565_1469_1474_1476_1477_1478_1479_1480/add_ignore_pattern_162-186967_162-186967.foo.c,565_1469_1474_1476_1477_1478_1479_1480/is_binary_349-194568_355-195288.foo.c
565_1469_1474_1476_1477_1478_1479_1480/add_ignore_pattern_104-177886_104-177886.foo.c,565_1469_1474_1476_1477_1478_1479_1480/hash_strnstr_219-181462_215-181277.foo.c
565_1469_1474_1476_1477_1478_1479_1480/add_ignore_pattern_104-177886_104-177886.foo.c,565_1469_1474_1476_1477_1478_1479_1480/init_options_153-234604_153-234604.foo.c
565_1469_1474_1476_1477_1478_1479_1480/add_ignore_pattern_104-177886_104-177886.foo.c,565_1469_1474_1476_1477_1478_1479_1480/is_binary_354-195244_355-195288.foo.c
565_1469_1474_1476_1477_1478_1479_1480/add_ignore_pattern_104-177886_104-177886.foo.c,565_1469_1474_1476_1477_1478_1479_1480/binary_search_431-206627_431-206627.foo.c
565_1469_1474_1476_1477_1478_1479_1480/add_ignore_pattern_104-177886_104-177886.foo.c,565_1469_1474_1476_1477_1478_1479_1480/filename_filter_300-204835_300-204835.foo.c
565_1469_1474_1476_1477_1478_1479_1480/add_ignore_pattern_104-177886_104-177886.foo.c,565_1469_1474_1476_1477_1478_1479_1480/generate_hash_165-178258_165-178258.foo.c
565_1469_1474_1476_1477_1478_1479_1480/add_ignore_pattern_104-177886_104-177886.foo.c,565_1469_1474_1476_1477_1478_1479_1480/filename_filter_339-212482_339-212482.foo.c
565_1469_1474_1476_1477_1478_1479_1480/add_ignore_pattern_104-177886_104-177886.foo.c,565_1469_1474_1476_1477_1478_1479_1480/hash_strnstr_231-182908_228-182791.foo.c
565_1469_1474_1476_1477_1478_1479_1480/add_ignore_pattern_104-177886_104-177886.foo.c,565_1469_1474_1476_1477_1478_1479_1480/is_binary_349-194568_349-194568.foo.c
565_1469_1474_1476_1477_1478_1479_1480/add_ignore_pattern_104-177886_104-177886.foo.c,565_1469_1474_1476_1477_1478_1479_1480/is_binary_349-194568_355-195288.foo.c
565_1469_1474_1476_1477_1478_1479_1480/hash_strnstr_219-181462_215-181277.foo.c,565_1469_1474_1476_1477_1478_1479_1480/init_options_153-234604_153-234604.foo.c
565_1469_1474_1476_1477_1478_1479_1480/hash_strnstr_219-181462_215-181277.foo.c,565_1469_1474_1476_1477_1478_1479_1480/is_binary_354-195244_355-195288.foo.c
565_1469_1474_1476_1477_1478_1479_1480/hash_strnstr_219-181462_215-181277.foo.c,565_1469_1474_1476_1477_1478_1479_1480/binary_search_431-206627_431-206627.foo.c
565_1469_1474_1476_1477_1478_1479_1480/hash_strnstr_219-181462_215-181277.foo.c,565_1469_1474_1476_1477_1478_1479_1480/filename_filter_300-204835_300-204835.foo.c
565_1469_1474_1476_1477_1478_1479_1480/hash_strnstr_219-181462_215-181277.foo.c,565_1469_1474_1476_1477_1478_1479_1480/generate_hash_165-178258_165-178258.foo.c
565_1469_1474_1476_1477_1478_1479_1480/hash_strnstr_219-181462_215-181277.foo.c,565_1469_1474_1476_1477_1478_1479_1480/filename_filter_339-212482_339-212482.foo.c
565_1469_1474_1476_1477_1478_1479_1480/hash_strnstr_219-181462_215-181277.foo.c,565_1469_1474_1476_1477_1478_1479_1480/hash_strnstr_231-182908_228-182791.foo.c
565_1469_1474_1476_1477_1478_1479_1480/hash_strnstr_219-181462_215-181277.foo.c,565_1469_1474_1476_1477_1478_1479_1480/is_binary_349-194568_349-194568.foo.c
565_1469_1474_1476_1477_1478_1479_1480/hash_strnstr_219-181462_215-181277.foo.c,565_1469_1474_1476_1477_1478_1479_1480/is_binary_349-194568_355-195288.foo.c
565_1469_1474_1476_1477_1478_1479_1480/init_options_153-234604_153-234604.foo.c,565_1469_1474_1476_1477_1478_1479_1480/is_binary_354-195244_355-195288.foo.c
565_1469_1474_1476_1477_1478_1479_1480/init_options_153-234604_153-234604.foo.c,565_1469_1474_1476_1477_1478_1479_1480/binary_search_431-206627_431-206627.foo.c
565_1469_1474_1476_1477_1478_1479_1480/init_options_153-234604_153-234604.foo.c,565_1469_1474_1476_1477_1478_1479_1480/filename_filter_300-204835_300-204835.foo.c
565_1469_1474_1476_1477_1478_1479_1480/init_options_153-234604_153-234604.foo.c,565_1469_1474_1476_1477_1478_1479_1480/generate_hash_165-178258_165-178258.foo.c
565_1469_1474_1476_1477_1478_1479_1480/init_options_153-234604_153-234604.foo.c,565_1469_1474_1476_1477_1478_1479_1480/filename_filter_339-212482_339-212482.foo.c
565_1469_1474_1476_1477_1478_1479_1480/init_options_153-234604_153-234604.foo.c,565_1469_1474_1476_1477_1478_1479_1480/hash_strnstr_231-182908_228-182791.foo.c
565_1469_1474_1476_1477_1478_1479_1480/init_options_153-234604_153-234604.foo.c,565_1469_1474_1476_1477_1478_1479_1480/is_binary_349-194568_349-194568.foo.c
565_1469_1474_1476_1477_1478_1479_1480/init_options_153-234604_153-234604.foo.c,565_1469_1474_1476_1477_1478_1479_1480/is_binary_349-194568_355-195288.foo.c
565_1469_1474_1476_1477_1478_1479_1480/is_binary_354-195244_355-195288.foo.c,565_1469_1474_1476_1477_1478_1479_1480/binary_search_431-206627_431-206627.foo.c
565_1469_1474_1476_1477_1478_1479_1480/is_binary_354-195244_355-195288.foo.c,565_1469_1474_1476_1477_1478_1479_1480/filename_filter_300-204835_300-204835.foo.c
565_1469_1474_1476_1477_1478_1479_1480/is_binary_354-195244_355-195288.foo.c,565_1469_1474_1476_1477_1478_1479_1480/generate_hash_165-178258_165-178258.foo.c
565_1469_1474_1476_1477_1478_1479_1480/is_binary_354-195244_355-195288.foo.c,565_1469_1474_1476_1477_1478_1479_1480/filename_filter_339-212482_339-212482.foo.c
565_1469_1474_1476_1477_1478_1479_1480/is_binary_354-195244_355-195288.foo.c,565_1469_1474_1476_1477_1478_1479_1480/hash_strnstr_231-182908_228-182791.foo.c
565_1469_1474_1476_1477_1478_1479_1480/is_binary_354-195244_355-195288.foo.c,565_1469_1474_1476_1477_1478_1479_1480/is_binary_349-194568_349-194568.foo.c
565_1469_1474_1476_1477_1478_1479_1480/is_binary_354-195244_355-195288.foo.c,565_1469_1474_1476_1477_1478_1479_1480/is_binary_349-194568_355-195288.foo.c
565_1469_1474_1476_1477_1478_1479_1480/binary_search_431-206627_431-206627.foo.c,565_1469_1474_1476_1477_1478_1479_1480/filename_filter_300-204835_300-204835.foo.c
565_1469_1474_1476_1477_1478_1479_1480/binary_search_431-206627_431-206627.foo.c,565_1469_1474_1476_1477_1478_1479_1480/generate_hash_165-178258_165-178258.foo.c
565_1469_1474_1476_1477_1478_1479_1480/binary_search_431-206627_431-206627.foo.c,565_1469_1474_1476_1477_1478_1479_1480/filename_filter_339-212482_339-212482.foo.c
565_1469_1474_1476_1477_1478_1479_1480/binary_search_431-206627_431-206627.foo.c,565_1469_1474_1476_1477_1478_1479_1480/hash_strnstr_231-182908_228-182791.foo.c
565_1469_1474_1476_1477_1478_1479_1480/binary_search_431-206627_431-206627.foo.c,565_1469_1474_1476_1477_1478_1479_1480/is_binary_349-194568_349-194568.foo.c
565_1469_1474_1476_1477_1478_1479_1480/binary_search_431-206627_431-206627.foo.c,565_1469_1474_1476_1477_1478_1479_1480/is_binary_349-194568_355-195288.foo.c
565_1469_1474_1476_1477_1478_1479_1480/filename_filter_300-204835_300-204835.foo.c,565_1469_1474_1476_1477_1478_1479_1480/generate_hash_165-178258_165-178258.foo.c
565_1469_1474_1476_1477_1478_1479_1480/filename_filter_300-204835_300-204835.foo.c,565_1469_1474_1476_1477_1478_1479_1480/filename_filter_339-212482_339-212482.foo.c
565_1469_1474_1476_1477_1478_1479_1480/filename_filter_300-204835_300-204835.foo.c,565_1469_1474_1476_1477_1478_1479_1480/hash_strnstr_231-182908_228-182791.foo.c
565_1469_1474_1476_1477_1478_1479_1480/filename_filter_300-204835_300-204835.foo.c,565_1469_1474_1476_1477_1478_1479_1480/is_binary_349-194568_349-194568.foo.c
565_1469_1474_1476_1477_1478_1479_1480/filename_filter_300-204835_300-204835.foo.c,565_1469_1474_1476_1477_1478_1479_1480/is_binary_349-194568_355-195288.foo.c
565_1469_1474_1476_1477_1478_1479_1480/generate_hash_165-178258_165-178258.foo.c,565_1469_1474_1476_1477_1478_1479_1480/filename_filter_339-212482_339-212482.foo.c
565_1469_1474_1476_1477_1478_1479_1480/generate_hash_165-178258_165-178258.foo.c,565_1469_1474_1476_1477_1478_1479_1480/hash_strnstr_231-182908_228-182791.foo.c
565_1469_1474_1476_1477_1478_1479_1480/generate_hash_165-178258_165-178258.foo.c,565_1469_1474_1476_1477_1478_1479_1480/is_binary_349-194568_349-194568.foo.c
565_1469_1474_1476_1477_1478_1479_1480/generate_hash_165-178258_165-178258.foo.c,565_1469_1474_1476_1477_1478_1479_1480/is_binary_349-194568_355-195288.foo.c
565_1469_1474_1476_1477_1478_1479_1480/filename_filter_339-212482_339-212482.foo.c,565_1469_1474_1476_1477_1478_1479_1480/hash_strnstr_231-182908_228-182791.foo.c
565_1469_1474_1476_1477_1478_1479_1480/filename_filter_339-212482_339-212482.foo.c,565_1469_1474_1476_1477_1478_1479_1480/is_binary_349-194568_349-194568.foo.c
565_1469_1474_1476_1477_1478_1479_1480/filename_filter_339-212482_339-212482.foo.c,565_1469_1474_1476_1477_1478_1479_1480/is_binary_349-194568_355-195288.foo.c
565_1469_1474_1476_1477_1478_1479_1480/hash_strnstr_231-182908_228-182791.foo.c,565_1469_1474_1476_1477_1478_1479_1480/is_binary_349-194568_349-194568.foo.c
565_1469_1474_1476_1477_1478_1479_1480/hash_strnstr_231-182908_228-182791.foo.c,565_1469_1474_1476_1477_1478_1479_1480/is_binary_349-194568_355-195288.foo.c
565_1469_1474_1476_1477_1478_1479_1480/is_binary_349-194568_349-194568.foo.c,565_1469_1474_1476_1477_1478_1479_1480/is_binary_349-194568_355-195288.foo.c
884_1524_1525_1526_1527_1528/ag_scandir_11-163457_61-165202.foo.c,884_1524_1525_1526_1527_1528/ag_scandir_11-163457_65-165256.foo.c
884_1524_1525_1526_1527_1528/ag_scandir_11-163457_61-165202.foo.c,884_1524_1525_1526_1527_1528/ag_scandir_12-163574_27-164186.foo.c
884_1524_1525_1526_1527_1528/ag_scandir_11-163457_61-165202.foo.c,884_1524_1525_1526_1527_1528/ag_scandir_12-163574_65-165256.foo.c
884_1524_1525_1526_1527_1528/ag_scandir_11-163457_61-165202.foo.c,884_1524_1525_1526_1527_1528/ag_scandir_11-163457_27-164186.foo.c
884_1524_1525_1526_1527_1528/ag_scandir_11-163457_61-165202.foo.c,884_1524_1525_1526_1527_1528/ag_scandir_12-163574_61-165202.foo.c
884_1524_1525_1526_1527_1528/ag_scandir_11-163457_61-165202.foo.c,884_1524_1525_1526_1527_1528/ag_scandir_11-163457_62-165225.foo.c
884_1524_1525_1526_1527_1528/ag_scandir_11-163457_61-165202.foo.c,884_1524_1525_1526_1527_1528/ag_scandir_12-163574_62-165225.foo.c
884_1524_1525_1526_1527_1528/ag_scandir_11-163457_65-165256.foo.c,884_1524_1525_1526_1527_1528/ag_scandir_12-163574_27-164186.foo.c
884_1524_1525_1526_1527_1528/ag_scandir_11-163457_65-165256.foo.c,884_1524_1525_1526_1527_1528/ag_scandir_12-163574_65-165256.foo.c
884_1524_1525_1526_1527_1528/ag_scandir_11-163457_65-165256.foo.c,884_1524_1525_1526_1527_1528/ag_scandir_11-163457_27-164186.foo.c
884_1524_1525_1526_1527_1528/ag_scandir_11-163457_65-165256.foo.c,884_1524_1525_1526_1527_1528/ag_scandir_12-163574_61-165202.foo.c
884_1524_1525_1526_1527_1528/ag_scandir_11-163457_65-165256.foo.c,884_1524_1525_1526_1527_1528/ag_scandir_11-163457_62-165225.foo.c
884_1524_1525_1526_1527_1528/ag_scandir_11-163457_65-165256.foo.c,884_1524_1525_1526_1527_1528/ag_scandir_12-163574_62-165225.foo.c
884_1524_1525_1526_1527_1528/ag_scandir_12-163574_27-164186.foo.c,884_1524_1525_1526_1527_1528/ag_scandir_12-163574_65-165256.foo.c
884_1524_1525_1526_1527_1528/ag_scandir_12-163574_27-164186.foo.c,884_1524_1525_1526_1527_1528/ag_scandir_11-163457_27-164186.foo.c
884_1524_1525_1526_1527_1528/ag_scandir_12-163574_27-164186.foo.c,884_1524_1525_1526_1527_1528/ag_scandir_12-163574_61-165202.foo.c
884_1524_1525_1526_1527_1528/ag_scandir_12-163574_27-164186.foo.c,884_1524_1525_1526_1527_1528/ag_scandir_11-163457_62-165225.foo.c
884_1524_1525_1526_1527_1528/ag_scandir_12-163574_27-164186.foo.c,884_1524_1525_1526_1527_1528/ag_scandir_12-163574_62-165225.foo.c
884_1524_1525_1526_1527_1528/ag_scandir_12-163574_65-165256.foo.c,884_1524_1525_1526_1527_1528/ag_scandir_11-163457_27-164186.foo.c
884_1524_1525_1526_1527_1528/ag_scandir_12-163574_65-165256.foo.c,884_1524_1525_1526_1527_1528/ag_scandir_12-163574_61-165202.foo.c
884_1524_1525_1526_1527_1528/ag_scandir_12-163574_65-165256.foo.c,884_1524_1525_1526_1527_1528/ag_scandir_11-163457_62-165225.foo.c
884_1524_1525_1526_1527_1528/ag_scandir_12-163574_65-165256.foo.c,884_1524_1525_1526_1527_1528/ag_scandir_12-163574_62-165225.foo.c
884_1524_1525_1526_1527_1528/ag_scandir_11-163457_27-164186.foo.c,884_1524_1525_1526_1527_1528/ag_scandir_12-163574_61-165202.foo.c
884_1524_1525_1526_1527_1528/ag_scandir_11-163457_27-164186.foo.c,884_1524_1525_1526_1527_1528/ag_scandir_11-163457_62-165225.foo.c
884_1524_1525_1526_1527_1528/ag_scandir_11-163457_27-164186.foo.c,884_1524_1525_1526_1527_1528/ag_scandir_12-163574_62-165225.foo.c
884_1524_1525_1526_1527_1528/ag_scandir_12-163574_61-165202.foo.c,884_1524_1525_1526_1527_1528/ag_scandir_11-163457_62-165225.foo.c
884_1524_1525_1526_1527_1528/ag_scandir_12-163574_61-165202.foo.c,884_1524_1525_1526_1527_1528/ag_scandir_12-163574_62-165225.foo.c
884_1524_1525_1526_1527_1528/ag_scandir_11-163457_62-165225.foo.c,884_1524_1525_1526_1527_1528/ag_scandir_12-163574_62-165225.foo.c
494_1455_1460_1464_1465_1466/filename_filter_310-205366_336-207044.foo.c,494_1455_1460_1464_1465_1466/filename_filter_305-205208_336-207044.foo.c
1327_1571_1572/print_init_context_40-222981_48-223361.foo.c,1327_1571_1572/print_init_context_40-222981_50-223431.foo.c
1327_1571_1572/print_init_context_40-222981_48-223361.foo.c,1327_1571_1572/print_init_context_40-222981_49-223395.foo.c
1327_1571_1572/print_init_context_40-222981_50-223431.foo.c,1327_1571_1572/print_init_context_40-222981_49-223395.foo.c
373_1425_1427_1429_1430_1431_1432/filename_filter_299-199059_323-206790.foo.c,373_1425_1427_1429_1430_1431_1432/filename_filter_299-199059_322-205704.foo.c
373_1425_1427_1429_1430_1431_1432/filename_filter_299-199059_323-206790.foo.c,373_1425_1427_1429_1430_1431_1432/filename_filter_294-198961_322-205704.foo.c
373_1425_1427_1429_1430_1431_1432/filename_filter_299-199059_323-206790.foo.c,373_1425_1427_1429_1430_1431_1432/filename_filter_294-198961_323-206790.foo.c
373_1425_1427_1429_1430_1431_1432/filename_filter_299-199059_322-205704.foo.c,373_1425_1427_1429_1430_1431_1432/filename_filter_294-198961_322-205704.foo.c
373_1425_1427_1429_1430_1431_1432/filename_filter_299-199059_322-205704.foo.c,373_1425_1427_1429_1430_1431_1432/filename_filter_294-198961_323-206790.foo.c
373_1425_1427_1429_1430_1431_1432/filename_filter_294-198961_322-205704.foo.c,373_1425_1427_1429_1430_1431_1432/filename_filter_294-198961_323-206790.foo.c
895_1526_1527/init_options_152-229099_168-235126.foo.c,895_1526_1527/init_options_148-228997_168-235126.foo.c
895_1526_1527/init_options_152-229099_168-235126.foo.c,895_1526_1527/init_options_151-229067_170-235194.foo.c
895_1526_1527/init_options_152-229099_168-235126.foo.c,895_1526_1527/init_options_151-229067_169-235152.foo.c
895_1526_1527/init_options_152-229099_168-235126.foo.c,895_1526_1527/init_options_148-228997_170-235194.foo.c
895_1526_1527/init_options_152-229099_168-235126.foo.c,895_1526_1527/init_options_151-229067_168-235126.foo.c
895_1526_1527/init_options_152-229099_168-235126.foo.c,895_1526_1527/init_options_153-234604_171-235224.foo.c
895_1526_1527/init_options_152-229099_168-235126.foo.c,895_1526_1527/init_options_152-229099_170-235194.foo.c
895_1526_1527/init_options_152-229099_168-235126.foo.c,895_1526_1527/init_options_152-229099_169-235152.foo.c
895_1526_1527/init_options_152-229099_168-235126.foo.c,895_1526_1527/init_options_148-228997_169-235152.foo.c
895_1526_1527/init_options_148-228997_168-235126.foo.c,895_1526_1527/init_options_151-229067_170-235194.foo.c
895_1526_1527/init_options_148-228997_168-235126.foo.c,895_1526_1527/init_options_151-229067_169-235152.foo.c
895_1526_1527/init_options_148-228997_168-235126.foo.c,895_1526_1527/init_options_148-228997_170-235194.foo.c
895_1526_1527/init_options_148-228997_168-235126.foo.c,895_1526_1527/init_options_151-229067_168-235126.foo.c
895_1526_1527/init_options_148-228997_168-235126.foo.c,895_1526_1527/init_options_153-234604_171-235224.foo.c
895_1526_1527/init_options_148-228997_168-235126.foo.c,895_1526_1527/init_options_152-229099_170-235194.foo.c
895_1526_1527/init_options_148-228997_168-235126.foo.c,895_1526_1527/init_options_152-229099_169-235152.foo.c
895_1526_1527/init_options_148-228997_168-235126.foo.c,895_1526_1527/init_options_148-228997_169-235152.foo.c
895_1526_1527/init_options_151-229067_170-235194.foo.c,895_1526_1527/init_options_151-229067_169-235152.foo.c
895_1526_1527/init_options_151-229067_170-235194.foo.c,895_1526_1527/init_options_148-228997_170-235194.foo.c
895_1526_1527/init_options_151-229067_170-235194.foo.c,895_1526_1527/init_options_151-229067_168-235126.foo.c
895_1526_1527/init_options_151-229067_170-235194.foo.c,895_1526_1527/init_options_153-234604_171-235224.foo.c
895_1526_1527/init_options_151-229067_170-235194.foo.c,895_1526_1527/init_options_152-229099_170-235194.foo.c
895_1526_1527/init_options_151-229067_170-235194.foo.c,895_1526_1527/init_options_152-229099_169-235152.foo.c
895_1526_1527/init_options_151-229067_170-235194.foo.c,895_1526_1527/init_options_148-228997_169-235152.foo.c
895_1526_1527/init_options_151-229067_169-235152.foo.c,895_1526_1527/init_options_148-228997_170-235194.foo.c
895_1526_1527/init_options_151-229067_169-235152.foo.c,895_1526_1527/init_options_151-229067_168-235126.foo.c
895_1526_1527/init_options_151-229067_169-235152.foo.c,895_1526_1527/init_options_153-234604_171-235224.foo.c
895_1526_1527/init_options_151-229067_169-235152.foo.c,895_1526_1527/init_options_152-229099_170-235194.foo.c
895_1526_1527/init_options_151-229067_169-235152.foo.c,895_1526_1527/init_options_152-229099_169-235152.foo.c
895_1526_1527/init_options_151-229067_169-235152.foo.c,895_1526_1527/init_options_148-228997_169-235152.foo.c
895_1526_1527/init_options_148-228997_170-235194.foo.c,895_1526_1527/init_options_151-229067_168-235126.foo.c
895_1526_1527/init_options_148-228997_170-235194.foo.c,895_1526_1527/init_options_153-234604_171-235224.foo.c
895_1526_1527/init_options_148-228997_170-235194.foo.c,895_1526_1527/init_options_152-229099_170-235194.foo.c
895_1526_1527/init_options_148-228997_170-235194.foo.c,895_1526_1527/init_options_152-229099_169-235152.foo.c
895_1526_1527/init_options_148-228997_170-235194.foo.c,895_1526_1527/init_options_148-228997_169-235152.foo.c
895_1526_1527/init_options_151-229067_168-235126.foo.c,895_1526_1527/init_options_153-234604_171-235224.foo.c
895_1526_1527/init_options_151-229067_168-235126.foo.c,895_1526_1527/init_options_152-229099_170-235194.foo.c
895_1526_1527/init_options_151-229067_168-235126.foo.c,895_1526_1527/init_options_152-229099_169-235152.foo.c
895_1526_1527/init_options_151-229067_168-235126.foo.c,895_1526_1527/init_options_148-228997_169-235152.foo.c
895_1526_1527/init_options_153-234604_171-235224.foo.c,895_1526_1527/init_options_152-229099_170-235194.foo.c
895_1526_1527/init_options_153-234604_171-235224.foo.c,895_1526_1527/init_options_152-229099_169-235152.foo.c
895_1526_1527/init_options_153-234604_171-235224.foo.c,895_1526_1527/init_options_148-228997_169-235152.foo.c
895_1526_1527/init_options_152-229099_170-235194.foo.c,895_1526_1527/init_options_152-229099_169-235152.foo.c
895_1526_1527/init_options_152-229099_170-235194.foo.c,895_1526_1527/init_options_148-228997_169-235152.foo.c
895_1526_1527/init_options_152-229099_169-235152.foo.c,895_1526_1527/init_options_148-228997_169-235152.foo.c
1330/check_symloop_enter_500-246724_500-248052.foo.c,1330/check_symloop_enter_500-246690_500-248052.foo.c
1330/check_symloop_enter_500-246724_500-248052.foo.c,1330/check_symloop_enter_500-246625_500-248052.foo.c
1330/check_symloop_enter_500-246724_500-248052.foo.c,1330/check_symloop_enter_493-242181_493-243213.foo.c
1330/check_symloop_enter_500-246724_500-248052.foo.c,1330/check_symloop_enter_500-246752_500-248052.foo.c
1330/check_symloop_enter_500-246690_500-248052.foo.c,1330/check_symloop_enter_500-246625_500-248052.foo.c
1330/check_symloop_enter_500-246690_500-248052.foo.c,1330/check_symloop_enter_493-242181_493-243213.foo.c
1330/check_symloop_enter_500-246690_500-248052.foo.c,1330/check_symloop_enter_500-246752_500-248052.foo.c
1330/check_symloop_enter_500-246625_500-248052.foo.c,1330/check_symloop_enter_493-242181_493-243213.foo.c
1330/check_symloop_enter_500-246625_500-248052.foo.c,1330/check_symloop_enter_500-246752_500-248052.foo.c
1330/check_symloop_enter_493-242181_493-243213.foo.c,1330/check_symloop_enter_500-246752_500-248052.foo.c
904_1533_1534_1535_1536_1537_1538/init_options_152-229099_158-235000.foo.c,904_1533_1534_1535_1536_1537_1538/init_options_148-228997_158-235000.foo.c
904_1533_1534_1535_1536_1537_1538/init_options_152-229099_158-235000.foo.c,904_1533_1534_1535_1536_1537_1538/init_options_153-234604_163-235036.foo.c
904_1533_1534_1535_1536_1537_1538/init_options_152-229099_158-235000.foo.c,904_1533_1534_1535_1536_1537_1538/init_options_151-229067_158-235000.foo.c
904_1533_1534_1535_1536_1537_1538/init_options_148-228997_158-235000.foo.c,904_1533_1534_1535_1536_1537_1538/init_options_153-234604_163-235036.foo.c
904_1533_1534_1535_1536_1537_1538/init_options_148-228997_158-235000.foo.c,904_1533_1534_1535_1536_1537_1538/init_options_151-229067_158-235000.foo.c
904_1533_1534_1535_1536_1537_1538/init_options_153-234604_163-235036.foo.c,904_1533_1534_1535_1536_1537_1538/init_options_151-229067_158-235000.foo.c
896/init_options_151-229067_167-235100.foo.c,896/init_options_153-234604_170-235194.foo.c
896/init_options_151-229067_167-235100.foo.c,896/init_options_153-234604_169-235152.foo.c
896/init_options_151-229067_167-235100.foo.c,896/init_options_152-229099_167-235100.foo.c
896/init_options_151-229067_167-235100.foo.c,896/init_options_148-228997_167-235100.foo.c
896/init_options_151-229067_167-235100.foo.c,896/init_options_153-234604_168-235126.foo.c
896/init_options_153-234604_170-235194.foo.c,896/init_options_153-234604_169-235152.foo.c
896/init_options_153-234604_170-235194.foo.c,896/init_options_152-229099_167-235100.foo.c
896/init_options_153-234604_170-235194.foo.c,896/init_options_148-228997_167-235100.foo.c
896/init_options_153-234604_170-235194.foo.c,896/init_options_153-234604_168-235126.foo.c
896/init_options_153-234604_169-235152.foo.c,896/init_options_152-229099_167-235100.foo.c
896/init_options_153-234604_169-235152.foo.c,896/init_options_148-228997_167-235100.foo.c
896/init_options_153-234604_169-235152.foo.c,896/init_options_153-234604_168-235126.foo.c
896/init_options_152-229099_167-235100.foo.c,896/init_options_148-228997_167-235100.foo.c
896/init_options_152-229099_167-235100.foo.c,896/init_options_153-234604_168-235126.foo.c
896/init_options_148-228997_167-235100.foo.c,896/init_options_153-234604_168-235126.foo.c
903_1532_1533_1534_1535/init_options_153-234604_165-235056.foo.c,903_1532_1533_1534_1535/init_options_153-234604_166-235080.foo.c
903_1532_1533_1534_1535/init_options_153-234604_165-235056.foo.c,903_1532_1533_1534_1535/init_options_151-229067_163-235036.foo.c
903_1532_1533_1534_1535/init_options_153-234604_165-235056.foo.c,903_1532_1533_1534_1535/init_options_148-228997_163-235036.foo.c
903_1532_1533_1534_1535/init_options_153-234604_165-235056.foo.c,903_1532_1533_1534_1535/init_options_152-229099_163-235036.foo.c
903_1532_1533_1534_1535/init_options_153-234604_166-235080.foo.c,903_1532_1533_1534_1535/init_options_151-229067_163-235036.foo.c
903_1532_1533_1534_1535/init_options_153-234604_166-235080.foo.c,903_1532_1533_1534_1535/init_options_148-228997_163-235036.foo.c
903_1532_1533_1534_1535/init_options_153-234604_166-235080.foo.c,903_1532_1533_1534_1535/init_options_152-229099_163-235036.foo.c
903_1532_1533_1534_1535/init_options_151-229067_163-235036.foo.c,903_1532_1533_1534_1535/init_options_148-228997_163-235036.foo.c
903_1532_1533_1534_1535/init_options_151-229067_163-235036.foo.c,903_1532_1533_1534_1535/init_options_152-229099_163-235036.foo.c
903_1532_1533_1534_1535/init_options_148-228997_163-235036.foo.c,903_1532_1533_1534_1535/init_options_152-229099_163-235036.foo.c
713_1499_1500_1501_1502/init_options_151-229067_173-235284.foo.c,713_1499_1500_1501_1502/init_options_148-228997_173-235284.foo.c
713_1499_1500_1501_1502/init_options_151-229067_173-235284.foo.c,713_1499_1500_1501_1502/init_options_152-229099_173-235284.foo.c
713_1499_1500_1501_1502/init_options_148-228997_173-235284.foo.c,713_1499_1500_1501_1502/init_options_152-229099_173-235284.foo.c
517_1466_1467_1469_1470/search_file_262-233300_288-234810.foo.c,517_1466_1467_1469_1470/search_file_262-233300_296-235212.foo.c
517_1466_1467_1469_1470/search_file_262-233300_288-234810.foo.c,517_1466_1467_1469_1470/search_file_262-233300_322-236575.foo.c
517_1466_1467_1469_1470/search_file_262-233300_288-234810.foo.c,517_1466_1467_1469_1470/search_file_262-233300_301-235332.foo.c
517_1466_1467_1469_1470/search_file_262-233300_288-234810.foo.c,517_1466_1467_1469_1470/search_file_262-233300_307-235513.foo.c
517_1466_1467_1469_1470/search_file_262-233300_288-234810.foo.c,517_1466_1467_1469_1470/search_file_262-233300_314-236214.foo.c
517_1466_1467_1469_1470/search_file_262-233300_288-234810.foo.c,517_1466_1467_1469_1470/search_file_262-233300_333-236922.foo.c
517_1466_1467_1469_1470/search_file_262-233300_288-234810.foo.c,517_1466_1467_1469_1470/search_file_262-233300_324-236605.foo.c
517_1466_1467_1469_1470/search_file_262-233300_296-235212.foo.c,517_1466_1467_1469_1470/search_file_262-233300_322-236575.foo.c
517_1466_1467_1469_1470/search_file_262-233300_296-235212.foo.c,517_1466_1467_1469_1470/search_file_262-233300_301-235332.foo.c
517_1466_1467_1469_1470/search_file_262-233300_296-235212.foo.c,517_1466_1467_1469_1470/search_file_262-233300_307-235513.foo.c
517_1466_1467_1469_1470/search_file_262-233300_296-235212.foo.c,517_1466_1467_1469_1470/search_file_262-233300_314-236214.foo.c
517_1466_1467_1469_1470/search_file_262-233300_296-235212.foo.c,517_1466_1467_1469_1470/search_file_262-233300_333-236922.foo.c
517_1466_1467_1469_1470/search_file_262-233300_296-235212.foo.c,517_1466_1467_1469_1470/search_file_262-233300_324-236605.foo.c
517_1466_1467_1469_1470/search_file_262-233300_322-236575.foo.c,517_1466_1467_1469_1470/search_file_262-233300_301-235332.foo.c
517_1466_1467_1469_1470/search_file_262-233300_322-236575.foo.c,517_1466_1467_1469_1470/search_file_262-233300_307-235513.foo.c
517_1466_1467_1469_1470/search_file_262-233300_322-236575.foo.c,517_1466_1467_1469_1470/search_file_262-233300_314-236214.foo.c
517_1466_1467_1469_1470/search_file_262-233300_322-236575.foo.c,517_1466_1467_1469_1470/search_file_262-233300_333-236922.foo.c
517_1466_1467_1469_1470/search_file_262-233300_322-236575.foo.c,517_1466_1467_1469_1470/search_file_262-233300_324-236605.foo.c
517_1466_1467_1469_1470/search_file_262-233300_301-235332.foo.c,517_1466_1467_1469_1470/search_file_262-233300_307-235513.foo.c
517_1466_1467_1469_1470/search_file_262-233300_301-235332.foo.c,517_1466_1467_1469_1470/search_file_262-233300_314-236214.foo.c
517_1466_1467_1469_1470/search_file_262-233300_301-235332.foo.c,517_1466_1467_1469_1470/search_file_262-233300_333-236922.foo.c
517_1466_1467_1469_1470/search_file_262-233300_301-235332.foo.c,517_1466_1467_1469_1470/search_file_262-233300_324-236605.foo.c
517_1466_1467_1469_1470/search_file_262-233300_307-235513.foo.c,517_1466_1467_1469_1470/search_file_262-233300_314-236214.foo.c
517_1466_1467_1469_1470/search_file_262-233300_307-235513.foo.c,517_1466_1467_1469_1470/search_file_262-233300_333-236922.foo.c
517_1466_1467_1469_1470/search_file_262-233300_307-235513.foo.c,517_1466_1467_1469_1470/search_file_262-233300_324-236605.foo.c
517_1466_1467_1469_1470/search_file_262-233300_314-236214.foo.c,517_1466_1467_1469_1470/search_file_262-233300_333-236922.foo.c
517_1466_1467_1469_1470/search_file_262-233300_314-236214.foo.c,517_1466_1467_1469_1470/search_file_262-233300_324-236605.foo.c
517_1466_1467_1469_1470/search_file_262-233300_333-236922.foo.c,517_1466_1467_1469_1470/search_file_262-233300_324-236605.foo.c
898_1529_1530/init_options_148-228997_156-234936.foo.c,898_1529_1530/init_options_152-229099_156-234936.foo.c
898_1529_1530/init_options_148-228997_156-234936.foo.c,898_1529_1530/init_options_151-229067_157-234965.foo.c
898_1529_1530/init_options_148-228997_156-234936.foo.c,898_1529_1530/init_options_151-229067_153-234604.foo.c
898_1529_1530/init_options_148-228997_156-234936.foo.c,898_1529_1530/init_options_148-228997_157-234965.foo.c
898_1529_1530/init_options_148-228997_156-234936.foo.c,898_1529_1530/init_options_151-229067_156-234936.foo.c
898_1529_1530/init_options_148-228997_156-234936.foo.c,898_1529_1530/init_options_152-229099_157-234965.foo.c
898_1529_1530/init_options_148-228997_156-234936.foo.c,898_1529_1530/init_options_152-229099_153-234604.foo.c
898_1529_1530/init_options_148-228997_156-234936.foo.c,898_1529_1530/init_options_148-228997_153-234604.foo.c
898_1529_1530/init_options_152-229099_156-234936.foo.c,898_1529_1530/init_options_151-229067_157-234965.foo.c
898_1529_1530/init_options_152-229099_156-234936.foo.c,898_1529_1530/init_options_151-229067_153-234604.foo.c
898_1529_1530/init_options_152-229099_156-234936.foo.c,898_1529_1530/init_options_148-228997_157-234965.foo.c
898_1529_1530/init_options_152-229099_156-234936.foo.c,898_1529_1530/init_options_151-229067_156-234936.foo.c
898_1529_1530/init_options_152-229099_156-234936.foo.c,898_1529_1530/init_options_152-229099_157-234965.foo.c
898_1529_1530/init_options_152-229099_156-234936.foo.c,898_1529_1530/init_options_152-229099_153-234604.foo.c
898_1529_1530/init_options_152-229099_156-234936.foo.c,898_1529_1530/init_options_148-228997_153-234604.foo.c
898_1529_1530/init_options_151-229067_157-234965.foo.c,898_1529_1530/init_options_151-229067_153-234604.foo.c
898_1529_1530/init_options_151-229067_157-234965.foo.c,898_1529_1530/init_options_148-228997_157-234965.foo.c
898_1529_1530/init_options_151-229067_157-234965.foo.c,898_1529_1530/init_options_151-229067_156-234936.foo.c
898_1529_1530/init_options_151-229067_157-234965.foo.c,898_1529_1530/init_options_152-229099_157-234965.foo.c
898_1529_1530/init_options_151-229067_157-234965.foo.c,898_1529_1530/init_options_152-229099_153-234604.foo.c
898_1529_1530/init_options_151-229067_157-234965.foo.c,898_1529_1530/init_options_148-228997_153-234604.foo.c
898_1529_1530/init_options_151-229067_153-234604.foo.c,898_1529_1530/init_options_148-228997_157-234965.foo.c
898_1529_1530/init_options_151-229067_153-234604.foo.c,898_1529_1530/init_options_151-229067_156-234936.foo.c
898_1529_1530/init_options_151-229067_153-234604.foo.c,898_1529_1530/init_options_152-229099_157-234965.foo.c
898_1529_1530/init_options_151-229067_153-234604.foo.c,898_1529_1530/init_options_152-229099_153-234604.foo.c
898_1529_1530/init_options_151-229067_153-234604.foo.c,898_1529_1530/init_options_148-228997_153-234604.foo.c
898_1529_1530/init_options_148-228997_157-234965.foo.c,898_1529_1530/init_options_151-229067_156-234936.foo.c
898_1529_1530/init_options_148-228997_157-234965.foo.c,898_1529_1530/init_options_152-229099_157-234965.foo.c
898_1529_1530/init_options_148-228997_157-234965.foo.c,898_1529_1530/init_options_152-229099_153-234604.foo.c
898_1529_1530/init_options_148-228997_157-234965.foo.c,898_1529_1530/init_options_148-228997_153-234604.foo.c
898_1529_1530/init_options_151-229067_156-234936.foo.c,898_1529_1530/init_options_152-229099_157-234965.foo.c
898_1529_1530/init_options_151-229067_156-234936.foo.c,898_1529_1530/init_options_152-229099_153-234604.foo.c
898_1529_1530/init_options_151-229067_156-234936.foo.c,898_1529_1530/init_options_148-228997_153-234604.foo.c
898_1529_1530/init_options_152-229099_157-234965.foo.c,898_1529_1530/init_options_152-229099_153-234604.foo.c
898_1529_1530/init_options_152-229099_157-234965.foo.c,898_1529_1530/init_options_148-228997_153-234604.foo.c
898_1529_1530/init_options_152-229099_153-234604.foo.c,898_1529_1530/init_options_148-228997_153-234604.foo.c
898/init_options_148-228997_156-234936.foo.c,898/init_options_152-229099_156-234936.foo.c
898/init_options_148-228997_156-234936.foo.c,898/init_options_151-229067_157-234965.foo.c
898/init_options_148-228997_156-234936.foo.c,898/init_options_151-229067_153-234604.foo.c
898/init_options_148-228997_156-234936.foo.c,898/init_options_148-228997_157-234965.foo.c
898/init_options_148-228997_156-234936.foo.c,898/init_options_151-229067_156-234936.foo.c
898/init_options_148-228997_156-234936.foo.c,898/init_options_152-229099_157-234965.foo.c
898/init_options_148-228997_156-234936.foo.c,898/init_options_152-229099_153-234604.foo.c
898/init_options_148-228997_156-234936.foo.c,898/init_options_148-228997_153-234604.foo.c
898/init_options_152-229099_156-234936.foo.c,898/init_options_151-229067_157-234965.foo.c
898/init_options_152-229099_156-234936.foo.c,898/init_options_151-229067_153-234604.foo.c
898/init_options_152-229099_156-234936.foo.c,898/init_options_148-228997_157-234965.foo.c
898/init_options_152-229099_156-234936.foo.c,898/init_options_151-229067_156-234936.foo.c
898/init_options_152-229099_156-234936.foo.c,898/init_options_152-229099_157-234965.foo.c
898/init_options_152-229099_156-234936.foo.c,898/init_options_152-229099_153-234604.foo.c
898/init_options_152-229099_156-234936.foo.c,898/init_options_148-228997_153-234604.foo.c
898/init_options_151-229067_157-234965.foo.c,898/init_options_151-229067_153-234604.foo.c
898/init_options_151-229067_157-234965.foo.c,898/init_options_148-228997_157-234965.foo.c
898/init_options_151-229067_157-234965.foo.c,898/init_options_151-229067_156-234936.foo.c
898/init_options_151-229067_157-234965.foo.c,898/init_options_152-229099_157-234965.foo.c
898/init_options_151-229067_157-234965.foo.c,898/init_options_152-229099_153-234604.foo.c
898/init_options_151-229067_157-234965.foo.c,898/init_options_148-228997_153-234604.foo.c
898/init_options_151-229067_153-234604.foo.c,898/init_options_148-228997_157-234965.foo.c
898/init_options_151-229067_153-234604.foo.c,898/init_options_151-229067_156-234936.foo.c
898/init_options_151-229067_153-234604.foo.c,898/init_options_152-229099_157-234965.foo.c
898/init_options_151-229067_153-234604.foo.c,898/init_options_152-229099_153-234604.foo.c
898/init_options_151-229067_153-234604.foo.c,898/init_options_148-228997_153-234604.foo.c
898/init_options_148-228997_157-234965.foo.c,898/init_options_151-229067_156-234936.foo.c
898/init_options_148-228997_157-234965.foo.c,898/init_options_152-229099_157-234965.foo.c
898/init_options_148-228997_157-234965.foo.c,898/init_options_152-229099_153-234604.foo.c
898/init_options_148-228997_157-234965.foo.c,898/init_options_148-228997_153-234604.foo.c
898/init_options_151-229067_156-234936.foo.c,898/init_options_152-229099_157-234965.foo.c
898/init_options_151-229067_156-234936.foo.c,898/init_options_152-229099_153-234604.foo.c
898/init_options_151-229067_156-234936.foo.c,898/init_options_148-228997_153-234604.foo.c
898/init_options_152-229099_157-234965.foo.c,898/init_options_152-229099_153-234604.foo.c
898/init_options_152-229099_157-234965.foo.c,898/init_options_148-228997_153-234604.foo.c
898/init_options_152-229099_153-234604.foo.c,898/init_options_148-228997_153-234604.foo.c
586_1480_1484_1485_1486_1488_1489/search_buf_191-231169_215-232106.foo.c,586_1480_1484_1485_1486_1488_1489/search_buf_109-227772_128-228689.foo.c
586_1480_1484_1485_1486_1488_1489/search_buf_191-231169_215-232106.foo.c,586_1480_1484_1485_1486_1488_1489/search_buf_109-227772_129-228752.foo.c
586_1480_1484_1485_1486_1488_1489/search_buf_109-227772_128-228689.foo.c,586_1480_1484_1485_1486_1488_1489/search_buf_109-227772_129-228752.foo.c
1318_1569/print_file_matches_149-227063_167-227542.foo.c,1318_1569/print_file_matches_150-227089_167-227542.foo.c
1318_1569/print_file_matches_149-227063_167-227542.foo.c,1318_1569/print_file_matches_151-227121_167-227542.foo.c
1318_1569/print_file_matches_149-227063_167-227542.foo.c,1318_1569/print_file_matches_150-227089_155-227235.foo.c
1318_1569/print_file_matches_149-227063_167-227542.foo.c,1318_1569/print_file_matches_151-227121_155-227235.foo.c
1318_1569/print_file_matches_149-227063_167-227542.foo.c,1318_1569/print_file_matches_149-227063_155-227235.foo.c
1318_1569/print_file_matches_150-227089_167-227542.foo.c,1318_1569/print_file_matches_151-227121_167-227542.foo.c
1318_1569/print_file_matches_150-227089_167-227542.foo.c,1318_1569/print_file_matches_150-227089_155-227235.foo.c
1318_1569/print_file_matches_150-227089_167-227542.foo.c,1318_1569/print_file_matches_151-227121_155-227235.foo.c
1318_1569/print_file_matches_150-227089_167-227542.foo.c,1318_1569/print_file_matches_149-227063_155-227235.foo.c
1318_1569/print_file_matches_151-227121_167-227542.foo.c,1318_1569/print_file_matches_150-227089_155-227235.foo.c
1318_1569/print_file_matches_151-227121_167-227542.foo.c,1318_1569/print_file_matches_151-227121_155-227235.foo.c
1318_1569/print_file_matches_151-227121_167-227542.foo.c,1318_1569/print_file_matches_149-227063_155-227235.foo.c
1318_1569/print_file_matches_150-227089_155-227235.foo.c,1318_1569/print_file_matches_151-227121_155-227235.foo.c
1318_1569/print_file_matches_150-227089_155-227235.foo.c,1318_1569/print_file_matches_149-227063_155-227235.foo.c
1318_1569/print_file_matches_151-227121_155-227235.foo.c,1318_1569/print_file_matches_149-227063_155-227235.foo.c
1192_1556_1557_1558_1559_1560_1561_1562/strlcpy_657-213713_679-214019.foo.c,1192_1556_1557_1558_1559_1560_1561_1562/strlcpy_661-213761_661-213761.foo.c
1192_1556_1557_1558_1559_1560_1561_1562/strlcpy_657-213713_679-214019.foo.c,1192_1556_1557_1558_1559_1560_1561_1562/strlcpy_661-213761_670-213902.foo.c
1192_1556_1557_1558_1559_1560_1561_1562/strlcpy_657-213713_679-214019.foo.c,1192_1556_1557_1558_1559_1560_1561_1562/strlcpy_658-213738_679-214019.foo.c
1192_1556_1557_1558_1559_1560_1561_1562/strlcpy_657-213713_679-214019.foo.c,1192_1556_1557_1558_1559_1560_1561_1562/strlcpy_656-213694_679-214019.foo.c
1192_1556_1557_1558_1559_1560_1561_1562/strlcpy_657-213713_679-214019.foo.c,1192_1556_1557_1558_1559_1560_1561_1562/strlcpy_658-213738_670-213902.foo.c
1192_1556_1557_1558_1559_1560_1561_1562/strlcpy_657-213713_679-214019.foo.c,1192_1556_1557_1558_1559_1560_1561_1562/strlcpy_657-213713_661-213761.foo.c
1192_1556_1557_1558_1559_1560_1561_1562/strlcpy_657-213713_679-214019.foo.c,1192_1556_1557_1558_1559_1560_1561_1562/strlcpy_661-213761_679-214019.foo.c
1192_1556_1557_1558_1559_1560_1561_1562/strlcpy_657-213713_679-214019.foo.c,1192_1556_1557_1558_1559_1560_1561_1562/strlcpy_656-213694_670-213902.foo.c
1192_1556_1557_1558_1559_1560_1561_1562/strlcpy_657-213713_679-214019.foo.c,1192_1556_1557_1558_1559_1560_1561_1562/strlcpy_657-213713_670-213902.foo.c
1192_1556_1557_1558_1559_1560_1561_1562/strlcpy_657-213713_679-214019.foo.c,1192_1556_1557_1558_1559_1560_1561_1562/strlcpy_658-213738_661-213761.foo.c
1192_1556_1557_1558_1559_1560_1561_1562/strlcpy_657-213713_679-214019.foo.c,1192_1556_1557_1558_1559_1560_1561_1562/strlcpy_656-213694_661-213761.foo.c
1192_1556_1557_1558_1559_1560_1561_1562/strlcpy_661-213761_661-213761.foo.c,1192_1556_1557_1558_1559_1560_1561_1562/strlcpy_661-213761_670-213902.foo.c
1192_1556_1557_1558_1559_1560_1561_1562/strlcpy_661-213761_661-213761.foo.c,1192_1556_1557_1558_1559_1560_1561_1562/strlcpy_658-213738_679-214019.foo.c
1192_1556_1557_1558_1559_1560_1561_1562/strlcpy_661-213761_661-213761.foo.c,1192_1556_1557_1558_1559_1560_1561_1562/strlcpy_656-213694_679-214019.foo.c
1192_1556_1557_1558_1559_1560_1561_1562/strlcpy_661-213761_661-213761.foo.c,1192_1556_1557_1558_1559_1560_1561_1562/strlcpy_658-213738_670-213902.foo.c
1192_1556_1557_1558_1559_1560_1561_1562/strlcpy_661-213761_661-213761.foo.c,1192_1556_1557_1558_1559_1560_1561_1562/strlcpy_657-213713_661-213761.foo.c
1192_1556_1557_1558_1559_1560_1561_1562/strlcpy_661-213761_661-213761.foo.c,1192_1556_1557_1558_1559_1560_1561_1562/strlcpy_661-213761_679-214019.foo.c
1192_1556_1557_1558_1559_1560_1561_1562/strlcpy_661-213761_661-213761.foo.c,1192_1556_1557_1558_1559_1560_1561_1562/strlcpy_656-213694_670-213902.foo.c
1192_1556_1557_1558_1559_1560_1561_1562/strlcpy_661-213761_661-213761.foo.c,1192_1556_1557_1558_1559_1560_1561_1562/strlcpy_657-213713_670-213902.foo.c
1192_1556_1557_1558_1559_1560_1561_1562/strlcpy_661-213761_661-213761.foo.c,1192_1556_1557_1558_1559_1560_1561_1562/strlcpy_658-213738_661-213761.foo.c
1192_1556_1557_1558_1559_1560_1561_1562/strlcpy_661-213761_661-213761.foo.c,1192_1556_1557_1558_1559_1560_1561_1562/strlcpy_656-213694_661-213761.foo.c
1192_1556_1557_1558_1559_1560_1561_1562/strlcpy_661-213761_670-213902.foo.c,1192_1556_1557_1558_1559_1560_1561_1562/strlcpy_658-213738_679-214019.foo.c
1192_1556_1557_1558_1559_1560_1561_1562/strlcpy_661-213761_670-213902.foo.c,1192_1556_1557_1558_1559_1560_1561_1562/strlcpy_656-213694_679-214019.foo.c
1192_1556_1557_1558_1559_1560_1561_1562/strlcpy_661-213761_670-213902.foo.c,1192_1556_1557_1558_1559_1560_1561_1562/strlcpy_658-213738_670-213902.foo.c
1192_1556_1557_1558_1559_1560_1561_1562/strlcpy_661-213761_670-213902.foo.c,1192_1556_1557_1558_1559_1560_1561_1562/strlcpy_657-213713_661-213761.foo.c
1192_1556_1557_1558_1559_1560_1561_1562/strlcpy_661-213761_670-213902.foo.c,1192_1556_1557_1558_1559_1560_1561_1562/strlcpy_661-213761_679-214019.foo.c
1192_1556_1557_1558_1559_1560_1561_1562/strlcpy_661-213761_670-213902.foo.c,1192_1556_1557_1558_1559_1560_1561_1562/strlcpy_656-213694_670-213902.foo.c
1192_1556_1557_1558_1559_1560_1561_1562/strlcpy_661-213761_670-213902.foo.c,1192_1556_1557_1558_1559_1560_1561_1562/strlcpy_657-213713_670-213902.foo.c
1192_1556_1557_1558_1559_1560_1561_1562/strlcpy_661-213761_670-213902.foo.c,1192_1556_1557_1558_1559_1560_1561_1562/strlcpy_658-213738_661-213761.foo.c
1192_1556_1557_1558_1559_1560_1561_1562/strlcpy_661-213761_670-213902.foo.c,1192_1556_1557_1558_1559_1560_1561_1562/strlcpy_656-213694_661-213761.foo.c
1192_1556_1557_1558_1559_1560_1561_1562/strlcpy_658-213738_679-214019.foo.c,1192_1556_1557_1558_1559_1560_1561_1562/strlcpy_656-213694_679-214019.foo.c
1192_1556_1557_1558_1559_1560_1561_1562/strlcpy_658-213738_679-214019.foo.c,1192_1556_1557_1558_1559_1560_1561_1562/strlcpy_658-213738_670-213902.foo.c
1192_1556_1557_1558_1559_1560_1561_1562/strlcpy_658-213738_679-214019.foo.c,1192_1556_1557_1558_1559_1560_1561_1562/strlcpy_657-213713_661-213761.foo.c
1192_1556_1557_1558_1559_1560_1561_1562/strlcpy_658-213738_679-214019.foo.c,1192_1556_1557_1558_1559_1560_1561_1562/strlcpy_661-213761_679-214019.foo.c
1192_1556_1557_1558_1559_1560_1561_1562/strlcpy_658-213738_679-214019.foo.c,1192_1556_1557_1558_1559_1560_1561_1562/strlcpy_656-213694_670-213902.foo.c
1192_1556_1557_1558_1559_1560_1561_1562/strlcpy_658-213738_679-214019.foo.c,1192_1556_1557_1558_1559_1560_1561_1562/strlcpy_657-213713_670-213902.foo.c
1192_1556_1557_1558_1559_1560_1561_1562/strlcpy_658-213738_679-214019.foo.c,1192_1556_1557_1558_1559_1560_1561_1562/strlcpy_658-213738_661-213761.foo.c
1192_1556_1557_1558_1559_1560_1561_1562/strlcpy_658-213738_679-214019.foo.c,1192_1556_1557_1558_1559_1560_1561_1562/strlcpy_656-213694_661-213761.foo.c
1192_1556_1557_1558_1559_1560_1561_1562/strlcpy_656-213694_679-214019.foo.c,1192_1556_1557_1558_1559_1560_1561_1562/strlcpy_658-213738_670-213902.foo.c
1192_1556_1557_1558_1559_1560_1561_1562/strlcpy_656-213694_679-214019.foo.c,1192_1556_1557_1558_1559_1560_1561_1562/strlcpy_657-213713_661-213761.foo.c
1192_1556_1557_1558_1559_1560_1561_1562/strlcpy_656-213694_679-214019.foo.c,1192_1556_1557_1558_1559_1560_1561_1562/strlcpy_661-213761_679-214019.foo.c
1192_1556_1557_1558_1559_1560_1561_1562/strlcpy_656-213694_679-214019.foo.c,1192_1556_1557_1558_1559_1560_1561_1562/strlcpy_656-213694_670-213902.foo.c
1192_1556_1557_1558_1559_1560_1561_1562/strlcpy_656-213694_679-214019.foo.c,1192_1556_1557_1558_1559_1560_1561_1562/strlcpy_657-213713_670-213902.foo.c
1192_1556_1557_1558_1559_1560_1561_1562/strlcpy_656-213694_679-214019.foo.c,1192_1556_1557_1558_1559_1560_1561_1562/strlcpy_658-213738_661-213761.foo.c
1192_1556_1557_1558_1559_1560_1561_1562/strlcpy_656-213694_679-214019.foo.c,1192_1556_1557_1558_1559_1560_1561_1562/strlcpy_656-213694_661-213761.foo.c
1192_1556_1557_1558_1559_1560_1561_1562/strlcpy_658-213738_670-213902.foo.c,1192_1556_1557_1558_1559_1560_1561_1562/strlcpy_657-213713_661-213761.foo.c
1192_1556_1557_1558_1559_1560_1561_1562/strlcpy_658-213738_670-213902.foo.c,1192_1556_1557_1558_1559_1560_1561_1562/strlcpy_661-213761_679-214019.foo.c
1192_1556_1557_1558_1559_1560_1561_1562/strlcpy_658-213738_670-213902.foo.c,1192_1556_1557_1558_1559_1560_1561_1562/strlcpy_656-213694_670-213902.foo.c
1192_1556_1557_1558_1559_1560_1561_1562/strlcpy_658-213738_670-213902.foo.c,1192_1556_1557_1558_1559_1560_1561_1562/strlcpy_657-213713_670-213902.foo.c
1192_1556_1557_1558_1559_1560_1561_1562/strlcpy_658-213738_670-213902.foo.c,1192_1556_1557_1558_1559_1560_1561_1562/strlcpy_658-213738_661-213761.foo.c
1192_1556_1557_1558_1559_1560_1561_1562/strlcpy_658-213738_670-213902.foo.c,1192_1556_1557_1558_1559_1560_1561_1562/strlcpy_656-213694_661-213761.foo.c
1192_1556_1557_1558_1559_1560_1561_1562/strlcpy_657-213713_661-213761.foo.c,1192_1556_1557_1558_1559_1560_1561_1562/strlcpy_661-213761_679-214019.foo.c
1192_1556_1557_1558_1559_1560_1561_1562/strlcpy_657-213713_661-213761.foo.c,1192_1556_1557_1558_1559_1560_1561_1562/strlcpy_656-213694_670-213902.foo.c
1192_1556_1557_1558_1559_1560_1561_1562/strlcpy_657-213713_661-213761.foo.c,1192_1556_1557_1558_1559_1560_1561_1562/strlcpy_657-213713_670-213902.foo.c
1192_1556_1557_1558_1559_1560_1561_1562/strlcpy_657-213713_661-213761.foo.c,1192_1556_1557_1558_1559_1560_1561_1562/strlcpy_658-213738_661-213761.foo.c
1192_1556_1557_1558_1559_1560_1561_1562/strlcpy_657-213713_661-213761.foo.c,1192_1556_1557_1558_1559_1560_1561_1562/strlcpy_656-213694_661-213761.foo.c
1192_1556_1557_1558_1559_1560_1561_1562/strlcpy_661-213761_679-214019.foo.c,1192_1556_1557_1558_1559_1560_1561_1562/strlcpy_656-213694_670-213902.foo.c
1192_1556_1557_1558_1559_1560_1561_1562/strlcpy_661-213761_679-214019.foo.c,1192_1556_1557_1558_1559_1560_1561_1562/strlcpy_657-213713_670-213902.foo.c
1192_1556_1557_1558_1559_1560_1561_1562/strlcpy_661-213761_679-214019.foo.c,1192_1556_1557_1558_1559_1560_1561_1562/strlcpy_658-213738_661-213761.foo.c
1192_1556_1557_1558_1559_1560_1561_1562/strlcpy_661-213761_679-214019.foo.c,1192_1556_1557_1558_1559_1560_1561_1562/strlcpy_656-213694_661-213761.foo.c
1192_1556_1557_1558_1559_1560_1561_1562/strlcpy_656-213694_670-213902.foo.c,1192_1556_1557_1558_1559_1560_1561_1562/strlcpy_657-213713_670-213902.foo.c
1192_1556_1557_1558_1559_1560_1561_1562/strlcpy_656-213694_670-213902.foo.c,1192_1556_1557_1558_1559_1560_1561_1562/strlcpy_658-213738_661-213761.foo.c
1192_1556_1557_1558_1559_1560_1561_1562/strlcpy_656-213694_670-213902.foo.c,1192_1556_1557_1558_1559_1560_1561_1562/strlcpy_656-213694_661-213761.foo.c
1192_1556_1557_1558_1559_1560_1561_1562/strlcpy_657-213713_670-213902.foo.c,1192_1556_1557_1558_1559_1560_1561_1562/strlcpy_658-213738_661-213761.foo.c
1192_1556_1557_1558_1559_1560_1561_1562/strlcpy_657-213713_670-213902.foo.c,1192_1556_1557_1558_1559_1560_1561_1562/strlcpy_656-213694_661-213761.foo.c
1192_1556_1557_1558_1559_1560_1561_1562/strlcpy_658-213738_661-213761.foo.c,1192_1556_1557_1558_1559_1560_1561_1562/strlcpy_656-213694_661-213761.foo.c
1152_1547_1548_1549_1550_1551_1552_1553/search_file_266-233480_287-234655.foo.c,1152_1547_1548_1549_1550_1551_1552_1553/search_file_267-233496_287-234655.foo.c
1237_1565_1566_1567_1568_1569_1570_1571/search_buf_22-224535_39-224962.foo.c,1237_1565_1566_1567_1568_1569_1570_1571/search_buf_21-224514_39-224962.foo.c
1232_1563_1564_1565/decompress_lzma_149-241075_162-241802.foo.c,1232_1563_1564_1565/decompress_lzma_149-241075_146-241009.foo.c
454_1446_1447_1448_1449_1450/add_ignore_pattern_161-181675_165-187301.foo.c,454_1446_1447_1448_1449_1450/add_ignore_pattern_162-186967_165-187301.foo.c
454_1446_1447_1448_1449_1450/add_ignore_pattern_161-181675_165-187301.foo.c,454_1446_1447_1448_1449_1450/add_ignore_pattern_162-186967_161-181675.foo.c
454_1446_1447_1448_1449_1450/add_ignore_pattern_161-181675_165-187301.foo.c,454_1446_1447_1448_1449_1450/add_ignore_pattern_161-181675_161-181675.foo.c
454_1446_1447_1448_1449_1450/add_ignore_pattern_162-186967_165-187301.foo.c,454_1446_1447_1448_1449_1450/add_ignore_pattern_162-186967_161-181675.foo.c
454_1446_1447_1448_1449_1450/add_ignore_pattern_162-186967_165-187301.foo.c,454_1446_1447_1448_1449_1450/add_ignore_pattern_161-181675_161-181675.foo.c
454_1446_1447_1448_1449_1450/add_ignore_pattern_162-186967_161-181675.foo.c,454_1446_1447_1448_1449_1450/add_ignore_pattern_161-181675_161-181675.foo.c
454_1446_1447_1448_1449_1450_1451_1452/add_ignore_pattern_161-181675_165-187301.foo.c,454_1446_1447_1448_1449_1450_1451_1452/add_ignore_pattern_162-186967_165-187301.foo.c
454_1446_1447_1448_1449_1450_1451_1452/add_ignore_pattern_161-181675_165-187301.foo.c,454_1446_1447_1448_1449_1450_1451_1452/add_ignore_pattern_162-186967_161-181675.foo.c
454_1446_1447_1448_1449_1450_1451_1452/add_ignore_pattern_161-181675_165-187301.foo.c,454_1446_1447_1448_1449_1450_1451_1452/add_ignore_pattern_161-181675_161-181675.foo.c
454_1446_1447_1448_1449_1450_1451_1452/add_ignore_pattern_162-186967_165-187301.foo.c,454_1446_1447_1448_1449_1450_1451_1452/add_ignore_pattern_162-186967_161-181675.foo.c
454_1446_1447_1448_1449_1450_1451_1452/add_ignore_pattern_162-186967_165-187301.foo.c,454_1446_1447_1448_1449_1450_1451_1452/add_ignore_pattern_161-181675_161-181675.foo.c
454_1446_1447_1448_1449_1450_1451_1452/add_ignore_pattern_162-186967_161-181675.foo.c,454_1446_1447_1448_1449_1450_1451_1452/add_ignore_pattern_161-181675_161-181675.foo.c
617_1484_1486/print_file_matches_244-231509_303-234383.foo.c,617_1484_1486/print_file_matches_236-230971_303-234383.foo.c
617_1484_1486/print_file_matches_244-231509_303-234383.foo.c,617_1484_1486/check_symloop_enter_493-243213_493-242042.foo.c
617_1484_1486/print_file_matches_244-231509_303-234383.foo.c,617_1484_1486/print_file_matches_235-230931_235-230931.foo.c
617_1484_1486/print_file_matches_244-231509_303-234383.foo.c,617_1484_1486/check_symloop_leave_515-253586_515-254720.foo.c
617_1484_1486/print_file_matches_244-231509_303-234383.foo.c,617_1484_1486/check_symloop_enter_500-250416_500-250835.foo.c
617_1484_1486/print_file_matches_244-231509_303-234383.foo.c,617_1484_1486/check_symloop_leave_515-254720_515-255104.foo.c
617_1484_1486/print_file_matches_244-231509_303-234383.foo.c,617_1484_1486/check_symloop_leave_515-254720_515-254804.foo.c
617_1484_1486/print_file_matches_244-231509_303-234383.foo.c,617_1484_1486/search_file_322-236575_333-236922.foo.c
617_1484_1486/print_file_matches_244-231509_303-234383.foo.c,617_1484_1486/search_buf_87-226868_87-226868.foo.c
617_1484_1486/print_file_matches_244-231509_303-234383.foo.c,617_1484_1486/check_symloop_enter_493-243213_493-244347.foo.c
617_1484_1486/print_file_matches_244-231509_303-234383.foo.c,617_1484_1486/check_symloop_enter_493-244347_493-244731.foo.c
617_1484_1486/print_file_matches_244-231509_303-234383.foo.c,617_1484_1486/hash_strnstr_231-182908_232-184034.foo.c
617_1484_1486/print_file_matches_244-231509_303-234383.foo.c,617_1484_1486/check_symloop_leave_515-253586_515-252415.foo.c
617_1484_1486/print_file_matches_244-231509_303-234383.foo.c,617_1484_1486/check_symloop_enter_493-244347_493-244431.foo.c
617_1484_1486/print_file_matches_236-230971_303-234383.foo.c,617_1484_1486/check_symloop_enter_493-243213_493-242042.foo.c
617_1484_1486/print_file_matches_236-230971_303-234383.foo.c,617_1484_1486/print_file_matches_235-230931_235-230931.foo.c
617_1484_1486/print_file_matches_236-230971_303-234383.foo.c,617_1484_1486/check_symloop_leave_515-253586_515-254720.foo.c
617_1484_1486/print_file_matches_236-230971_303-234383.foo.c,617_1484_1486/check_symloop_enter_500-250416_500-250835.foo.c
617_1484_1486/print_file_matches_236-230971_303-234383.foo.c,617_1484_1486/check_symloop_leave_515-254720_515-255104.foo.c
617_1484_1486/print_file_matches_236-230971_303-234383.foo.c,617_1484_1486/check_symloop_leave_515-254720_515-254804.foo.c
617_1484_1486/print_file_matches_236-230971_303-234383.foo.c,617_1484_1486/search_file_322-236575_333-236922.foo.c
617_1484_1486/print_file_matches_236-230971_303-234383.foo.c,617_1484_1486/search_buf_87-226868_87-226868.foo.c
617_1484_1486/print_file_matches_236-230971_303-234383.foo.c,617_1484_1486/check_symloop_enter_493-243213_493-244347.foo.c
617_1484_1486/print_file_matches_236-230971_303-234383.foo.c,617_1484_1486/check_symloop_enter_493-244347_493-244731.foo.c
617_1484_1486/print_file_matches_236-230971_303-234383.foo.c,617_1484_1486/hash_strnstr_231-182908_232-184034.foo.c
617_1484_1486/print_file_matches_236-230971_303-234383.foo.c,617_1484_1486/check_symloop_leave_515-253586_515-252415.foo.c
617_1484_1486/print_file_matches_236-230971_303-234383.foo.c,617_1484_1486/check_symloop_enter_493-244347_493-244431.foo.c
617_1484_1486/check_symloop_enter_493-243213_493-242042.foo.c,617_1484_1486/print_file_matches_235-230931_235-230931.foo.c
617_1484_1486/check_symloop_enter_493-243213_493-242042.foo.c,617_1484_1486/check_symloop_leave_515-253586_515-254720.foo.c
617_1484_1486/check_symloop_enter_493-243213_493-242042.foo.c,617_1484_1486/check_symloop_enter_500-250416_500-250835.foo.c
617_1484_1486/check_symloop_enter_493-243213_493-242042.foo.c,617_1484_1486/check_symloop_leave_515-254720_515-255104.foo.c
617_1484_1486/check_symloop_enter_493-243213_493-242042.foo.c,617_1484_1486/check_symloop_leave_515-254720_515-254804.foo.c
617_1484_1486/check_symloop_enter_493-243213_493-242042.foo.c,617_1484_1486/search_file_322-236575_333-236922.foo.c
617_1484_1486/check_symloop_enter_493-243213_493-242042.foo.c,617_1484_1486/search_buf_87-226868_87-226868.foo.c
617_1484_1486/check_symloop_enter_493-243213_493-242042.foo.c,617_1484_1486/check_symloop_enter_493-243213_493-244347.foo.c
617_1484_1486/check_symloop_enter_493-243213_493-242042.foo.c,617_1484_1486/check_symloop_enter_493-244347_493-244731.foo.c
617_1484_1486/check_symloop_enter_493-243213_493-242042.foo.c,617_1484_1486/hash_strnstr_231-182908_232-184034.foo.c
617_1484_1486/check_symloop_enter_493-243213_493-242042.foo.c,617_1484_1486/check_symloop_leave_515-253586_515-252415.foo.c
617_1484_1486/check_symloop_enter_493-243213_493-242042.foo.c,617_1484_1486/check_symloop_enter_493-244347_493-244431.foo.c
617_1484_1486/print_file_matches_235-230931_235-230931.foo.c,617_1484_1486/check_symloop_leave_515-253586_515-254720.foo.c
617_1484_1486/print_file_matches_235-230931_235-230931.foo.c,617_1484_1486/check_symloop_enter_500-250416_500-250835.foo.c
617_1484_1486/print_file_matches_235-230931_235-230931.foo.c,617_1484_1486/check_symloop_leave_515-254720_515-255104.foo.c
617_1484_1486/print_file_matches_235-230931_235-230931.foo.c,617_1484_1486/check_symloop_leave_515-254720_515-254804.foo.c
617_1484_1486/print_file_matches_235-230931_235-230931.foo.c,617_1484_1486/search_file_322-236575_333-236922.foo.c
617_1484_1486/print_file_matches_235-230931_235-230931.foo.c,617_1484_1486/search_buf_87-226868_87-226868.foo.c
617_1484_1486/print_file_matches_235-230931_235-230931.foo.c,617_1484_1486/check_symloop_enter_493-243213_493-244347.foo.c
617_1484_1486/print_file_matches_235-230931_235-230931.foo.c,617_1484_1486/check_symloop_enter_493-244347_493-244731.foo.c
617_1484_1486/print_file_matches_235-230931_235-230931.foo.c,617_1484_1486/hash_strnstr_231-182908_232-184034.foo.c
617_1484_1486/print_file_matches_235-230931_235-230931.foo.c,617_1484_1486/check_symloop_leave_515-253586_515-252415.foo.c
617_1484_1486/print_file_matches_235-230931_235-230931.foo.c,617_1484_1486/check_symloop_enter_493-244347_493-244431.foo.c
617_1484_1486/check_symloop_leave_515-253586_515-254720.foo.c,617_1484_1486/check_symloop_enter_500-250416_500-250835.foo.c
617_1484_1486/check_symloop_leave_515-253586_515-254720.foo.c,617_1484_1486/check_symloop_leave_515-254720_515-255104.foo.c
617_1484_1486/check_symloop_leave_515-253586_515-254720.foo.c,617_1484_1486/check_symloop_leave_515-254720_515-254804.foo.c
617_1484_1486/check_symloop_leave_515-253586_515-254720.foo.c,617_1484_1486/search_file_322-236575_333-236922.foo.c
617_1484_1486/check_symloop_leave_515-253586_515-254720.foo.c,617_1484_1486/search_buf_87-226868_87-226868.foo.c
617_1484_1486/check_symloop_leave_515-253586_515-254720.foo.c,617_1484_1486/check_symloop_enter_493-243213_493-244347.foo.c
617_1484_1486/check_symloop_leave_515-253586_515-254720.foo.c,617_1484_1486/check_symloop_enter_493-244347_493-244731.foo.c
617_1484_1486/check_symloop_leave_515-253586_515-254720.foo.c,617_1484_1486/hash_strnstr_231-182908_232-184034.foo.c
617_1484_1486/check_symloop_leave_515-253586_515-254720.foo.c,617_1484_1486/check_symloop_leave_515-253586_515-252415.foo.c
617_1484_1486/check_symloop_leave_515-253586_515-254720.foo.c,617_1484_1486/check_symloop_enter_493-244347_493-244431.foo.c
617_1484_1486/check_symloop_enter_500-250416_500-250835.foo.c,617_1484_1486/check_symloop_leave_515-254720_515-255104.foo.c
617_1484_1486/check_symloop_enter_500-250416_500-250835.foo.c,617_1484_1486/check_symloop_leave_515-254720_515-254804.foo.c
617_1484_1486/check_symloop_enter_500-250416_500-250835.foo.c,617_1484_1486/search_file_322-236575_333-236922.foo.c
617_1484_1486/check_symloop_enter_500-250416_500-250835.foo.c,617_1484_1486/search_buf_87-226868_87-226868.foo.c
617_1484_1486/check_symloop_enter_500-250416_500-250835.foo.c,617_1484_1486/check_symloop_enter_493-243213_493-244347.foo.c
617_1484_1486/check_symloop_enter_500-250416_500-250835.foo.c,617_1484_1486/check_symloop_enter_493-244347_493-244731.foo.c
617_1484_1486/check_symloop_enter_500-250416_500-250835.foo.c,617_1484_1486/hash_strnstr_231-182908_232-184034.foo.c
617_1484_1486/check_symloop_enter_500-250416_500-250835.foo.c,617_1484_1486/check_symloop_leave_515-253586_515-252415.foo.c
617_1484_1486/check_symloop_enter_500-250416_500-250835.foo.c,617_1484_1486/check_symloop_enter_493-244347_493-244431.foo.c
617_1484_1486/check_symloop_leave_515-254720_515-255104.foo.c,617_1484_1486/check_symloop_leave_515-254720_515-254804.foo.c
617_1484_1486/check_symloop_leave_515-254720_515-255104.foo.c,617_1484_1486/search_file_322-236575_333-236922.foo.c
617_1484_1486/check_symloop_leave_515-254720_515-255104.foo.c,617_1484_1486/search_buf_87-226868_87-226868.foo.c
617_1484_1486/check_symloop_leave_515-254720_515-255104.foo.c,617_1484_1486/check_symloop_enter_493-243213_493-244347.foo.c
617_1484_1486/check_symloop_leave_515-254720_515-255104.foo.c,617_1484_1486/check_symloop_enter_493-244347_493-244731.foo.c
617_1484_1486/check_symloop_leave_515-254720_515-255104.foo.c,617_1484_1486/hash_strnstr_231-182908_232-184034.foo.c
617_1484_1486/check_symloop_leave_515-254720_515-255104.foo.c,617_1484_1486/check_symloop_leave_515-253586_515-252415.foo.c
617_1484_1486/check_symloop_leave_515-254720_515-255104.foo.c,617_1484_1486/check_symloop_enter_493-244347_493-244431.foo.c
617_1484_1486/check_symloop_leave_515-254720_515-254804.foo.c,617_1484_1486/search_file_322-236575_333-236922.foo.c
617_1484_1486/check_symloop_leave_515-254720_515-254804.foo.c,617_1484_1486/search_buf_87-226868_87-226868.foo.c
617_1484_1486/check_symloop_leave_515-254720_515-254804.foo.c,617_1484_1486/check_symloop_enter_493-243213_493-244347.foo.c
617_1484_1486/check_symloop_leave_515-254720_515-254804.foo.c,617_1484_1486/check_symloop_enter_493-244347_493-244731.foo.c
617_1484_1486/check_symloop_leave_515-254720_515-254804.foo.c,617_1484_1486/hash_strnstr_231-182908_232-184034.foo.c
617_1484_1486/check_symloop_leave_515-254720_515-254804.foo.c,617_1484_1486/check_symloop_leave_515-253586_515-252415.foo.c
617_1484_1486/check_symloop_leave_515-254720_515-254804.foo.c,617_1484_1486/check_symloop_enter_493-244347_493-244431.foo.c
617_1484_1486/search_file_322-236575_333-236922.foo.c,617_1484_1486/search_buf_87-226868_87-226868.foo.c
617_1484_1486/search_file_322-236575_333-236922.foo.c,617_1484_1486/check_symloop_enter_493-243213_493-244347.foo.c
617_1484_1486/search_file_322-236575_333-236922.foo.c,617_1484_1486/check_symloop_enter_493-244347_493-244731.foo.c
617_1484_1486/search_file_322-236575_333-236922.foo.c,617_1484_1486/hash_strnstr_231-182908_232-184034.foo.c
617_1484_1486/search_file_322-236575_333-236922.foo.c,617_1484_1486/check_symloop_leave_515-253586_515-252415.foo.c
617_1484_1486/search_file_322-236575_333-236922.foo.c,617_1484_1486/check_symloop_enter_493-244347_493-244431.foo.c
617_1484_1486/search_buf_87-226868_87-226868.foo.c,617_1484_1486/check_symloop_enter_493-243213_493-244347.foo.c
617_1484_1486/search_buf_87-226868_87-226868.foo.c,617_1484_1486/check_symloop_enter_493-244347_493-244731.foo.c
617_1484_1486/search_buf_87-226868_87-226868.foo.c,617_1484_1486/hash_strnstr_231-182908_232-184034.foo.c
617_1484_1486/search_buf_87-226868_87-226868.foo.c,617_1484_1486/check_symloop_leave_515-253586_515-252415.foo.c
617_1484_1486/search_buf_87-226868_87-226868.foo.c,617_1484_1486/check_symloop_enter_493-244347_493-244431.foo.c
617_1484_1486/check_symloop_enter_493-243213_493-244347.foo.c,617_1484_1486/check_symloop_enter_493-244347_493-244731.foo.c
617_1484_1486/check_symloop_enter_493-243213_493-244347.foo.c,617_1484_1486/hash_strnstr_231-182908_232-184034.foo.c
617_1484_1486/check_symloop_enter_493-243213_493-244347.foo.c,617_1484_1486/check_symloop_leave_515-253586_515-252415.foo.c
617_1484_1486/check_symloop_enter_493-243213_493-244347.foo.c,617_1484_1486/check_symloop_enter_493-244347_493-244431.foo.c
617_1484_1486/check_symloop_enter_493-244347_493-244731.foo.c,617_1484_1486/hash_strnstr_231-182908_232-184034.foo.c
617_1484_1486/check_symloop_enter_493-244347_493-244731.foo.c,617_1484_1486/check_symloop_leave_515-253586_515-252415.foo.c
617_1484_1486/check_symloop_enter_493-244347_493-244731.foo.c,617_1484_1486/check_symloop_enter_493-244347_493-244431.foo.c
617_1484_1486/hash_strnstr_231-182908_232-184034.foo.c,617_1484_1486/check_symloop_leave_515-253586_515-252415.foo.c
617_1484_1486/hash_strnstr_231-182908_232-184034.foo.c,617_1484_1486/check_symloop_enter_493-244347_493-244431.foo.c
617_1484_1486/check_symloop_leave_515-253586_515-252415.foo.c,617_1484_1486/check_symloop_enter_493-244347_493-244431.foo.c
565_1471_1477/check_symloop_leave_515-253586_515-254129.foo.c,565_1471_1477/check_symloop_enter_493-243213_493-243756.foo.c
910_1539_1540_1545_1546/path_ignore_search_268-198009_286-198769.foo.c,910_1539_1540_1545_1546/path_ignore_search_268-198009_288-198823.foo.c
1168/decompress_zlib_31-235358_54-236674.foo.c,1168/decompress_zlib_31-235358_50-236606.foo.c
1168/decompress_zlib_31-235358_54-236674.foo.c,1168/decompress_zlib_32-235386_55-236704.foo.c
1168/decompress_zlib_31-235358_54-236674.foo.c,1168/decompress_zlib_31-235358_55-236704.foo.c
1168/decompress_zlib_31-235358_54-236674.foo.c,1168/decompress_zlib_31-235358_52-236638.foo.c
1168/decompress_zlib_31-235358_50-236606.foo.c,1168/decompress_zlib_32-235386_55-236704.foo.c
1168/decompress_zlib_31-235358_50-236606.foo.c,1168/decompress_zlib_31-235358_55-236704.foo.c
1168/decompress_zlib_31-235358_50-236606.foo.c,1168/decompress_zlib_31-235358_52-236638.foo.c
1168/decompress_zlib_32-235386_55-236704.foo.c,1168/decompress_zlib_31-235358_55-236704.foo.c
1168/decompress_zlib_32-235386_55-236704.foo.c,1168/decompress_zlib_31-235358_52-236638.foo.c
1168/decompress_zlib_31-235358_55-236704.foo.c,1168/decompress_zlib_31-235358_52-236638.foo.c
431_1439_1443/search_file_270-233639_295-235182.foo.c,431_1439_1443/search_file_271-233680_295-235182.foo.c
478_1448_1451_1452/check_symloop_enter_500-250980_500-251458.foo.c,478_1448_1451_1452/check_symloop_enter_500-250980_500-251427.foo.c
478_1448_1451_1452/check_symloop_enter_500-250980_500-251458.foo.c,478_1448_1451_1452/check_symloop_enter_500-250884_500-251427.foo.c
478_1448_1451_1452/check_symloop_enter_500-250980_500-251458.foo.c,478_1448_1451_1452/check_symloop_enter_500-251022_500-251458.foo.c
478_1448_1451_1452/check_symloop_enter_500-250980_500-251458.foo.c,478_1448_1451_1452/check_symloop_enter_500-250884_500-251458.foo.c
478_1448_1451_1452/check_symloop_enter_500-250980_500-251427.foo.c,478_1448_1451_1452/check_symloop_enter_500-250884_500-251427.foo.c
478_1448_1451_1452/check_symloop_enter_500-250980_500-251427.foo.c,478_1448_1451_1452/check_symloop_enter_500-251022_500-251458.foo.c
478_1448_1451_1452/check_symloop_enter_500-250980_500-251427.foo.c,478_1448_1451_1452/check_symloop_enter_500-250884_500-251458.foo.c
478_1448_1451_1452/check_symloop_enter_500-250884_500-251427.foo.c,478_1448_1451_1452/check_symloop_enter_500-251022_500-251458.foo.c
478_1448_1451_1452/check_symloop_enter_500-250884_500-251427.foo.c,478_1448_1451_1452/check_symloop_enter_500-250884_500-251458.foo.c
478_1448_1451_1452/check_symloop_enter_500-251022_500-251458.foo.c,478_1448_1451_1452/check_symloop_enter_500-250884_500-251458.foo.c
895_1526_1527_1528_1529_1530/init_options_152-229099_168-235126.foo.c,895_1526_1527_1528_1529_1530/init_options_148-228997_168-235126.foo.c
895_1526_1527_1528_1529_1530/init_options_152-229099_168-235126.foo.c,895_1526_1527_1528_1529_1530/init_options_151-229067_170-235194.foo.c
895_1526_1527_1528_1529_1530/init_options_152-229099_168-235126.foo.c,895_1526_1527_1528_1529_1530/init_options_151-229067_169-235152.foo.c
895_1526_1527_1528_1529_1530/init_options_152-229099_168-235126.foo.c,895_1526_1527_1528_1529_1530/init_options_148-228997_170-235194.foo.c
895_1526_1527_1528_1529_1530/init_options_152-229099_168-235126.foo.c,895_1526_1527_1528_1529_1530/init_options_151-229067_168-235126.foo.c
895_1526_1527_1528_1529_1530/init_options_152-229099_168-235126.foo.c,895_1526_1527_1528_1529_1530/init_options_153-234604_171-235224.foo.c
895_1526_1527_1528_1529_1530/init_options_152-229099_168-235126.foo.c,895_1526_1527_1528_1529_1530/init_options_152-229099_170-235194.foo.c
895_1526_1527_1528_1529_1530/init_options_152-229099_168-235126.foo.c,895_1526_1527_1528_1529_1530/init_options_152-229099_169-235152.foo.c
895_1526_1527_1528_1529_1530/init_options_152-229099_168-235126.foo.c,895_1526_1527_1528_1529_1530/init_options_148-228997_169-235152.foo.c
895_1526_1527_1528_1529_1530/init_options_148-228997_168-235126.foo.c,895_1526_1527_1528_1529_1530/init_options_151-229067_170-235194.foo.c
895_1526_1527_1528_1529_1530/init_options_148-228997_168-235126.foo.c,895_1526_1527_1528_1529_1530/init_options_151-229067_169-235152.foo.c
895_1526_1527_1528_1529_1530/init_options_148-228997_168-235126.foo.c,895_1526_1527_1528_1529_1530/init_options_148-228997_170-235194.foo.c
895_1526_1527_1528_1529_1530/init_options_148-228997_168-235126.foo.c,895_1526_1527_1528_1529_1530/init_options_151-229067_168-235126.foo.c
895_1526_1527_1528_1529_1530/init_options_148-228997_168-235126.foo.c,895_1526_1527_1528_1529_1530/init_options_153-234604_171-235224.foo.c
895_1526_1527_1528_1529_1530/init_options_148-228997_168-235126.foo.c,895_1526_1527_1528_1529_1530/init_options_152-229099_170-235194.foo.c
895_1526_1527_1528_1529_1530/init_options_148-228997_168-235126.foo.c,895_1526_1527_1528_1529_1530/init_options_152-229099_169-235152.foo.c
895_1526_1527_1528_1529_1530/init_options_148-228997_168-235126.foo.c,895_1526_1527_1528_1529_1530/init_options_148-228997_169-235152.foo.c
895_1526_1527_1528_1529_1530/init_options_151-229067_170-235194.foo.c,895_1526_1527_1528_1529_1530/init_options_151-229067_169-235152.foo.c
895_1526_1527_1528_1529_1530/init_options_151-229067_170-235194.foo.c,895_1526_1527_1528_1529_1530/init_options_148-228997_170-235194.foo.c
895_1526_1527_1528_1529_1530/init_options_151-229067_170-235194.foo.c,895_1526_1527_1528_1529_1530/init_options_151-229067_168-235126.foo.c
895_1526_1527_1528_1529_1530/init_options_151-229067_170-235194.foo.c,895_1526_1527_1528_1529_1530/init_options_153-234604_171-235224.foo.c
895_1526_1527_1528_1529_1530/init_options_151-229067_170-235194.foo.c,895_1526_1527_1528_1529_1530/init_options_152-229099_170-235194.foo.c
895_1526_1527_1528_1529_1530/init_options_151-229067_170-235194.foo.c,895_1526_1527_1528_1529_1530/init_options_152-229099_169-235152.foo.c
895_1526_1527_1528_1529_1530/init_options_151-229067_170-235194.foo.c,895_1526_1527_1528_1529_1530/init_options_148-228997_169-235152.foo.c
895_1526_1527_1528_1529_1530/init_options_151-229067_169-235152.foo.c,895_1526_1527_1528_1529_1530/init_options_148-228997_170-235194.foo.c
895_1526_1527_1528_1529_1530/init_options_151-229067_169-235152.foo.c,895_1526_1527_1528_1529_1530/init_options_151-229067_168-235126.foo.c
895_1526_1527_1528_1529_1530/init_options_151-229067_169-235152.foo.c,895_1526_1527_1528_1529_1530/init_options_153-234604_171-235224.foo.c
895_1526_1527_1528_1529_1530/init_options_151-229067_169-235152.foo.c,895_1526_1527_1528_1529_1530/init_options_152-229099_170-235194.foo.c
895_1526_1527_1528_1529_1530/init_options_151-229067_169-235152.foo.c,895_1526_1527_1528_1529_1530/init_options_152-229099_169-235152.foo.c
895_1526_1527_1528_1529_1530/init_options_151-229067_169-235152.foo.c,895_1526_1527_1528_1529_1530/init_options_148-228997_169-235152.foo.c
895_1526_1527_1528_1529_1530/init_options_148-228997_170-235194.foo.c,895_1526_1527_1528_1529_1530/init_options_151-229067_168-235126.foo.c
895_1526_1527_1528_1529_1530/init_options_148-228997_170-235194.foo.c,895_1526_1527_1528_1529_1530/init_options_153-234604_171-235224.foo.c
895_1526_1527_1528_1529_1530/init_options_148-228997_170-235194.foo.c,895_1526_1527_1528_1529_1530/init_options_152-229099_170-235194.foo.c
895_1526_1527_1528_1529_1530/init_options_148-228997_170-235194.foo.c,895_1526_1527_1528_1529_1530/init_options_152-229099_169-235152.foo.c
895_1526_1527_1528_1529_1530/init_options_148-228997_170-235194.foo.c,895_1526_1527_1528_1529_1530/init_options_148-228997_169-235152.foo.c
895_1526_1527_1528_1529_1530/init_options_151-229067_168-235126.foo.c,895_1526_1527_1528_1529_1530/init_options_153-234604_171-235224.foo.c
895_1526_1527_1528_1529_1530/init_options_151-229067_168-235126.foo.c,895_1526_1527_1528_1529_1530/init_options_152-229099_170-235194.foo.c
895_1526_1527_1528_1529_1530/init_options_151-229067_168-235126.foo.c,895_1526_1527_1528_1529_1530/init_options_152-229099_169-235152.foo.c
895_1526_1527_1528_1529_1530/init_options_151-229067_168-235126.foo.c,895_1526_1527_1528_1529_1530/init_options_148-228997_169-235152.foo.c
895_1526_1527_1528_1529_1530/init_options_153-234604_171-235224.foo.c,895_1526_1527_1528_1529_1530/init_options_152-229099_170-235194.foo.c
895_1526_1527_1528_1529_1530/init_options_153-234604_171-235224.foo.c,895_1526_1527_1528_1529_1530/init_options_152-229099_169-235152.foo.c
895_1526_1527_1528_1529_1530/init_options_153-234604_171-235224.foo.c,895_1526_1527_1528_1529_1530/init_options_148-228997_169-235152.foo.c
895_1526_1527_1528_1529_1530/init_options_152-229099_170-235194.foo.c,895_1526_1527_1528_1529_1530/init_options_152-229099_169-235152.foo.c
895_1526_1527_1528_1529_1530/init_options_152-229099_170-235194.foo.c,895_1526_1527_1528_1529_1530/init_options_148-228997_169-235152.foo.c
895_1526_1527_1528_1529_1530/init_options_152-229099_169-235152.foo.c,895_1526_1527_1528_1529_1530/init_options_148-228997_169-235152.foo.c
478_1448_1451/check_symloop_enter_500-250980_500-251458.foo.c,478_1448_1451/check_symloop_enter_500-250980_500-251427.foo.c
478_1448_1451/check_symloop_enter_500-250980_500-251458.foo.c,478_1448_1451/check_symloop_enter_500-250884_500-251427.foo.c
478_1448_1451/check_symloop_enter_500-250980_500-251458.foo.c,478_1448_1451/check_symloop_enter_500-251022_500-251458.foo.c
478_1448_1451/check_symloop_enter_500-250980_500-251458.foo.c,478_1448_1451/check_symloop_enter_500-250884_500-251458.foo.c
478_1448_1451/check_symloop_enter_500-250980_500-251427.foo.c,478_1448_1451/check_symloop_enter_500-250884_500-251427.foo.c
478_1448_1451/check_symloop_enter_500-250980_500-251427.foo.c,478_1448_1451/check_symloop_enter_500-251022_500-251458.foo.c
478_1448_1451/check_symloop_enter_500-250980_500-251427.foo.c,478_1448_1451/check_symloop_enter_500-250884_500-251458.foo.c
478_1448_1451/check_symloop_enter_500-250884_500-251427.foo.c,478_1448_1451/check_symloop_enter_500-251022_500-251458.foo.c
478_1448_1451/check_symloop_enter_500-250884_500-251427.foo.c,478_1448_1451/check_symloop_enter_500-250884_500-251458.foo.c
478_1448_1451/check_symloop_enter_500-251022_500-251458.foo.c,478_1448_1451/check_symloop_enter_500-250884_500-251458.foo.c
1237_1565_1566_1567/search_buf_22-224535_39-224962.foo.c,1237_1565_1566_1567/search_buf_21-224514_39-224962.foo.c
1158_1550/decompress_zlib_38-235495_54-236674.foo.c,1158_1550/decompress_zlib_32-235386_52-236638.foo.c
1158_1550/decompress_zlib_38-235495_54-236674.foo.c,1158_1550/decompress_zlib_39-235622_54-236674.foo.c
1158_1550/decompress_zlib_38-235495_54-236674.foo.c,1158_1550/decompress_zlib_32-235386_54-236674.foo.c
1158_1550/decompress_zlib_38-235495_54-236674.foo.c,1158_1550/decompress_zlib_40-235746_55-236704.foo.c
1158_1550/decompress_zlib_38-235495_54-236674.foo.c,1158_1550/decompress_zlib_39-235622_55-236704.foo.c
1158_1550/decompress_zlib_38-235495_54-236674.foo.c,1158_1550/decompress_zlib_38-235495_55-236704.foo.c
1158_1550/decompress_zlib_32-235386_52-236638.foo.c,1158_1550/decompress_zlib_39-235622_54-236674.foo.c
1158_1550/decompress_zlib_32-235386_52-236638.foo.c,1158_1550/decompress_zlib_32-235386_54-236674.foo.c
1158_1550/decompress_zlib_32-235386_52-236638.foo.c,1158_1550/decompress_zlib_40-235746_55-236704.foo.c
1158_1550/decompress_zlib_32-235386_52-236638.foo.c,1158_1550/decompress_zlib_39-235622_55-236704.foo.c
1158_1550/decompress_zlib_32-235386_52-236638.foo.c,1158_1550/decompress_zlib_38-235495_55-236704.foo.c
1158_1550/decompress_zlib_39-235622_54-236674.foo.c,1158_1550/decompress_zlib_32-235386_54-236674.foo.c
1158_1550/decompress_zlib_39-235622_54-236674.foo.c,1158_1550/decompress_zlib_40-235746_55-236704.foo.c
1158_1550/decompress_zlib_39-235622_54-236674.foo.c,1158_1550/decompress_zlib_39-235622_55-236704.foo.c
1158_1550/decompress_zlib_39-235622_54-236674.foo.c,1158_1550/decompress_zlib_38-235495_55-236704.foo.c
1158_1550/decompress_zlib_32-235386_54-236674.foo.c,1158_1550/decompress_zlib_40-235746_55-236704.foo.c
1158_1550/decompress_zlib_32-235386_54-236674.foo.c,1158_1550/decompress_zlib_39-235622_55-236704.foo.c
1158_1550/decompress_zlib_32-235386_54-236674.foo.c,1158_1550/decompress_zlib_38-235495_55-236704.foo.c
1158_1550/decompress_zlib_40-235746_55-236704.foo.c,1158_1550/decompress_zlib_39-235622_55-236704.foo.c
1158_1550/decompress_zlib_40-235746_55-236704.foo.c,1158_1550/decompress_zlib_38-235495_55-236704.foo.c
1158_1550/decompress_zlib_39-235622_55-236704.foo.c,1158_1550/decompress_zlib_38-235495_55-236704.foo.c
802_1517_1518_1519_1520/search_file_267-233496_295-235182.foo.c,802_1517_1518_1519_1520/search_file_266-233480_295-235182.foo.c
713_1499_1500_1501_1502_1503_1504_1505/init_options_151-229067_173-235284.foo.c,713_1499_1500_1501_1502_1503_1504_1505/init_options_148-228997_173-235284.foo.c
713_1499_1500_1501_1502_1503_1504_1505/init_options_151-229067_173-235284.foo.c,713_1499_1500_1501_1502_1503_1504_1505/init_options_152-229099_173-235284.foo.c
713_1499_1500_1501_1502_1503_1504_1505/init_options_148-228997_173-235284.foo.c,713_1499_1500_1501_1502_1503_1504_1505/init_options_152-229099_173-235284.foo.c
1192/strlcpy_657-213713_679-214019.foo.c,1192/strlcpy_661-213761_661-213761.foo.c
1192/strlcpy_657-213713_679-214019.foo.c,1192/strlcpy_661-213761_670-213902.foo.c
1192/strlcpy_657-213713_679-214019.foo.c,1192/strlcpy_658-213738_679-214019.foo.c
1192/strlcpy_657-213713_679-214019.foo.c,1192/strlcpy_656-213694_679-214019.foo.c
1192/strlcpy_657-213713_679-214019.foo.c,1192/strlcpy_658-213738_670-213902.foo.c
1192/strlcpy_657-213713_679-214019.foo.c,1192/strlcpy_657-213713_661-213761.foo.c
1192/strlcpy_657-213713_679-214019.foo.c,1192/strlcpy_661-213761_679-214019.foo.c
1192/strlcpy_657-213713_679-214019.foo.c,1192/strlcpy_656-213694_670-213902.foo.c
1192/strlcpy_657-213713_679-214019.foo.c,1192/strlcpy_657-213713_670-213902.foo.c
1192/strlcpy_657-213713_679-214019.foo.c,1192/strlcpy_658-213738_661-213761.foo.c
1192/strlcpy_657-213713_679-214019.foo.c,1192/strlcpy_656-213694_661-213761.foo.c
1192/strlcpy_661-213761_661-213761.foo.c,1192/strlcpy_661-213761_670-213902.foo.c
1192/strlcpy_661-213761_661-213761.foo.c,1192/strlcpy_658-213738_679-214019.foo.c
1192/strlcpy_661-213761_661-213761.foo.c,1192/strlcpy_656-213694_679-214019.foo.c
1192/strlcpy_661-213761_661-213761.foo.c,1192/strlcpy_658-213738_670-213902.foo.c
1192/strlcpy_661-213761_661-213761.foo.c,1192/strlcpy_657-213713_661-213761.foo.c
1192/strlcpy_661-213761_661-213761.foo.c,1192/strlcpy_661-213761_679-214019.foo.c
1192/strlcpy_661-213761_661-213761.foo.c,1192/strlcpy_656-213694_670-213902.foo.c
1192/strlcpy_661-213761_661-213761.foo.c,1192/strlcpy_657-213713_670-213902.foo.c
1192/strlcpy_661-213761_661-213761.foo.c,1192/strlcpy_658-213738_661-213761.foo.c
1192/strlcpy_661-213761_661-213761.foo.c,1192/strlcpy_656-213694_661-213761.foo.c
1192/strlcpy_661-213761_670-213902.foo.c,1192/strlcpy_658-213738_679-214019.foo.c
1192/strlcpy_661-213761_670-213902.foo.c,1192/strlcpy_656-213694_679-214019.foo.c
1192/strlcpy_661-213761_670-213902.foo.c,1192/strlcpy_658-213738_670-213902.foo.c
1192/strlcpy_661-213761_670-213902.foo.c,1192/strlcpy_657-213713_661-213761.foo.c
1192/strlcpy_661-213761_670-213902.foo.c,1192/strlcpy_661-213761_679-214019.foo.c
1192/strlcpy_661-213761_670-213902.foo.c,1192/strlcpy_656-213694_670-213902.foo.c
1192/strlcpy_661-213761_670-213902.foo.c,1192/strlcpy_657-213713_670-213902.foo.c
1192/strlcpy_661-213761_670-213902.foo.c,1192/strlcpy_658-213738_661-213761.foo.c
1192/strlcpy_661-213761_670-213902.foo.c,1192/strlcpy_656-213694_661-213761.foo.c
1192/strlcpy_658-213738_679-214019.foo.c,1192/strlcpy_656-213694_679-214019.foo.c
1192/strlcpy_658-213738_679-214019.foo.c,1192/strlcpy_658-213738_670-213902.foo.c
1192/strlcpy_658-213738_679-214019.foo.c,1192/strlcpy_657-213713_661-213761.foo.c
1192/strlcpy_658-213738_679-214019.foo.c,1192/strlcpy_661-213761_679-214019.foo.c
1192/strlcpy_658-213738_679-214019.foo.c,1192/strlcpy_656-213694_670-213902.foo.c
1192/strlcpy_658-213738_679-214019.foo.c,1192/strlcpy_657-213713_670-213902.foo.c
1192/strlcpy_658-213738_679-214019.foo.c,1192/strlcpy_658-213738_661-213761.foo.c
1192/strlcpy_658-213738_679-214019.foo.c,1192/strlcpy_656-213694_661-213761.foo.c
1192/strlcpy_656-213694_679-214019.foo.c,1192/strlcpy_658-213738_670-213902.foo.c
1192/strlcpy_656-213694_679-214019.foo.c,1192/strlcpy_657-213713_661-213761.foo.c
1192/strlcpy_656-213694_679-214019.foo.c,1192/strlcpy_661-213761_679-214019.foo.c
1192/strlcpy_656-213694_679-214019.foo.c,1192/strlcpy_656-213694_670-213902.foo.c
1192/strlcpy_656-213694_679-214019.foo.c,1192/strlcpy_657-213713_670-213902.foo.c
1192/strlcpy_656-213694_679-214019.foo.c,1192/strlcpy_658-213738_661-213761.foo.c
1192/strlcpy_656-213694_679-214019.foo.c,1192/strlcpy_656-213694_661-213761.foo.c
1192/strlcpy_658-213738_670-213902.foo.c,1192/strlcpy_657-213713_661-213761.foo.c
1192/strlcpy_658-213738_670-213902.foo.c,1192/strlcpy_661-213761_679-214019.foo.c
1192/strlcpy_658-213738_670-213902.foo.c,1192/strlcpy_656-213694_670-213902.foo.c
1192/strlcpy_658-213738_670-213902.foo.c,1192/strlcpy_657-213713_670-213902.foo.c
1192/strlcpy_658-213738_670-213902.foo.c,1192/strlcpy_658-213738_661-213761.foo.c
1192/strlcpy_658-213738_670-213902.foo.c,1192/strlcpy_656-213694_661-213761.foo.c
1192/strlcpy_657-213713_661-213761.foo.c,1192/strlcpy_661-213761_679-214019.foo.c
1192/strlcpy_657-213713_661-213761.foo.c,1192/strlcpy_656-213694_670-213902.foo.c
1192/strlcpy_657-213713_661-213761.foo.c,1192/strlcpy_657-213713_670-213902.foo.c
1192/strlcpy_657-213713_661-213761.foo.c,1192/strlcpy_658-213738_661-213761.foo.c
1192/strlcpy_657-213713_661-213761.foo.c,1192/strlcpy_656-213694_661-213761.foo.c
1192/strlcpy_661-213761_679-214019.foo.c,1192/strlcpy_656-213694_670-213902.foo.c
1192/strlcpy_661-213761_679-214019.foo.c,1192/strlcpy_657-213713_670-213902.foo.c
1192/strlcpy_661-213761_679-214019.foo.c,1192/strlcpy_658-213738_661-213761.foo.c
1192/strlcpy_661-213761_679-214019.foo.c,1192/strlcpy_656-213694_661-213761.foo.c
1192/strlcpy_656-213694_670-213902.foo.c,1192/strlcpy_657-213713_670-213902.foo.c
1192/strlcpy_656-213694_670-213902.foo.c,1192/strlcpy_658-213738_661-213761.foo.c
1192/strlcpy_656-213694_670-213902.foo.c,1192/strlcpy_656-213694_661-213761.foo.c
1192/strlcpy_657-213713_670-213902.foo.c,1192/strlcpy_658-213738_661-213761.foo.c
1192/strlcpy_657-213713_670-213902.foo.c,1192/strlcpy_656-213694_661-213761.foo.c
1192/strlcpy_658-213738_661-213761.foo.c,1192/strlcpy_656-213694_661-213761.foo.c
314_1403_1409_1410_1411/filename_filter_315-205502_339-212482.foo.c,314_1403_1409_1410_1411/filename_filter_315-205502_349-213122.foo.c
314_1403_1409_1410_1411/filename_filter_315-205502_339-212482.foo.c,314_1403_1409_1410_1411/filename_filter_315-205502_382-214196.foo.c
314_1403_1409_1410_1411/filename_filter_315-205502_349-213122.foo.c,314_1403_1409_1410_1411/filename_filter_315-205502_382-214196.foo.c
1187_1555_1556_1557_1558_1559/decompress_zlib_29-235182_52-236638.foo.c,1187_1555_1556_1557_1558_1559/decompress_lzma_127-240113_127-240113.foo.c
1187_1555_1556_1557_1558_1559/decompress_zlib_29-235182_52-236638.foo.c,1187_1555_1556_1557_1558_1559/decompress_zlib_29-235182_55-236704.foo.c
1187_1555_1556_1557_1558_1559/decompress_zlib_29-235182_52-236638.foo.c,1187_1555_1556_1557_1558_1559/decompress_lzma_150-241105_146-241009.foo.c
1187_1555_1556_1557_1558_1559/decompress_zlib_29-235182_52-236638.foo.c,1187_1555_1556_1557_1558_1559/decompress_zlib_29-235182_45-236030.foo.c
1187_1555_1556_1557_1558_1559/decompress_zlib_29-235182_52-236638.foo.c,1187_1555_1556_1557_1558_1559/decompress_zlib_29-235182_54-236674.foo.c
1187_1555_1556_1557_1558_1559/decompress_zlib_29-235182_52-236638.foo.c,1187_1555_1556_1557_1558_1559/decompress_zlib_29-235182_50-236606.foo.c
1187_1555_1556_1557_1558_1559/decompress_lzma_127-240113_127-240113.foo.c,1187_1555_1556_1557_1558_1559/decompress_zlib_29-235182_55-236704.foo.c
1187_1555_1556_1557_1558_1559/decompress_lzma_127-240113_127-240113.foo.c,1187_1555_1556_1557_1558_1559/decompress_lzma_150-241105_146-241009.foo.c
1187_1555_1556_1557_1558_1559/decompress_lzma_127-240113_127-240113.foo.c,1187_1555_1556_1557_1558_1559/decompress_zlib_29-235182_45-236030.foo.c
1187_1555_1556_1557_1558_1559/decompress_lzma_127-240113_127-240113.foo.c,1187_1555_1556_1557_1558_1559/decompress_zlib_29-235182_54-236674.foo.c
1187_1555_1556_1557_1558_1559/decompress_lzma_127-240113_127-240113.foo.c,1187_1555_1556_1557_1558_1559/decompress_zlib_29-235182_50-236606.foo.c
1187_1555_1556_1557_1558_1559/decompress_zlib_29-235182_55-236704.foo.c,1187_1555_1556_1557_1558_1559/decompress_lzma_150-241105_146-241009.foo.c
1187_1555_1556_1557_1558_1559/decompress_zlib_29-235182_55-236704.foo.c,1187_1555_1556_1557_1558_1559/decompress_zlib_29-235182_45-236030.foo.c
1187_1555_1556_1557_1558_1559/decompress_zlib_29-235182_55-236704.foo.c,1187_1555_1556_1557_1558_1559/decompress_zlib_29-235182_54-236674.foo.c
1187_1555_1556_1557_1558_1559/decompress_zlib_29-235182_55-236704.foo.c,1187_1555_1556_1557_1558_1559/decompress_zlib_29-235182_50-236606.foo.c
1187_1555_1556_1557_1558_1559/decompress_lzma_150-241105_146-241009.foo.c,1187_1555_1556_1557_1558_1559/decompress_zlib_29-235182_45-236030.foo.c
1187_1555_1556_1557_1558_1559/decompress_lzma_150-241105_146-241009.foo.c,1187_1555_1556_1557_1558_1559/decompress_zlib_29-235182_54-236674.foo.c
1187_1555_1556_1557_1558_1559/decompress_lzma_150-241105_146-241009.foo.c,1187_1555_1556_1557_1558_1559/decompress_zlib_29-235182_50-236606.foo.c
1187_1555_1556_1557_1558_1559/decompress_zlib_29-235182_45-236030.foo.c,1187_1555_1556_1557_1558_1559/decompress_zlib_29-235182_54-236674.foo.c
1187_1555_1556_1557_1558_1559/decompress_zlib_29-235182_45-236030.foo.c,1187_1555_1556_1557_1558_1559/decompress_zlib_29-235182_50-236606.foo.c
1187_1555_1556_1557_1558_1559/decompress_zlib_29-235182_54-236674.foo.c,1187_1555_1556_1557_1558_1559/decompress_zlib_29-235182_50-236606.foo.c
237/search_file_263-233317_392-238733.foo.c,237/search_file_263-233317_414-239165.foo.c
237/search_file_263-233317_392-238733.foo.c,237/search_file_263-233317_358-237135.foo.c
237/search_file_263-233317_414-239165.foo.c,237/search_file_263-233317_358-237135.foo.c
411_1428_1435_1437/search_file_370-238125_383-238467.foo.c,411_1428_1435_1437/search_file_370-238125_386-238575.foo.c
1353/init_options_157-234965_172-235257.foo.c,1353/init_options_156-234936_172-235257.foo.c
1353/init_options_157-234965_172-235257.foo.c,1353/init_options_158-235000_172-235257.foo.c
1353/init_options_156-234936_172-235257.foo.c,1353/init_options_158-235000_172-235257.foo.c
565_1471_1477_1478_1479_1480/check_symloop_leave_515-253586_515-254129.foo.c,565_1471_1477_1478_1479_1480/check_symloop_enter_493-243213_493-243756.foo.c
513_1464_1465_1466/search_file_264-233338_301-235332.foo.c,513_1464_1465_1466/search_file_264-233338_288-234810.foo.c
513_1464_1465_1466/search_file_264-233338_301-235332.foo.c,513_1464_1465_1466/search_file_264-233338_296-235212.foo.c
513_1464_1465_1466/search_file_264-233338_301-235332.foo.c,513_1464_1465_1466/search_file_264-233338_314-236214.foo.c
513_1464_1465_1466/search_file_264-233338_301-235332.foo.c,513_1464_1465_1466/search_file_264-233338_333-236922.foo.c
513_1464_1465_1466/search_file_264-233338_301-235332.foo.c,513_1464_1465_1466/search_file_264-233338_324-236605.foo.c
513_1464_1465_1466/search_file_264-233338_301-235332.foo.c,513_1464_1465_1466/search_file_264-233338_307-235513.foo.c
513_1464_1465_1466/search_file_264-233338_288-234810.foo.c,513_1464_1465_1466/search_file_264-233338_296-235212.foo.c
513_1464_1465_1466/search_file_264-233338_288-234810.foo.c,513_1464_1465_1466/search_file_264-233338_314-236214.foo.c
513_1464_1465_1466/search_file_264-233338_288-234810.foo.c,513_1464_1465_1466/search_file_264-233338_333-236922.foo.c
513_1464_1465_1466/search_file_264-233338_288-234810.foo.c,513_1464_1465_1466/search_file_264-233338_324-236605.foo.c
513_1464_1465_1466/search_file_264-233338_288-234810.foo.c,513_1464_1465_1466/search_file_264-233338_307-235513.foo.c
513_1464_1465_1466/search_file_264-233338_296-235212.foo.c,513_1464_1465_1466/search_file_264-233338_314-236214.foo.c
513_1464_1465_1466/search_file_264-233338_296-235212.foo.c,513_1464_1465_1466/search_file_264-233338_333-236922.foo.c
513_1464_1465_1466/search_file_264-233338_296-235212.foo.c,513_1464_1465_1466/search_file_264-233338_324-236605.foo.c
513_1464_1465_1466/search_file_264-233338_296-235212.foo.c,513_1464_1465_1466/search_file_264-233338_307-235513.foo.c
513_1464_1465_1466/search_file_264-233338_314-236214.foo.c,513_1464_1465_1466/search_file_264-233338_333-236922.foo.c
513_1464_1465_1466/search_file_264-233338_314-236214.foo.c,513_1464_1465_1466/search_file_264-233338_324-236605.foo.c
513_1464_1465_1466/search_file_264-233338_314-236214.foo.c,513_1464_1465_1466/search_file_264-233338_307-235513.foo.c
513_1464_1465_1466/search_file_264-233338_333-236922.foo.c,513_1464_1465_1466/search_file_264-233338_324-236605.foo.c
513_1464_1465_1466/search_file_264-233338_333-236922.foo.c,513_1464_1465_1466/search_file_264-233338_307-235513.foo.c
513_1464_1465_1466/search_file_264-233338_324-236605.foo.c,513_1464_1465_1466/search_file_264-233338_307-235513.foo.c
731_1502_1506_1515/decompress_zlib_52-236638_56-236768.foo.c,731_1502_1506_1515/decompress_zlib_54-236674_90-238852.foo.c
341_1415_1417_1418_1419_1420_1423_1425_1427/filename_filter_322-205704_349-213122.foo.c,341_1415_1417_1418_1419_1420_1423_1425_1427/filename_filter_323-206790_382-214196.foo.c
341_1415_1417_1418_1419_1420_1423_1425_1427/filename_filter_322-205704_349-213122.foo.c,341_1415_1417_1418_1419_1420_1423_1425_1427/filename_filter_322-205704_382-214196.foo.c
341_1415_1417_1418_1419_1420_1423_1425_1427/filename_filter_322-205704_349-213122.foo.c,341_1415_1417_1418_1419_1420_1423_1425_1427/filename_filter_323-206790_349-213122.foo.c
341_1415_1417_1418_1419_1420_1423_1425_1427/filename_filter_323-206790_382-214196.foo.c,341_1415_1417_1418_1419_1420_1423_1425_1427/filename_filter_322-205704_382-214196.foo.c
341_1415_1417_1418_1419_1420_1423_1425_1427/filename_filter_323-206790_382-214196.foo.c,341_1415_1417_1418_1419_1420_1423_1425_1427/filename_filter_323-206790_349-213122.foo.c
341_1415_1417_1418_1419_1420_1423_1425_1427/filename_filter_322-205704_382-214196.foo.c,341_1415_1417_1418_1419_1420_1423_1425_1427/filename_filter_323-206790_349-213122.foo.c
901_1531_1532_1533_1534_1535_1536/init_options_153-234604_157-234965.foo.c,901_1531_1532_1533_1534_1535_1536/init_options_153-234604_156-234936.foo.c
617_1484_1486_1491_1500_1501_1502_1503/print_file_matches_244-231509_303-234383.foo.c,617_1484_1486_1491_1500_1501_1502_1503/print_file_matches_236-230971_303-234383.foo.c
617_1484_1486_1491_1500_1501_1502_1503/print_file_matches_244-231509_303-234383.foo.c,617_1484_1486_1491_1500_1501_1502_1503/print_file_matches_235-230931_235-230931.foo.c
617_1484_1486_1491_1500_1501_1502_1503/print_file_matches_244-231509_303-234383.foo.c,617_1484_1486_1491_1500_1501_1502_1503/check_symloop_enter_500-250416_500-250835.foo.c
617_1484_1486_1491_1500_1501_1502_1503/print_file_matches_244-231509_303-234383.foo.c,617_1484_1486_1491_1500_1501_1502_1503/search_file_322-236575_333-236922.foo.c
617_1484_1486_1491_1500_1501_1502_1503/print_file_matches_244-231509_303-234383.foo.c,617_1484_1486_1491_1500_1501_1502_1503/search_buf_87-226868_87-226868.foo.c
617_1484_1486_1491_1500_1501_1502_1503/print_file_matches_244-231509_303-234383.foo.c,617_1484_1486_1491_1500_1501_1502_1503/hash_strnstr_231-182908_232-184034.foo.c
617_1484_1486_1491_1500_1501_1502_1503/print_file_matches_236-230971_303-234383.foo.c,617_1484_1486_1491_1500_1501_1502_1503/print_file_matches_235-230931_235-230931.foo.c
617_1484_1486_1491_1500_1501_1502_1503/print_file_matches_236-230971_303-234383.foo.c,617_1484_1486_1491_1500_1501_1502_1503/check_symloop_enter_500-250416_500-250835.foo.c
617_1484_1486_1491_1500_1501_1502_1503/print_file_matches_236-230971_303-234383.foo.c,617_1484_1486_1491_1500_1501_1502_1503/search_file_322-236575_333-236922.foo.c
617_1484_1486_1491_1500_1501_1502_1503/print_file_matches_236-230971_303-234383.foo.c,617_1484_1486_1491_1500_1501_1502_1503/search_buf_87-226868_87-226868.foo.c
617_1484_1486_1491_1500_1501_1502_1503/print_file_matches_236-230971_303-234383.foo.c,617_1484_1486_1491_1500_1501_1502_1503/hash_strnstr_231-182908_232-184034.foo.c
617_1484_1486_1491_1500_1501_1502_1503/print_file_matches_235-230931_235-230931.foo.c,617_1484_1486_1491_1500_1501_1502_1503/check_symloop_enter_500-250416_500-250835.foo.c
617_1484_1486_1491_1500_1501_1502_1503/print_file_matches_235-230931_235-230931.foo.c,617_1484_1486_1491_1500_1501_1502_1503/search_file_322-236575_333-236922.foo.c
617_1484_1486_1491_1500_1501_1502_1503/print_file_matches_235-230931_235-230931.foo.c,617_1484_1486_1491_1500_1501_1502_1503/search_buf_87-226868_87-226868.foo.c
617_1484_1486_1491_1500_1501_1502_1503/print_file_matches_235-230931_235-230931.foo.c,617_1484_1486_1491_1500_1501_1502_1503/hash_strnstr_231-182908_232-184034.foo.c
617_1484_1486_1491_1500_1501_1502_1503/check_symloop_enter_500-250416_500-250835.foo.c,617_1484_1486_1491_1500_1501_1502_1503/search_file_322-236575_333-236922.foo.c
617_1484_1486_1491_1500_1501_1502_1503/check_symloop_enter_500-250416_500-250835.foo.c,617_1484_1486_1491_1500_1501_1502_1503/search_buf_87-226868_87-226868.foo.c
617_1484_1486_1491_1500_1501_1502_1503/check_symloop_enter_500-250416_500-250835.foo.c,617_1484_1486_1491_1500_1501_1502_1503/hash_strnstr_231-182908_232-184034.foo.c
617_1484_1486_1491_1500_1501_1502_1503/search_file_322-236575_333-236922.foo.c,617_1484_1486_1491_1500_1501_1502_1503/search_buf_87-226868_87-226868.foo.c
617_1484_1486_1491_1500_1501_1502_1503/search_file_322-236575_333-236922.foo.c,617_1484_1486_1491_1500_1501_1502_1503/hash_strnstr_231-182908_232-184034.foo.c
617_1484_1486_1491_1500_1501_1502_1503/search_buf_87-226868_87-226868.foo.c,617_1484_1486_1491_1500_1501_1502_1503/hash_strnstr_231-182908_232-184034.foo.c
905_1534_1535_1536_1537_1538_1539/init_options_151-229067_165-235056.foo.c,905_1534_1535_1536_1537_1538_1539/init_options_151-229067_166-235080.foo.c
905_1534_1535_1536_1537_1538_1539/init_options_151-229067_165-235056.foo.c,905_1534_1535_1536_1537_1538_1539/init_options_152-229099_165-235056.foo.c
905_1534_1535_1536_1537_1538_1539/init_options_151-229067_165-235056.foo.c,905_1534_1535_1536_1537_1538_1539/init_options_148-228997_165-235056.foo.c
905_1534_1535_1536_1537_1538_1539/init_options_151-229067_165-235056.foo.c,905_1534_1535_1536_1537_1538_1539/init_options_148-228997_166-235080.foo.c
905_1534_1535_1536_1537_1538_1539/init_options_151-229067_165-235056.foo.c,905_1534_1535_1536_1537_1538_1539/init_options_152-229099_166-235080.foo.c
905_1534_1535_1536_1537_1538_1539/init_options_151-229067_166-235080.foo.c,905_1534_1535_1536_1537_1538_1539/init_options_152-229099_165-235056.foo.c
905_1534_1535_1536_1537_1538_1539/init_options_151-229067_166-235080.foo.c,905_1534_1535_1536_1537_1538_1539/init_options_148-228997_165-235056.foo.c
905_1534_1535_1536_1537_1538_1539/init_options_151-229067_166-235080.foo.c,905_1534_1535_1536_1537_1538_1539/init_options_148-228997_166-235080.foo.c
905_1534_1535_1536_1537_1538_1539/init_options_151-229067_166-235080.foo.c,905_1534_1535_1536_1537_1538_1539/init_options_152-229099_166-235080.foo.c
905_1534_1535_1536_1537_1538_1539/init_options_152-229099_165-235056.foo.c,905_1534_1535_1536_1537_1538_1539/init_options_148-228997_165-235056.foo.c
905_1534_1535_1536_1537_1538_1539/init_options_152-229099_165-235056.foo.c,905_1534_1535_1536_1537_1538_1539/init_options_148-228997_166-235080.foo.c
905_1534_1535_1536_1537_1538_1539/init_options_152-229099_165-235056.foo.c,905_1534_1535_1536_1537_1538_1539/init_options_152-229099_166-235080.foo.c
905_1534_1535_1536_1537_1538_1539/init_options_148-228997_165-235056.foo.c,905_1534_1535_1536_1537_1538_1539/init_options_148-228997_166-235080.foo.c
905_1534_1535_1536_1537_1538_1539/init_options_148-228997_165-235056.foo.c,905_1534_1535_1536_1537_1538_1539/init_options_152-229099_166-235080.foo.c
905_1534_1535_1536_1537_1538_1539/init_options_148-228997_166-235080.foo.c,905_1534_1535_1536_1537_1538_1539/init_options_152-229099_166-235080.foo.c
1152_1547_1548_1549/search_file_266-233480_287-234655.foo.c,1152_1547_1548_1549/search_file_267-233496_287-234655.foo.c
1319_1570_1571_1572_1573_1574/print_file_matches_150-227089_153-227158.foo.c,1319_1570_1571_1572_1573_1574/print_file_matches_149-227063_153-227158.foo.c
367_1420_1424_1425/path_ignore_search_224-189691_277-198406.foo.c,367_1420_1424_1425/filename_filter_336-207044_339-212482.foo.c
367_1420_1424_1425/path_ignore_search_224-189691_277-198406.foo.c,367_1420_1424_1425/path_ignore_search_224-189691_268-198009.foo.c
367_1420_1424_1425/path_ignore_search_224-189691_277-198406.foo.c,367_1420_1424_1425/fgetln_559-212270_583-213289.foo.c
367_1420_1424_1425/path_ignore_search_224-189691_277-198406.foo.c,367_1420_1424_1425/fgetln_559-212270_563-212433.foo.c
367_1420_1424_1425/path_ignore_search_224-189691_277-198406.foo.c,367_1420_1424_1425/fgetln_559-212270_584-213306.foo.c
367_1420_1424_1425/path_ignore_search_224-189691_277-198406.foo.c,367_1420_1424_1425/search_buf_51-225276_54-225306.foo.c
367_1420_1424_1425/filename_filter_336-207044_339-212482.foo.c,367_1420_1424_1425/path_ignore_search_224-189691_268-198009.foo.c
367_1420_1424_1425/filename_filter_336-207044_339-212482.foo.c,367_1420_1424_1425/fgetln_559-212270_583-213289.foo.c
367_1420_1424_1425/filename_filter_336-207044_339-212482.foo.c,367_1420_1424_1425/fgetln_559-212270_563-212433.foo.c
367_1420_1424_1425/filename_filter_336-207044_339-212482.foo.c,367_1420_1424_1425/fgetln_559-212270_584-213306.foo.c
367_1420_1424_1425/filename_filter_336-207044_339-212482.foo.c,367_1420_1424_1425/search_buf_51-225276_54-225306.foo.c
367_1420_1424_1425/path_ignore_search_224-189691_268-198009.foo.c,367_1420_1424_1425/fgetln_559-212270_583-213289.foo.c
367_1420_1424_1425/path_ignore_search_224-189691_268-198009.foo.c,367_1420_1424_1425/fgetln_559-212270_563-212433.foo.c
367_1420_1424_1425/path_ignore_search_224-189691_268-198009.foo.c,367_1420_1424_1425/fgetln_559-212270_584-213306.foo.c
367_1420_1424_1425/path_ignore_search_224-189691_268-198009.foo.c,367_1420_1424_1425/search_buf_51-225276_54-225306.foo.c
367_1420_1424_1425/fgetln_559-212270_583-213289.foo.c,367_1420_1424_1425/fgetln_559-212270_563-212433.foo.c
367_1420_1424_1425/fgetln_559-212270_583-213289.foo.c,367_1420_1424_1425/fgetln_559-212270_584-213306.foo.c
367_1420_1424_1425/fgetln_559-212270_583-213289.foo.c,367_1420_1424_1425/search_buf_51-225276_54-225306.foo.c
367_1420_1424_1425/fgetln_559-212270_563-212433.foo.c,367_1420_1424_1425/fgetln_559-212270_584-213306.foo.c
367_1420_1424_1425/fgetln_559-212270_563-212433.foo.c,367_1420_1424_1425/search_buf_51-225276_54-225306.foo.c
367_1420_1424_1425/fgetln_559-212270_584-213306.foo.c,367_1420_1424_1425/search_buf_51-225276_54-225306.foo.c
565_1471_1477_1478_1479_1480_1481/check_symloop_leave_515-253586_515-254129.foo.c,565_1471_1477_1478_1479_1480_1481/check_symloop_enter_493-243213_493-243756.foo.c
1327_1571_1572_1573_1574_1575/print_init_context_40-222981_48-223361.foo.c,1327_1571_1572_1573_1574_1575/print_init_context_40-222981_50-223431.foo.c
1327_1571_1572_1573_1574_1575/print_init_context_40-222981_48-223361.foo.c,1327_1571_1572_1573_1574_1575/print_init_context_40-222981_49-223395.foo.c
1327_1571_1572_1573_1574_1575/print_init_context_40-222981_50-223431.foo.c,1327_1571_1572_1573_1574_1575/print_init_context_40-222981_49-223395.foo.c
851_1523_1524_1526_1527_1528/decompress_zlib_29-235182_56-236768.foo.c,851_1523_1524_1526_1527_1528/decompress_lzma_127-240113_129-240455.foo.c
851_1523_1524_1526_1527_1528/decompress_zlib_29-235182_56-236768.foo.c,851_1523_1524_1526_1527_1528/decompress_zlib_29-235182_93-238915.foo.c
851_1523_1524_1526_1527_1528/decompress_zlib_29-235182_56-236768.foo.c,851_1523_1524_1526_1527_1528/decompress_zlib_29-235182_90-238852.foo.c
851_1523_1524_1526_1527_1528/decompress_lzma_127-240113_129-240455.foo.c,851_1523_1524_1526_1527_1528/decompress_zlib_29-235182_93-238915.foo.c
851_1523_1524_1526_1527_1528/decompress_lzma_127-240113_129-240455.foo.c,851_1523_1524_1526_1527_1528/decompress_zlib_29-235182_90-238852.foo.c
851_1523_1524_1526_1527_1528/decompress_zlib_29-235182_93-238915.foo.c,851_1523_1524_1526_1527_1528/decompress_zlib_29-235182_90-238852.foo.c
517_1466_1467_1469/search_file_262-233300_288-234810.foo.c,517_1466_1467_1469/search_file_262-233300_296-235212.foo.c
517_1466_1467_1469/search_file_262-233300_288-234810.foo.c,517_1466_1467_1469/search_file_262-233300_322-236575.foo.c
517_1466_1467_1469/search_file_262-233300_288-234810.foo.c,517_1466_1467_1469/search_file_262-233300_301-235332.foo.c
517_1466_1467_1469/search_file_262-233300_288-234810.foo.c,517_1466_1467_1469/search_file_262-233300_307-235513.foo.c
517_1466_1467_1469/search_file_262-233300_288-234810.foo.c,517_1466_1467_1469/search_file_262-233300_314-236214.foo.c
517_1466_1467_1469/search_file_262-233300_288-234810.foo.c,517_1466_1467_1469/search_file_262-233300_333-236922.foo.c
517_1466_1467_1469/search_file_262-233300_288-234810.foo.c,517_1466_1467_1469/search_file_262-233300_324-236605.foo.c
517_1466_1467_1469/search_file_262-233300_296-235212.foo.c,517_1466_1467_1469/search_file_262-233300_322-236575.foo.c
517_1466_1467_1469/search_file_262-233300_296-235212.foo.c,517_1466_1467_1469/search_file_262-233300_301-235332.foo.c
517_1466_1467_1469/search_file_262-233300_296-235212.foo.c,517_1466_1467_1469/search_file_262-233300_307-235513.foo.c
517_1466_1467_1469/search_file_262-233300_296-235212.foo.c,517_1466_1467_1469/search_file_262-233300_314-236214.foo.c
517_1466_1467_1469/search_file_262-233300_296-235212.foo.c,517_1466_1467_1469/search_file_262-233300_333-236922.foo.c
517_1466_1467_1469/search_file_262-233300_296-235212.foo.c,517_1466_1467_1469/search_file_262-233300_324-236605.foo.c
517_1466_1467_1469/search_file_262-233300_322-236575.foo.c,517_1466_1467_1469/search_file_262-233300_301-235332.foo.c
517_1466_1467_1469/search_file_262-233300_322-236575.foo.c,517_1466_1467_1469/search_file_262-233300_307-235513.foo.c
517_1466_1467_1469/search_file_262-233300_322-236575.foo.c,517_1466_1467_1469/search_file_262-233300_314-236214.foo.c
517_1466_1467_1469/search_file_262-233300_322-236575.foo.c,517_1466_1467_1469/search_file_262-233300_333-236922.foo.c
517_1466_1467_1469/search_file_262-233300_322-236575.foo.c,517_1466_1467_1469/search_file_262-233300_324-236605.foo.c
517_1466_1467_1469/search_file_262-233300_301-235332.foo.c,517_1466_1467_1469/search_file_262-233300_307-235513.foo.c
517_1466_1467_1469/search_file_262-233300_301-235332.foo.c,517_1466_1467_1469/search_file_262-233300_314-236214.foo.c
517_1466_1467_1469/search_file_262-233300_301-235332.foo.c,517_1466_1467_1469/search_file_262-233300_333-236922.foo.c
517_1466_1467_1469/search_file_262-233300_301-235332.foo.c,517_1466_1467_1469/search_file_262-233300_324-236605.foo.c
517_1466_1467_1469/search_file_262-233300_307-235513.foo.c,517_1466_1467_1469/search_file_262-233300_314-236214.foo.c
517_1466_1467_1469/search_file_262-233300_307-235513.foo.c,517_1466_1467_1469/search_file_262-233300_333-236922.foo.c
517_1466_1467_1469/search_file_262-233300_307-235513.foo.c,517_1466_1467_1469/search_file_262-233300_324-236605.foo.c
517_1466_1467_1469/search_file_262-233300_314-236214.foo.c,517_1466_1467_1469/search_file_262-233300_333-236922.foo.c
517_1466_1467_1469/search_file_262-233300_314-236214.foo.c,517_1466_1467_1469/search_file_262-233300_324-236605.foo.c
517_1466_1467_1469/search_file_262-233300_333-236922.foo.c,517_1466_1467_1469/search_file_262-233300_324-236605.foo.c
1192_1556_1557_1558/strlcpy_657-213713_679-214019.foo.c,1192_1556_1557_1558/strlcpy_661-213761_661-213761.foo.c
1192_1556_1557_1558/strlcpy_657-213713_679-214019.foo.c,1192_1556_1557_1558/strlcpy_661-213761_670-213902.foo.c
1192_1556_1557_1558/strlcpy_657-213713_679-214019.foo.c,1192_1556_1557_1558/strlcpy_658-213738_679-214019.foo.c
1192_1556_1557_1558/strlcpy_657-213713_679-214019.foo.c,1192_1556_1557_1558/strlcpy_656-213694_679-214019.foo.c
1192_1556_1557_1558/strlcpy_657-213713_679-214019.foo.c,1192_1556_1557_1558/strlcpy_658-213738_670-213902.foo.c
1192_1556_1557_1558/strlcpy_657-213713_679-214019.foo.c,1192_1556_1557_1558/strlcpy_657-213713_661-213761.foo.c
1192_1556_1557_1558/strlcpy_657-213713_679-214019.foo.c,1192_1556_1557_1558/strlcpy_661-213761_679-214019.foo.c
1192_1556_1557_1558/strlcpy_657-213713_679-214019.foo.c,1192_1556_1557_1558/strlcpy_656-213694_670-213902.foo.c
1192_1556_1557_1558/strlcpy_657-213713_679-214019.foo.c,1192_1556_1557_1558/strlcpy_657-213713_670-213902.foo.c
1192_1556_1557_1558/strlcpy_657-213713_679-214019.foo.c,1192_1556_1557_1558/strlcpy_658-213738_661-213761.foo.c
1192_1556_1557_1558/strlcpy_657-213713_679-214019.foo.c,1192_1556_1557_1558/strlcpy_656-213694_661-213761.foo.c
1192_1556_1557_1558/strlcpy_661-213761_661-213761.foo.c,1192_1556_1557_1558/strlcpy_661-213761_670-213902.foo.c
1192_1556_1557_1558/strlcpy_661-213761_661-213761.foo.c,1192_1556_1557_1558/strlcpy_658-213738_679-214019.foo.c
1192_1556_1557_1558/strlcpy_661-213761_661-213761.foo.c,1192_1556_1557_1558/strlcpy_656-213694_679-214019.foo.c
1192_1556_1557_1558/strlcpy_661-213761_661-213761.foo.c,1192_1556_1557_1558/strlcpy_658-213738_670-213902.foo.c
1192_1556_1557_1558/strlcpy_661-213761_661-213761.foo.c,1192_1556_1557_1558/strlcpy_657-213713_661-213761.foo.c
1192_1556_1557_1558/strlcpy_661-213761_661-213761.foo.c,1192_1556_1557_1558/strlcpy_661-213761_679-214019.foo.c
1192_1556_1557_1558/strlcpy_661-213761_661-213761.foo.c,1192_1556_1557_1558/strlcpy_656-213694_670-213902.foo.c
1192_1556_1557_1558/strlcpy_661-213761_661-213761.foo.c,1192_1556_1557_1558/strlcpy_657-213713_670-213902.foo.c
1192_1556_1557_1558/strlcpy_661-213761_661-213761.foo.c,1192_1556_1557_1558/strlcpy_658-213738_661-213761.foo.c
1192_1556_1557_1558/strlcpy_661-213761_661-213761.foo.c,1192_1556_1557_1558/strlcpy_656-213694_661-213761.foo.c
1192_1556_1557_1558/strlcpy_661-213761_670-213902.foo.c,1192_1556_1557_1558/strlcpy_658-213738_679-214019.foo.c
1192_1556_1557_1558/strlcpy_661-213761_670-213902.foo.c,1192_1556_1557_1558/strlcpy_656-213694_679-214019.foo.c
1192_1556_1557_1558/strlcpy_661-213761_670-213902.foo.c,1192_1556_1557_1558/strlcpy_658-213738_670-213902.foo.c
1192_1556_1557_1558/strlcpy_661-213761_670-213902.foo.c,1192_1556_1557_1558/strlcpy_657-213713_661-213761.foo.c
1192_1556_1557_1558/strlcpy_661-213761_670-213902.foo.c,1192_1556_1557_1558/strlcpy_661-213761_679-214019.foo.c
1192_1556_1557_1558/strlcpy_661-213761_670-213902.foo.c,1192_1556_1557_1558/strlcpy_656-213694_670-213902.foo.c
1192_1556_1557_1558/strlcpy_661-213761_670-213902.foo.c,1192_1556_1557_1558/strlcpy_657-213713_670-213902.foo.c
1192_1556_1557_1558/strlcpy_661-213761_670-213902.foo.c,1192_1556_1557_1558/strlcpy_658-213738_661-213761.foo.c
1192_1556_1557_1558/strlcpy_661-213761_670-213902.foo.c,1192_1556_1557_1558/strlcpy_656-213694_661-213761.foo.c
1192_1556_1557_1558/strlcpy_658-213738_679-214019.foo.c,1192_1556_1557_1558/strlcpy_656-213694_679-214019.foo.c
1192_1556_1557_1558/strlcpy_658-213738_679-214019.foo.c,1192_1556_1557_1558/strlcpy_658-213738_670-213902.foo.c
1192_1556_1557_1558/strlcpy_658-213738_679-214019.foo.c,1192_1556_1557_1558/strlcpy_657-213713_661-213761.foo.c
1192_1556_1557_1558/strlcpy_658-213738_679-214019.foo.c,1192_1556_1557_1558/strlcpy_661-213761_679-214019.foo.c
1192_1556_1557_1558/strlcpy_658-213738_679-214019.foo.c,1192_1556_1557_1558/strlcpy_656-213694_670-213902.foo.c
1192_1556_1557_1558/strlcpy_658-213738_679-214019.foo.c,1192_1556_1557_1558/strlcpy_657-213713_670-213902.foo.c
1192_1556_1557_1558/strlcpy_658-213738_679-214019.foo.c,1192_1556_1557_1558/strlcpy_658-213738_661-213761.foo.c
1192_1556_1557_1558/strlcpy_658-213738_679-214019.foo.c,1192_1556_1557_1558/strlcpy_656-213694_661-213761.foo.c
1192_1556_1557_1558/strlcpy_656-213694_679-214019.foo.c,1192_1556_1557_1558/strlcpy_658-213738_670-213902.foo.c
1192_1556_1557_1558/strlcpy_656-213694_679-214019.foo.c,1192_1556_1557_1558/strlcpy_657-213713_661-213761.foo.c
1192_1556_1557_1558/strlcpy_656-213694_679-214019.foo.c,1192_1556_1557_1558/strlcpy_661-213761_679-214019.foo.c
1192_1556_1557_1558/strlcpy_656-213694_679-214019.foo.c,1192_1556_1557_1558/strlcpy_656-213694_670-213902.foo.c
1192_1556_1557_1558/strlcpy_656-213694_679-214019.foo.c,1192_1556_1557_1558/strlcpy_657-213713_670-213902.foo.c
1192_1556_1557_1558/strlcpy_656-213694_679-214019.foo.c,1192_1556_1557_1558/strlcpy_658-213738_661-213761.foo.c
1192_1556_1557_1558/strlcpy_656-213694_679-214019.foo.c,1192_1556_1557_1558/strlcpy_656-213694_661-213761.foo.c
1192_1556_1557_1558/strlcpy_658-213738_670-213902.foo.c,1192_1556_1557_1558/strlcpy_657-213713_661-213761.foo.c
1192_1556_1557_1558/strlcpy_658-213738_670-213902.foo.c,1192_1556_1557_1558/strlcpy_661-213761_679-214019.foo.c
1192_1556_1557_1558/strlcpy_658-213738_670-213902.foo.c,1192_1556_1557_1558/strlcpy_656-213694_670-213902.foo.c
1192_1556_1557_1558/strlcpy_658-213738_670-213902.foo.c,1192_1556_1557_1558/strlcpy_657-213713_670-213902.foo.c
1192_1556_1557_1558/strlcpy_658-213738_670-213902.foo.c,1192_1556_1557_1558/strlcpy_658-213738_661-213761.foo.c
1192_1556_1557_1558/strlcpy_658-213738_670-213902.foo.c,1192_1556_1557_1558/strlcpy_656-213694_661-213761.foo.c
1192_1556_1557_1558/strlcpy_657-213713_661-213761.foo.c,1192_1556_1557_1558/strlcpy_661-213761_679-214019.foo.c
1192_1556_1557_1558/strlcpy_657-213713_661-213761.foo.c,1192_1556_1557_1558/strlcpy_656-213694_670-213902.foo.c
1192_1556_1557_1558/strlcpy_657-213713_661-213761.foo.c,1192_1556_1557_1558/strlcpy_657-213713_670-213902.foo.c
1192_1556_1557_1558/strlcpy_657-213713_661-213761.foo.c,1192_1556_1557_1558/strlcpy_658-213738_661-213761.foo.c
1192_1556_1557_1558/strlcpy_657-213713_661-213761.foo.c,1192_1556_1557_1558/strlcpy_656-213694_661-213761.foo.c
1192_1556_1557_1558/strlcpy_661-213761_679-214019.foo.c,1192_1556_1557_1558/strlcpy_656-213694_670-213902.foo.c
1192_1556_1557_1558/strlcpy_661-213761_679-214019.foo.c,1192_1556_1557_1558/strlcpy_657-213713_670-213902.foo.c
1192_1556_1557_1558/strlcpy_661-213761_679-214019.foo.c,1192_1556_1557_1558/strlcpy_658-213738_661-213761.foo.c
1192_1556_1557_1558/strlcpy_661-213761_679-214019.foo.c,1192_1556_1557_1558/strlcpy_656-213694_661-213761.foo.c
1192_1556_1557_1558/strlcpy_656-213694_670-213902.foo.c,1192_1556_1557_1558/strlcpy_657-213713_670-213902.foo.c
1192_1556_1557_1558/strlcpy_656-213694_670-213902.foo.c,1192_1556_1557_1558/strlcpy_658-213738_661-213761.foo.c
1192_1556_1557_1558/strlcpy_656-213694_670-213902.foo.c,1192_1556_1557_1558/strlcpy_656-213694_661-213761.foo.c
1192_1556_1557_1558/strlcpy_657-213713_670-213902.foo.c,1192_1556_1557_1558/strlcpy_658-213738_661-213761.foo.c
1192_1556_1557_1558/strlcpy_657-213713_670-213902.foo.c,1192_1556_1557_1558/strlcpy_656-213694_661-213761.foo.c
1192_1556_1557_1558/strlcpy_658-213738_661-213761.foo.c,1192_1556_1557_1558/strlcpy_656-213694_661-213761.foo.c
904_1533_1534_1535_1536_1537_1538_1539/init_options_152-229099_158-235000.foo.c,904_1533_1534_1535_1536_1537_1538_1539/init_options_148-228997_158-235000.foo.c
904_1533_1534_1535_1536_1537_1538_1539/init_options_152-229099_158-235000.foo.c,904_1533_1534_1535_1536_1537_1538_1539/init_options_153-234604_163-235036.foo.c
904_1533_1534_1535_1536_1537_1538_1539/init_options_152-229099_158-235000.foo.c,904_1533_1534_1535_1536_1537_1538_1539/init_options_151-229067_158-235000.foo.c
904_1533_1534_1535_1536_1537_1538_1539/init_options_148-228997_158-235000.foo.c,904_1533_1534_1535_1536_1537_1538_1539/init_options_153-234604_163-235036.foo.c
904_1533_1534_1535_1536_1537_1538_1539/init_options_148-228997_158-235000.foo.c,904_1533_1534_1535_1536_1537_1538_1539/init_options_151-229067_158-235000.foo.c
904_1533_1534_1535_1536_1537_1538_1539/init_options_153-234604_163-235036.foo.c,904_1533_1534_1535_1536_1537_1538_1539/init_options_151-229067_158-235000.foo.c
492_1449_1455_1458_1459_1460_1464_1465/search_buf_67-225821_80-226715.foo.c,492_1449_1455_1458_1459_1460_1464_1465/search_buf_76-226521_80-226715.foo.c
732_1506_1509_1510_1511/decompress_lzma_145-240996_174-242169.foo.c,732_1506_1509_1510_1511/decompress_lzma_146-241009_146-241009.foo.c
732_1506_1509_1510_1511/decompress_lzma_145-240996_174-242169.foo.c,732_1506_1509_1510_1511/decompress_lzma_145-240996_172-242131.foo.c
732_1506_1509_1510_1511/decompress_lzma_145-240996_174-242169.foo.c,732_1506_1509_1510_1511/decompress_lzma_147-241026_162-241802.foo.c
732_1506_1509_1510_1511/decompress_lzma_145-240996_174-242169.foo.c,732_1506_1509_1510_1511/decompress_lzma_145-240996_183-242318.foo.c
732_1506_1509_1510_1511/decompress_lzma_145-240996_174-242169.foo.c,732_1506_1509_1510_1511/decompress_lzma_145-240996_145-240996.foo.c
732_1506_1509_1510_1511/decompress_lzma_145-240996_174-242169.foo.c,732_1506_1509_1510_1511/decompress_lzma_146-241009_145-240996.foo.c
732_1506_1509_1510_1511/decompress_lzma_145-240996_174-242169.foo.c,732_1506_1509_1510_1511/decompress_lzma_145-240996_186-242364.foo.c
732_1506_1509_1510_1511/decompress_lzma_145-240996_174-242169.foo.c,732_1506_1509_1510_1511/decompress_lzma_147-241026_146-241009.foo.c
732_1506_1509_1510_1511/decompress_lzma_145-240996_174-242169.foo.c,732_1506_1509_1510_1511/decompress_lzma_145-240996_182-242296.foo.c
732_1506_1509_1510_1511/decompress_lzma_146-241009_146-241009.foo.c,732_1506_1509_1510_1511/decompress_lzma_145-240996_172-242131.foo.c
732_1506_1509_1510_1511/decompress_lzma_146-241009_146-241009.foo.c,732_1506_1509_1510_1511/decompress_lzma_147-241026_162-241802.foo.c
732_1506_1509_1510_1511/decompress_lzma_146-241009_146-241009.foo.c,732_1506_1509_1510_1511/decompress_lzma_145-240996_183-242318.foo.c
732_1506_1509_1510_1511/decompress_lzma_146-241009_146-241009.foo.c,732_1506_1509_1510_1511/decompress_lzma_145-240996_145-240996.foo.c
732_1506_1509_1510_1511/decompress_lzma_146-241009_146-241009.foo.c,732_1506_1509_1510_1511/decompress_lzma_146-241009_145-240996.foo.c
732_1506_1509_1510_1511/decompress_lzma_146-241009_146-241009.foo.c,732_1506_1509_1510_1511/decompress_lzma_145-240996_186-242364.foo.c
732_1506_1509_1510_1511/decompress_lzma_146-241009_146-241009.foo.c,732_1506_1509_1510_1511/decompress_lzma_147-241026_146-241009.foo.c
732_1506_1509_1510_1511/decompress_lzma_146-241009_146-241009.foo.c,732_1506_1509_1510_1511/decompress_lzma_145-240996_182-242296.foo.c
732_1506_1509_1510_1511/decompress_lzma_145-240996_172-242131.foo.c,732_1506_1509_1510_1511/decompress_lzma_147-241026_162-241802.foo.c
732_1506_1509_1510_1511/decompress_lzma_145-240996_172-242131.foo.c,732_1506_1509_1510_1511/decompress_lzma_145-240996_183-242318.foo.c
732_1506_1509_1510_1511/decompress_lzma_145-240996_172-242131.foo.c,732_1506_1509_1510_1511/decompress_lzma_145-240996_145-240996.foo.c
732_1506_1509_1510_1511/decompress_lzma_145-240996_172-242131.foo.c,732_1506_1509_1510_1511/decompress_lzma_146-241009_145-240996.foo.c
732_1506_1509_1510_1511/decompress_lzma_145-240996_172-242131.foo.c,732_1506_1509_1510_1511/decompress_lzma_145-240996_186-242364.foo.c
732_1506_1509_1510_1511/decompress_lzma_145-240996_172-242131.foo.c,732_1506_1509_1510_1511/decompress_lzma_147-241026_146-241009.foo.c
732_1506_1509_1510_1511/decompress_lzma_145-240996_172-242131.foo.c,732_1506_1509_1510_1511/decompress_lzma_145-240996_182-242296.foo.c
732_1506_1509_1510_1511/decompress_lzma_147-241026_162-241802.foo.c,732_1506_1509_1510_1511/decompress_lzma_145-240996_183-242318.foo.c
732_1506_1509_1510_1511/decompress_lzma_147-241026_162-241802.foo.c,732_1506_1509_1510_1511/decompress_lzma_145-240996_145-240996.foo.c
732_1506_1509_1510_1511/decompress_lzma_147-241026_162-241802.foo.c,732_1506_1509_1510_1511/decompress_lzma_146-241009_145-240996.foo.c
732_1506_1509_1510_1511/decompress_lzma_147-241026_162-241802.foo.c,732_1506_1509_1510_1511/decompress_lzma_145-240996_186-242364.foo.c
732_1506_1509_1510_1511/decompress_lzma_147-241026_162-241802.foo.c,732_1506_1509_1510_1511/decompress_lzma_147-241026_146-241009.foo.c
732_1506_1509_1510_1511/decompress_lzma_147-241026_162-241802.foo.c,732_1506_1509_1510_1511/decompress_lzma_145-240996_182-242296.foo.c
732_1506_1509_1510_1511/decompress_lzma_145-240996_183-242318.foo.c,732_1506_1509_1510_1511/decompress_lzma_145-240996_145-240996.foo.c
732_1506_1509_1510_1511/decompress_lzma_145-240996_183-242318.foo.c,732_1506_1509_1510_1511/decompress_lzma_146-241009_145-240996.foo.c
732_1506_1509_1510_1511/decompress_lzma_145-240996_183-242318.foo.c,732_1506_1509_1510_1511/decompress_lzma_145-240996_186-242364.foo.c
732_1506_1509_1510_1511/decompress_lzma_145-240996_183-242318.foo.c,732_1506_1509_1510_1511/decompress_lzma_147-241026_146-241009.foo.c
732_1506_1509_1510_1511/decompress_lzma_145-240996_183-242318.foo.c,732_1506_1509_1510_1511/decompress_lzma_145-240996_182-242296.foo.c
732_1506_1509_1510_1511/decompress_lzma_145-240996_145-240996.foo.c,732_1506_1509_1510_1511/decompress_lzma_146-241009_145-240996.foo.c
732_1506_1509_1510_1511/decompress_lzma_145-240996_145-240996.foo.c,732_1506_1509_1510_1511/decompress_lzma_145-240996_186-242364.foo.c
732_1506_1509_1510_1511/decompress_lzma_145-240996_145-240996.foo.c,732_1506_1509_1510_1511/decompress_lzma_147-241026_146-241009.foo.c
732_1506_1509_1510_1511/decompress_lzma_145-240996_145-240996.foo.c,732_1506_1509_1510_1511/decompress_lzma_145-240996_182-242296.foo.c
732_1506_1509_1510_1511/decompress_lzma_146-241009_145-240996.foo.c,732_1506_1509_1510_1511/decompress_lzma_145-240996_186-242364.foo.c
732_1506_1509_1510_1511/decompress_lzma_146-241009_145-240996.foo.c,732_1506_1509_1510_1511/decompress_lzma_147-241026_146-241009.foo.c
732_1506_1509_1510_1511/decompress_lzma_146-241009_145-240996.foo.c,732_1506_1509_1510_1511/decompress_lzma_145-240996_182-242296.foo.c
732_1506_1509_1510_1511/decompress_lzma_145-240996_186-242364.foo.c,732_1506_1509_1510_1511/decompress_lzma_147-241026_146-241009.foo.c
732_1506_1509_1510_1511/decompress_lzma_145-240996_186-242364.foo.c,732_1506_1509_1510_1511/decompress_lzma_145-240996_182-242296.foo.c
732_1506_1509_1510_1511/decompress_lzma_147-241026_146-241009.foo.c,732_1506_1509_1510_1511/decompress_lzma_145-240996_182-242296.foo.c
411_1426_1430_1431_1432_1433_1434_1435/search_file_295-235182_322-236575.foo.c,411_1426_1430_1431_1432_1433_1434_1435/filename_filter_299-199059_319-205584.foo.c
411_1426_1430_1431_1432_1433_1434_1435/search_file_295-235182_322-236575.foo.c,411_1426_1430_1431_1432_1433_1434_1435/add_ignore_pattern_161-181675_170-187513.foo.c
411_1426_1430_1431_1432_1433_1434_1435/search_file_295-235182_322-236575.foo.c,411_1426_1430_1431_1432_1433_1434_1435/filename_filter_294-198961_320-205647.foo.c
411_1426_1430_1431_1432_1433_1434_1435/search_file_295-235182_322-236575.foo.c,411_1426_1430_1431_1432_1433_1434_1435/add_ignore_pattern_104-177886_109-178412.foo.c
411_1426_1430_1431_1432_1433_1434_1435/search_file_295-235182_322-236575.foo.c,411_1426_1430_1431_1432_1433_1434_1435/search_file_296-235212_322-236575.foo.c
411_1426_1430_1431_1432_1433_1434_1435/search_file_295-235182_322-236575.foo.c,411_1426_1430_1431_1432_1433_1434_1435/filename_filter_299-199059_320-205647.foo.c
411_1426_1430_1431_1432_1433_1434_1435/search_file_295-235182_322-236575.foo.c,411_1426_1430_1431_1432_1433_1434_1435/filename_filter_294-198961_319-205584.foo.c
411_1426_1430_1431_1432_1433_1434_1435/search_file_295-235182_322-236575.foo.c,411_1426_1430_1431_1432_1433_1434_1435/add_ignore_pattern_161-181675_168-187394.foo.c
411_1426_1430_1431_1432_1433_1434_1435/filename_filter_299-199059_319-205584.foo.c,411_1426_1430_1431_1432_1433_1434_1435/add_ignore_pattern_161-181675_170-187513.foo.c
411_1426_1430_1431_1432_1433_1434_1435/filename_filter_299-199059_319-205584.foo.c,411_1426_1430_1431_1432_1433_1434_1435/filename_filter_294-198961_320-205647.foo.c
411_1426_1430_1431_1432_1433_1434_1435/filename_filter_299-199059_319-205584.foo.c,411_1426_1430_1431_1432_1433_1434_1435/add_ignore_pattern_104-177886_109-178412.foo.c
411_1426_1430_1431_1432_1433_1434_1435/filename_filter_299-199059_319-205584.foo.c,411_1426_1430_1431_1432_1433_1434_1435/search_file_296-235212_322-236575.foo.c
411_1426_1430_1431_1432_1433_1434_1435/filename_filter_299-199059_319-205584.foo.c,411_1426_1430_1431_1432_1433_1434_1435/filename_filter_299-199059_320-205647.foo.c
411_1426_1430_1431_1432_1433_1434_1435/filename_filter_299-199059_319-205584.foo.c,411_1426_1430_1431_1432_1433_1434_1435/filename_filter_294-198961_319-205584.foo.c
411_1426_1430_1431_1432_1433_1434_1435/filename_filter_299-199059_319-205584.foo.c,411_1426_1430_1431_1432_1433_1434_1435/add_ignore_pattern_161-181675_168-187394.foo.c
411_1426_1430_1431_1432_1433_1434_1435/add_ignore_pattern_161-181675_170-187513.foo.c,411_1426_1430_1431_1432_1433_1434_1435/filename_filter_294-198961_320-205647.foo.c
411_1426_1430_1431_1432_1433_1434_1435/add_ignore_pattern_161-181675_170-187513.foo.c,411_1426_1430_1431_1432_1433_1434_1435/add_ignore_pattern_104-177886_109-178412.foo.c
411_1426_1430_1431_1432_1433_1434_1435/add_ignore_pattern_161-181675_170-187513.foo.c,411_1426_1430_1431_1432_1433_1434_1435/search_file_296-235212_322-236575.foo.c
411_1426_1430_1431_1432_1433_1434_1435/add_ignore_pattern_161-181675_170-187513.foo.c,411_1426_1430_1431_1432_1433_1434_1435/filename_filter_299-199059_320-205647.foo.c
411_1426_1430_1431_1432_1433_1434_1435/add_ignore_pattern_161-181675_170-187513.foo.c,411_1426_1430_1431_1432_1433_1434_1435/filename_filter_294-198961_319-205584.foo.c
411_1426_1430_1431_1432_1433_1434_1435/add_ignore_pattern_161-181675_170-187513.foo.c,411_1426_1430_1431_1432_1433_1434_1435/add_ignore_pattern_161-181675_168-187394.foo.c
411_1426_1430_1431_1432_1433_1434_1435/filename_filter_294-198961_320-205647.foo.c,411_1426_1430_1431_1432_1433_1434_1435/add_ignore_pattern_104-177886_109-178412.foo.c
411_1426_1430_1431_1432_1433_1434_1435/filename_filter_294-198961_320-205647.foo.c,411_1426_1430_1431_1432_1433_1434_1435/search_file_296-235212_322-236575.foo.c
411_1426_1430_1431_1432_1433_1434_1435/filename_filter_294-198961_320-205647.foo.c,411_1426_1430_1431_1432_1433_1434_1435/filename_filter_299-199059_320-205647.foo.c
411_1426_1430_1431_1432_1433_1434_1435/filename_filter_294-198961_320-205647.foo.c,411_1426_1430_1431_1432_1433_1434_1435/filename_filter_294-198961_319-205584.foo.c
411_1426_1430_1431_1432_1433_1434_1435/filename_filter_294-198961_320-205647.foo.c,411_1426_1430_1431_1432_1433_1434_1435/add_ignore_pattern_161-181675_168-187394.foo.c
411_1426_1430_1431_1432_1433_1434_1435/add_ignore_pattern_104-177886_109-178412.foo.c,411_1426_1430_1431_1432_1433_1434_1435/search_file_296-235212_322-236575.foo.c
411_1426_1430_1431_1432_1433_1434_1435/add_ignore_pattern_104-177886_109-178412.foo.c,411_1426_1430_1431_1432_1433_1434_1435/filename_filter_299-199059_320-205647.foo.c
411_1426_1430_1431_1432_1433_1434_1435/add_ignore_pattern_104-177886_109-178412.foo.c,411_1426_1430_1431_1432_1433_1434_1435/filename_filter_294-198961_319-205584.foo.c
411_1426_1430_1431_1432_1433_1434_1435/add_ignore_pattern_104-177886_109-178412.foo.c,411_1426_1430_1431_1432_1433_1434_1435/add_ignore_pattern_161-181675_168-187394.foo.c
411_1426_1430_1431_1432_1433_1434_1435/search_file_296-235212_322-236575.foo.c,411_1426_1430_1431_1432_1433_1434_1435/filename_filter_299-199059_320-205647.foo.c
411_1426_1430_1431_1432_1433_1434_1435/search_file_296-235212_322-236575.foo.c,411_1426_1430_1431_1432_1433_1434_1435/filename_filter_294-198961_319-205584.foo.c
411_1426_1430_1431_1432_1433_1434_1435/search_file_296-235212_322-236575.foo.c,411_1426_1430_1431_1432_1433_1434_1435/add_ignore_pattern_161-181675_168-187394.foo.c
411_1426_1430_1431_1432_1433_1434_1435/filename_filter_299-199059_320-205647.foo.c,411_1426_1430_1431_1432_1433_1434_1435/filename_filter_294-198961_319-205584.foo.c
411_1426_1430_1431_1432_1433_1434_1435/filename_filter_299-199059_320-205647.foo.c,411_1426_1430_1431_1432_1433_1434_1435/add_ignore_pattern_161-181675_168-187394.foo.c
411_1426_1430_1431_1432_1433_1434_1435/filename_filter_294-198961_319-205584.foo.c,411_1426_1430_1431_1432_1433_1434_1435/add_ignore_pattern_161-181675_168-187394.foo.c
273_1393_1395_1397_1398/search_file_324-236605_426-239497.foo.c,273_1393_1395_1397_1398/search_file_296-235212_426-239497.foo.c
710_1495_1500_1501_1502_1503_1504/path_ignore_search_228-196304_258-197558.foo.c,710_1495_1500_1501_1502_1503_1504/path_ignore_search_228-196304_245-196970.foo.c
1192_1556_1557_1558_1559_1560/strlcpy_657-213713_679-214019.foo.c,1192_1556_1557_1558_1559_1560/strlcpy_661-213761_661-213761.foo.c
1192_1556_1557_1558_1559_1560/strlcpy_657-213713_679-214019.foo.c,1192_1556_1557_1558_1559_1560/strlcpy_661-213761_670-213902.foo.c
1192_1556_1557_1558_1559_1560/strlcpy_657-213713_679-214019.foo.c,1192_1556_1557_1558_1559_1560/strlcpy_658-213738_679-214019.foo.c
1192_1556_1557_1558_1559_1560/strlcpy_657-213713_679-214019.foo.c,1192_1556_1557_1558_1559_1560/strlcpy_656-213694_679-214019.foo.c
1192_1556_1557_1558_1559_1560/strlcpy_657-213713_679-214019.foo.c,1192_1556_1557_1558_1559_1560/strlcpy_658-213738_670-213902.foo.c
1192_1556_1557_1558_1559_1560/strlcpy_657-213713_679-214019.foo.c,1192_1556_1557_1558_1559_1560/strlcpy_657-213713_661-213761.foo.c
1192_1556_1557_1558_1559_1560/strlcpy_657-213713_679-214019.foo.c,1192_1556_1557_1558_1559_1560/strlcpy_661-213761_679-214019.foo.c
1192_1556_1557_1558_1559_1560/strlcpy_657-213713_679-214019.foo.c,1192_1556_1557_1558_1559_1560/strlcpy_656-213694_670-213902.foo.c
1192_1556_1557_1558_1559_1560/strlcpy_657-213713_679-214019.foo.c,1192_1556_1557_1558_1559_1560/strlcpy_657-213713_670-213902.foo.c
1192_1556_1557_1558_1559_1560/strlcpy_657-213713_679-214019.foo.c,1192_1556_1557_1558_1559_1560/strlcpy_658-213738_661-213761.foo.c
1192_1556_1557_1558_1559_1560/strlcpy_657-213713_679-214019.foo.c,1192_1556_1557_1558_1559_1560/strlcpy_656-213694_661-213761.foo.c
1192_1556_1557_1558_1559_1560/strlcpy_661-213761_661-213761.foo.c,1192_1556_1557_1558_1559_1560/strlcpy_661-213761_670-213902.foo.c
1192_1556_1557_1558_1559_1560/strlcpy_661-213761_661-213761.foo.c,1192_1556_1557_1558_1559_1560/strlcpy_658-213738_679-214019.foo.c
1192_1556_1557_1558_1559_1560/strlcpy_661-213761_661-213761.foo.c,1192_1556_1557_1558_1559_1560/strlcpy_656-213694_679-214019.foo.c
1192_1556_1557_1558_1559_1560/strlcpy_661-213761_661-213761.foo.c,1192_1556_1557_1558_1559_1560/strlcpy_658-213738_670-213902.foo.c
1192_1556_1557_1558_1559_1560/strlcpy_661-213761_661-213761.foo.c,1192_1556_1557_1558_1559_1560/strlcpy_657-213713_661-213761.foo.c
1192_1556_1557_1558_1559_1560/strlcpy_661-213761_661-213761.foo.c,1192_1556_1557_1558_1559_1560/strlcpy_661-213761_679-214019.foo.c
1192_1556_1557_1558_1559_1560/strlcpy_661-213761_661-213761.foo.c,1192_1556_1557_1558_1559_1560/strlcpy_656-213694_670-213902.foo.c
1192_1556_1557_1558_1559_1560/strlcpy_661-213761_661-213761.foo.c,1192_1556_1557_1558_1559_1560/strlcpy_657-213713_670-213902.foo.c
1192_1556_1557_1558_1559_1560/strlcpy_661-213761_661-213761.foo.c,1192_1556_1557_1558_1559_1560/strlcpy_658-213738_661-213761.foo.c
1192_1556_1557_1558_1559_1560/strlcpy_661-213761_661-213761.foo.c,1192_1556_1557_1558_1559_1560/strlcpy_656-213694_661-213761.foo.c
1192_1556_1557_1558_1559_1560/strlcpy_661-213761_670-213902.foo.c,1192_1556_1557_1558_1559_1560/strlcpy_658-213738_679-214019.foo.c
1192_1556_1557_1558_1559_1560/strlcpy_661-213761_670-213902.foo.c,1192_1556_1557_1558_1559_1560/strlcpy_656-213694_679-214019.foo.c
1192_1556_1557_1558_1559_1560/strlcpy_661-213761_670-213902.foo.c,1192_1556_1557_1558_1559_1560/strlcpy_658-213738_670-213902.foo.c
1192_1556_1557_1558_1559_1560/strlcpy_661-213761_670-213902.foo.c,1192_1556_1557_1558_1559_1560/strlcpy_657-213713_661-213761.foo.c
1192_1556_1557_1558_1559_1560/strlcpy_661-213761_670-213902.foo.c,1192_1556_1557_1558_1559_1560/strlcpy_661-213761_679-214019.foo.c
1192_1556_1557_1558_1559_1560/strlcpy_661-213761_670-213902.foo.c,1192_1556_1557_1558_1559_1560/strlcpy_656-213694_670-213902.foo.c
1192_1556_1557_1558_1559_1560/strlcpy_661-213761_670-213902.foo.c,1192_1556_1557_1558_1559_1560/strlcpy_657-213713_670-213902.foo.c
1192_1556_1557_1558_1559_1560/strlcpy_661-213761_670-213902.foo.c,1192_1556_1557_1558_1559_1560/strlcpy_658-213738_661-213761.foo.c
1192_1556_1557_1558_1559_1560/strlcpy_661-213761_670-213902.foo.c,1192_1556_1557_1558_1559_1560/strlcpy_656-213694_661-213761.foo.c
1192_1556_1557_1558_1559_1560/strlcpy_658-213738_679-214019.foo.c,1192_1556_1557_1558_1559_1560/strlcpy_656-213694_679-214019.foo.c
1192_1556_1557_1558_1559_1560/strlcpy_658-213738_679-214019.foo.c,1192_1556_1557_1558_1559_1560/strlcpy_658-213738_670-213902.foo.c
1192_1556_1557_1558_1559_1560/strlcpy_658-213738_679-214019.foo.c,1192_1556_1557_1558_1559_1560/strlcpy_657-213713_661-213761.foo.c
1192_1556_1557_1558_1559_1560/strlcpy_658-213738_679-214019.foo.c,1192_1556_1557_1558_1559_1560/strlcpy_661-213761_679-214019.foo.c
1192_1556_1557_1558_1559_1560/strlcpy_658-213738_679-214019.foo.c,1192_1556_1557_1558_1559_1560/strlcpy_656-213694_670-213902.foo.c
1192_1556_1557_1558_1559_1560/strlcpy_658-213738_679-214019.foo.c,1192_1556_1557_1558_1559_1560/strlcpy_657-213713_670-213902.foo.c
1192_1556_1557_1558_1559_1560/strlcpy_658-213738_679-214019.foo.c,1192_1556_1557_1558_1559_1560/strlcpy_658-213738_661-213761.foo.c
1192_1556_1557_1558_1559_1560/strlcpy_658-213738_679-214019.foo.c,1192_1556_1557_1558_1559_1560/strlcpy_656-213694_661-213761.foo.c
1192_1556_1557_1558_1559_1560/strlcpy_656-213694_679-214019.foo.c,1192_1556_1557_1558_1559_1560/strlcpy_658-213738_670-213902.foo.c
1192_1556_1557_1558_1559_1560/strlcpy_656-213694_679-214019.foo.c,1192_1556_1557_1558_1559_1560/strlcpy_657-213713_661-213761.foo.c
1192_1556_1557_1558_1559_1560/strlcpy_656-213694_679-214019.foo.c,1192_1556_1557_1558_1559_1560/strlcpy_661-213761_679-214019.foo.c
1192_1556_1557_1558_1559_1560/strlcpy_656-213694_679-214019.foo.c,1192_1556_1557_1558_1559_1560/strlcpy_656-213694_670-213902.foo.c
1192_1556_1557_1558_1559_1560/strlcpy_656-213694_679-214019.foo.c,1192_1556_1557_1558_1559_1560/strlcpy_657-213713_670-213902.foo.c
1192_1556_1557_1558_1559_1560/strlcpy_656-213694_679-214019.foo.c,1192_1556_1557_1558_1559_1560/strlcpy_658-213738_661-213761.foo.c
1192_1556_1557_1558_1559_1560/strlcpy_656-213694_679-214019.foo.c,1192_1556_1557_1558_1559_1560/strlcpy_656-213694_661-213761.foo.c
1192_1556_1557_1558_1559_1560/strlcpy_658-213738_670-213902.foo.c,1192_1556_1557_1558_1559_1560/strlcpy_657-213713_661-213761.foo.c
1192_1556_1557_1558_1559_1560/strlcpy_658-213738_670-213902.foo.c,1192_1556_1557_1558_1559_1560/strlcpy_661-213761_679-214019.foo.c
1192_1556_1557_1558_1559_1560/strlcpy_658-213738_670-213902.foo.c,1192_1556_1557_1558_1559_1560/strlcpy_656-213694_670-213902.foo.c
1192_1556_1557_1558_1559_1560/strlcpy_658-213738_670-213902.foo.c,1192_1556_1557_1558_1559_1560/strlcpy_657-213713_670-213902.foo.c
1192_1556_1557_1558_1559_1560/strlcpy_658-213738_670-213902.foo.c,1192_1556_1557_1558_1559_1560/strlcpy_658-213738_661-213761.foo.c
1192_1556_1557_1558_1559_1560/strlcpy_658-213738_670-213902.foo.c,1192_1556_1557_1558_1559_1560/strlcpy_656-213694_661-213761.foo.c
1192_1556_1557_1558_1559_1560/strlcpy_657-213713_661-213761.foo.c,1192_1556_1557_1558_1559_1560/strlcpy_661-213761_679-214019.foo.c
1192_1556_1557_1558_1559_1560/strlcpy_657-213713_661-213761.foo.c,1192_1556_1557_1558_1559_1560/strlcpy_656-213694_670-213902.foo.c
1192_1556_1557_1558_1559_1560/strlcpy_657-213713_661-213761.foo.c,1192_1556_1557_1558_1559_1560/strlcpy_657-213713_670-213902.foo.c
1192_1556_1557_1558_1559_1560/strlcpy_657-213713_661-213761.foo.c,1192_1556_1557_1558_1559_1560/strlcpy_658-213738_661-213761.foo.c
1192_1556_1557_1558_1559_1560/strlcpy_657-213713_661-213761.foo.c,1192_1556_1557_1558_1559_1560/strlcpy_656-213694_661-213761.foo.c
1192_1556_1557_1558_1559_1560/strlcpy_661-213761_679-214019.foo.c,1192_1556_1557_1558_1559_1560/strlcpy_656-213694_670-213902.foo.c
1192_1556_1557_1558_1559_1560/strlcpy_661-213761_679-214019.foo.c,1192_1556_1557_1558_1559_1560/strlcpy_657-213713_670-213902.foo.c
1192_1556_1557_1558_1559_1560/strlcpy_661-213761_679-214019.foo.c,1192_1556_1557_1558_1559_1560/strlcpy_658-213738_661-213761.foo.c
1192_1556_1557_1558_1559_1560/strlcpy_661-213761_679-214019.foo.c,1192_1556_1557_1558_1559_1560/strlcpy_656-213694_661-213761.foo.c
1192_1556_1557_1558_1559_1560/strlcpy_656-213694_670-213902.foo.c,1192_1556_1557_1558_1559_1560/strlcpy_657-213713_670-213902.foo.c
1192_1556_1557_1558_1559_1560/strlcpy_656-213694_670-213902.foo.c,1192_1556_1557_1558_1559_1560/strlcpy_658-213738_661-213761.foo.c
1192_1556_1557_1558_1559_1560/strlcpy_656-213694_670-213902.foo.c,1192_1556_1557_1558_1559_1560/strlcpy_656-213694_661-213761.foo.c
1192_1556_1557_1558_1559_1560/strlcpy_657-213713_670-213902.foo.c,1192_1556_1557_1558_1559_1560/strlcpy_658-213738_661-213761.foo.c
1192_1556_1557_1558_1559_1560/strlcpy_657-213713_670-213902.foo.c,1192_1556_1557_1558_1559_1560/strlcpy_656-213694_661-213761.foo.c
1192_1556_1557_1558_1559_1560/strlcpy_658-213738_661-213761.foo.c,1192_1556_1557_1558_1559_1560/strlcpy_656-213694_661-213761.foo.c
889_1525_1526/generate_hash_170-178456_165-178258.foo.c,889_1525_1526/is_binary_360-195439_365-195646.foo.c
889_1525_1526/generate_hash_170-178456_165-178258.foo.c,889_1525_1526/is_binary_362-195539_367-195746.foo.c
889_1525_1526/generate_hash_170-178456_165-178258.foo.c,889_1525_1526/is_binary_360-195439_360-195439.foo.c
889_1525_1526/is_binary_360-195439_365-195646.foo.c,889_1525_1526/is_binary_362-195539_367-195746.foo.c
889_1525_1526/is_binary_360-195439_365-195646.foo.c,889_1525_1526/is_binary_360-195439_360-195439.foo.c
889_1525_1526/is_binary_362-195539_367-195746.foo.c,889_1525_1526/is_binary_360-195439_360-195439.foo.c
897/init_options_152-229099_171-235224.foo.c,897/init_options_148-228997_171-235224.foo.c
897/init_options_152-229099_171-235224.foo.c,897/init_options_151-229067_171-235224.foo.c
897/init_options_152-229099_171-235224.foo.c,897/init_options_153-234604_172-235257.foo.c
897/init_options_148-228997_171-235224.foo.c,897/init_options_151-229067_171-235224.foo.c
897/init_options_148-228997_171-235224.foo.c,897/init_options_153-234604_172-235257.foo.c
897/init_options_151-229067_171-235224.foo.c,897/init_options_153-234604_172-235257.foo.c
566_1476_1479_1481_1483_1484/init_wordchar_table_446-207194_447-207221.foo.c,566_1476_1479_1481_1483_1484/init_wordchar_table_445-207158_447-207221.foo.c
566_1476_1479_1481_1483_1484/init_wordchar_table_446-207194_447-207221.foo.c,566_1476_1479_1481_1483_1484/init_wordchar_table_447-207221_445-207158.foo.c
566_1476_1479_1481_1483_1484/init_wordchar_table_446-207194_447-207221.foo.c,566_1476_1479_1481_1483_1484/init_wordchar_table_445-207158_445-207158.foo.c
566_1476_1479_1481_1483_1484/init_wordchar_table_446-207194_447-207221.foo.c,566_1476_1479_1481_1483_1484/init_wordchar_table_446-207194_445-207158.foo.c
566_1476_1479_1481_1483_1484/init_wordchar_table_445-207158_447-207221.foo.c,566_1476_1479_1481_1483_1484/init_wordchar_table_447-207221_445-207158.foo.c
566_1476_1479_1481_1483_1484/init_wordchar_table_445-207158_447-207221.foo.c,566_1476_1479_1481_1483_1484/init_wordchar_table_445-207158_445-207158.foo.c
566_1476_1479_1481_1483_1484/init_wordchar_table_445-207158_447-207221.foo.c,566_1476_1479_1481_1483_1484/init_wordchar_table_446-207194_445-207158.foo.c
566_1476_1479_1481_1483_1484/init_wordchar_table_447-207221_445-207158.foo.c,566_1476_1479_1481_1483_1484/init_wordchar_table_445-207158_445-207158.foo.c
566_1476_1479_1481_1483_1484/init_wordchar_table_447-207221_445-207158.foo.c,566_1476_1479_1481_1483_1484/init_wordchar_table_446-207194_445-207158.foo.c
566_1476_1479_1481_1483_1484/init_wordchar_table_445-207158_445-207158.foo.c,566_1476_1479_1481_1483_1484/init_wordchar_table_446-207194_445-207158.foo.c
249_1391_1392_1393_1394_1395/search_file_262-233300_392-238733.foo.c,249_1391_1392_1393_1394_1395/search_file_262-233300_358-237135.foo.c
249_1391_1392_1393_1394_1395/search_file_262-233300_392-238733.foo.c,249_1391_1392_1393_1394_1395/search_file_262-233300_414-239165.foo.c
249_1391_1392_1393_1394_1395/search_file_262-233300_358-237135.foo.c,249_1391_1392_1393_1394_1395/search_file_262-233300_414-239165.foo.c
1353_1581/init_options_157-234965_172-235257.foo.c,1353_1581/init_options_156-234936_172-235257.foo.c
1353_1581/init_options_157-234965_172-235257.foo.c,1353_1581/init_options_158-235000_172-235257.foo.c
1353_1581/init_options_156-234936_172-235257.foo.c,1353_1581/init_options_158-235000_172-235257.foo.c
492_1449_1455_1458_1459/search_buf_67-225821_102-227401.foo.c,492_1449_1455_1458_1459/search_buf_67-225821_103-227459.foo.c
492_1449_1455_1458_1459/search_buf_67-225821_102-227401.foo.c,492_1449_1455_1458_1459/search_buf_67-225821_80-226715.foo.c
492_1449_1455_1458_1459/search_buf_67-225821_102-227401.foo.c,492_1449_1455_1458_1459/search_buf_76-226521_80-226715.foo.c
492_1449_1455_1458_1459/search_buf_67-225821_102-227401.foo.c,492_1449_1455_1458_1459/search_buf_76-226521_102-227401.foo.c
492_1449_1455_1458_1459/search_buf_67-225821_102-227401.foo.c,492_1449_1455_1458_1459/search_buf_76-226521_103-227459.foo.c
492_1449_1455_1458_1459/search_buf_67-225821_103-227459.foo.c,492_1449_1455_1458_1459/search_buf_67-225821_80-226715.foo.c
492_1449_1455_1458_1459/search_buf_67-225821_103-227459.foo.c,492_1449_1455_1458_1459/search_buf_76-226521_80-226715.foo.c
492_1449_1455_1458_1459/search_buf_67-225821_103-227459.foo.c,492_1449_1455_1458_1459/search_buf_76-226521_102-227401.foo.c
492_1449_1455_1458_1459/search_buf_67-225821_103-227459.foo.c,492_1449_1455_1458_1459/search_buf_76-226521_103-227459.foo.c
492_1449_1455_1458_1459/search_buf_67-225821_80-226715.foo.c,492_1449_1455_1458_1459/search_buf_76-226521_80-226715.foo.c
492_1449_1455_1458_1459/search_buf_67-225821_80-226715.foo.c,492_1449_1455_1458_1459/search_buf_76-226521_102-227401.foo.c
492_1449_1455_1458_1459/search_buf_67-225821_80-226715.foo.c,492_1449_1455_1458_1459/search_buf_76-226521_103-227459.foo.c
492_1449_1455_1458_1459/search_buf_76-226521_80-226715.foo.c,492_1449_1455_1458_1459/search_buf_76-226521_102-227401.foo.c
492_1449_1455_1458_1459/search_buf_76-226521_80-226715.foo.c,492_1449_1455_1458_1459/search_buf_76-226521_103-227459.foo.c
492_1449_1455_1458_1459/search_buf_76-226521_102-227401.foo.c,492_1449_1455_1458_1459/search_buf_76-226521_103-227459.foo.c
586_1480_1484_1485_1486_1488/search_buf_191-231169_215-232106.foo.c,586_1480_1484_1485_1486_1488/search_buf_109-227772_128-228689.foo.c
586_1480_1484_1485_1486_1488/search_buf_191-231169_215-232106.foo.c,586_1480_1484_1485_1486_1488/search_buf_109-227772_129-228752.foo.c
586_1480_1484_1485_1486_1488/search_buf_109-227772_128-228689.foo.c,586_1480_1484_1485_1486_1488/search_buf_109-227772_129-228752.foo.c
492_1449_1455/search_buf_67-225821_102-227401.foo.c,492_1449_1455/search_buf_67-225821_103-227459.foo.c
492_1449_1455/search_buf_67-225821_102-227401.foo.c,492_1449_1455/search_buf_67-225821_80-226715.foo.c
492_1449_1455/search_buf_67-225821_102-227401.foo.c,492_1449_1455/search_buf_76-226521_80-226715.foo.c
492_1449_1455/search_buf_67-225821_102-227401.foo.c,492_1449_1455/search_buf_76-226521_102-227401.foo.c
492_1449_1455/search_buf_67-225821_102-227401.foo.c,492_1449_1455/search_buf_76-226521_103-227459.foo.c
492_1449_1455/search_buf_67-225821_103-227459.foo.c,492_1449_1455/search_buf_67-225821_80-226715.foo.c
492_1449_1455/search_buf_67-225821_103-227459.foo.c,492_1449_1455/search_buf_76-226521_80-226715.foo.c
492_1449_1455/search_buf_67-225821_103-227459.foo.c,492_1449_1455/search_buf_76-226521_102-227401.foo.c
492_1449_1455/search_buf_67-225821_103-227459.foo.c,492_1449_1455/search_buf_76-226521_103-227459.foo.c
492_1449_1455/search_buf_67-225821_80-226715.foo.c,492_1449_1455/search_buf_76-226521_80-226715.foo.c
492_1449_1455/search_buf_67-225821_80-226715.foo.c,492_1449_1455/search_buf_76-226521_102-227401.foo.c
492_1449_1455/search_buf_67-225821_80-226715.foo.c,492_1449_1455/search_buf_76-226521_103-227459.foo.c
492_1449_1455/search_buf_76-226521_80-226715.foo.c,492_1449_1455/search_buf_76-226521_102-227401.foo.c
492_1449_1455/search_buf_76-226521_80-226715.foo.c,492_1449_1455/search_buf_76-226521_103-227459.foo.c
492_1449_1455/search_buf_76-226521_102-227401.foo.c,492_1449_1455/search_buf_76-226521_103-227459.foo.c
411_1427/add_ignore_pattern_159-181586_168-187394.foo.c,411_1427/add_ignore_pattern_159-181586_170-187513.foo.c
733_1507_1508_1509_1510_1511_1512/decompress_lzma_133-240670_145-240996.foo.c,733_1507_1508_1509_1510_1511_1512/decompress_lzma_133-240670_186-242364.foo.c
733_1507_1508_1509_1510_1511_1512/decompress_lzma_133-240670_145-240996.foo.c,733_1507_1508_1509_1510_1511_1512/decompress_lzma_133-240670_182-242296.foo.c
733_1507_1508_1509_1510_1511_1512/decompress_lzma_133-240670_145-240996.foo.c,733_1507_1508_1509_1510_1511_1512/decompress_lzma_133-240670_174-242169.foo.c
733_1507_1508_1509_1510_1511_1512/decompress_lzma_133-240670_145-240996.foo.c,733_1507_1508_1509_1510_1511_1512/decompress_lzma_133-240670_172-242131.foo.c
733_1507_1508_1509_1510_1511_1512/decompress_lzma_133-240670_145-240996.foo.c,733_1507_1508_1509_1510_1511_1512/decompress_lzma_133-240670_183-242318.foo.c
733_1507_1508_1509_1510_1511_1512/decompress_lzma_133-240670_186-242364.foo.c,733_1507_1508_1509_1510_1511_1512/decompress_lzma_133-240670_182-242296.foo.c
733_1507_1508_1509_1510_1511_1512/decompress_lzma_133-240670_186-242364.foo.c,733_1507_1508_1509_1510_1511_1512/decompress_lzma_133-240670_174-242169.foo.c
733_1507_1508_1509_1510_1511_1512/decompress_lzma_133-240670_186-242364.foo.c,733_1507_1508_1509_1510_1511_1512/decompress_lzma_133-240670_172-242131.foo.c
733_1507_1508_1509_1510_1511_1512/decompress_lzma_133-240670_186-242364.foo.c,733_1507_1508_1509_1510_1511_1512/decompress_lzma_133-240670_183-242318.foo.c
733_1507_1508_1509_1510_1511_1512/decompress_lzma_133-240670_182-242296.foo.c,733_1507_1508_1509_1510_1511_1512/decompress_lzma_133-240670_174-242169.foo.c
733_1507_1508_1509_1510_1511_1512/decompress_lzma_133-240670_182-242296.foo.c,733_1507_1508_1509_1510_1511_1512/decompress_lzma_133-240670_172-242131.foo.c
733_1507_1508_1509_1510_1511_1512/decompress_lzma_133-240670_182-242296.foo.c,733_1507_1508_1509_1510_1511_1512/decompress_lzma_133-240670_183-242318.foo.c
733_1507_1508_1509_1510_1511_1512/decompress_lzma_133-240670_174-242169.foo.c,733_1507_1508_1509_1510_1511_1512/decompress_lzma_133-240670_172-242131.foo.c
733_1507_1508_1509_1510_1511_1512/decompress_lzma_133-240670_174-242169.foo.c,733_1507_1508_1509_1510_1511_1512/decompress_lzma_133-240670_183-242318.foo.c
733_1507_1508_1509_1510_1511_1512/decompress_lzma_133-240670_172-242131.foo.c,733_1507_1508_1509_1510_1511_1512/decompress_lzma_133-240670_183-242318.foo.c
1158_1550_1552_1553_1554_1555_1556/decompress_zlib_38-235495_54-236674.foo.c,1158_1550_1552_1553_1554_1555_1556/decompress_zlib_32-235386_52-236638.foo.c
1158_1550_1552_1553_1554_1555_1556/decompress_zlib_38-235495_54-236674.foo.c,1158_1550_1552_1553_1554_1555_1556/decompress_zlib_39-235622_54-236674.foo.c
1158_1550_1552_1553_1554_1555_1556/decompress_zlib_38-235495_54-236674.foo.c,1158_1550_1552_1553_1554_1555_1556/decompress_zlib_32-235386_54-236674.foo.c
1158_1550_1552_1553_1554_1555_1556/decompress_zlib_38-235495_54-236674.foo.c,1158_1550_1552_1553_1554_1555_1556/decompress_zlib_40-235746_55-236704.foo.c
1158_1550_1552_1553_1554_1555_1556/decompress_zlib_38-235495_54-236674.foo.c,1158_1550_1552_1553_1554_1555_1556/decompress_zlib_39-235622_55-236704.foo.c
1158_1550_1552_1553_1554_1555_1556/decompress_zlib_38-235495_54-236674.foo.c,1158_1550_1552_1553_1554_1555_1556/decompress_zlib_38-235495_55-236704.foo.c
1158_1550_1552_1553_1554_1555_1556/decompress_zlib_32-235386_52-236638.foo.c,1158_1550_1552_1553_1554_1555_1556/decompress_zlib_39-235622_54-236674.foo.c
1158_1550_1552_1553_1554_1555_1556/decompress_zlib_32-235386_52-236638.foo.c,1158_1550_1552_1553_1554_1555_1556/decompress_zlib_32-235386_54-236674.foo.c
1158_1550_1552_1553_1554_1555_1556/decompress_zlib_32-235386_52-236638.foo.c,1158_1550_1552_1553_1554_1555_1556/decompress_zlib_40-235746_55-236704.foo.c
1158_1550_1552_1553_1554_1555_1556/decompress_zlib_32-235386_52-236638.foo.c,1158_1550_1552_1553_1554_1555_1556/decompress_zlib_39-235622_55-236704.foo.c
1158_1550_1552_1553_1554_1555_1556/decompress_zlib_32-235386_52-236638.foo.c,1158_1550_1552_1553_1554_1555_1556/decompress_zlib_38-235495_55-236704.foo.c
1158_1550_1552_1553_1554_1555_1556/decompress_zlib_39-235622_54-236674.foo.c,1158_1550_1552_1553_1554_1555_1556/decompress_zlib_32-235386_54-236674.foo.c
1158_1550_1552_1553_1554_1555_1556/decompress_zlib_39-235622_54-236674.foo.c,1158_1550_1552_1553_1554_1555_1556/decompress_zlib_40-235746_55-236704.foo.c
1158_1550_1552_1553_1554_1555_1556/decompress_zlib_39-235622_54-236674.foo.c,1158_1550_1552_1553_1554_1555_1556/decompress_zlib_39-235622_55-236704.foo.c
1158_1550_1552_1553_1554_1555_1556/decompress_zlib_39-235622_54-236674.foo.c,1158_1550_1552_1553_1554_1555_1556/decompress_zlib_38-235495_55-236704.foo.c
1158_1550_1552_1553_1554_1555_1556/decompress_zlib_32-235386_54-236674.foo.c,1158_1550_1552_1553_1554_1555_1556/decompress_zlib_40-235746_55-236704.foo.c
1158_1550_1552_1553_1554_1555_1556/decompress_zlib_32-235386_54-236674.foo.c,1158_1550_1552_1553_1554_1555_1556/decompress_zlib_39-235622_55-236704.foo.c
1158_1550_1552_1553_1554_1555_1556/decompress_zlib_32-235386_54-236674.foo.c,1158_1550_1552_1553_1554_1555_1556/decompress_zlib_38-235495_55-236704.foo.c
1158_1550_1552_1553_1554_1555_1556/decompress_zlib_40-235746_55-236704.foo.c,1158_1550_1552_1553_1554_1555_1556/decompress_zlib_39-235622_55-236704.foo.c
1158_1550_1552_1553_1554_1555_1556/decompress_zlib_40-235746_55-236704.foo.c,1158_1550_1552_1553_1554_1555_1556/decompress_zlib_38-235495_55-236704.foo.c
1158_1550_1552_1553_1554_1555_1556/decompress_zlib_39-235622_55-236704.foo.c,1158_1550_1552_1553_1554_1555_1556/decompress_zlib_38-235495_55-236704.foo.c
249_1391/search_file_262-233300_392-238733.foo.c,249_1391/search_file_262-233300_358-237135.foo.c
249_1391/search_file_262-233300_392-238733.foo.c,249_1391/search_file_262-233300_414-239165.foo.c
249_1391/search_file_262-233300_358-237135.foo.c,249_1391/search_file_262-233300_414-239165.foo.c
851_1523_1525/decompress_zlib_29-235182_98-239076.foo.c,851_1523_1525/decompress_zlib_29-235182_99-239098.foo.c
757_1511/main_91-229293_104-229951.foo.c,757_1511/main_91-229293_107-230227.foo.c
737_1508_1509_1511/decompress_zlib_32-235386_99-239098.foo.c,737_1508_1509_1511/decompress_zlib_31-235358_98-239076.foo.c
515_1465_1466_1467_1468_1469/search_file_264-233338_322-236575.foo.c,515_1465_1466_1467_1468_1469/search_file_263-233317_301-235332.foo.c
515_1465_1466_1467_1468_1469/search_file_264-233338_322-236575.foo.c,515_1465_1466_1467_1468_1469/search_file_263-233317_322-236575.foo.c
515_1465_1466_1467_1468_1469/search_file_264-233338_322-236575.foo.c,515_1465_1466_1467_1468_1469/search_file_263-233317_296-235212.foo.c
515_1465_1466_1467_1468_1469/search_file_264-233338_322-236575.foo.c,515_1465_1466_1467_1468_1469/search_file_263-233317_288-234810.foo.c
515_1465_1466_1467_1468_1469/search_file_264-233338_322-236575.foo.c,515_1465_1466_1467_1468_1469/search_file_263-233317_324-236605.foo.c
515_1465_1466_1467_1468_1469/search_file_264-233338_322-236575.foo.c,515_1465_1466_1467_1468_1469/search_file_263-233317_333-236922.foo.c
515_1465_1466_1467_1468_1469/search_file_264-233338_322-236575.foo.c,515_1465_1466_1467_1468_1469/search_file_263-233317_314-236214.foo.c
515_1465_1466_1467_1468_1469/search_file_264-233338_322-236575.foo.c,515_1465_1466_1467_1468_1469/search_file_263-233317_307-235513.foo.c
515_1465_1466_1467_1468_1469/search_file_263-233317_301-235332.foo.c,515_1465_1466_1467_1468_1469/search_file_263-233317_322-236575.foo.c
515_1465_1466_1467_1468_1469/search_file_263-233317_301-235332.foo.c,515_1465_1466_1467_1468_1469/search_file_263-233317_296-235212.foo.c
515_1465_1466_1467_1468_1469/search_file_263-233317_301-235332.foo.c,515_1465_1466_1467_1468_1469/search_file_263-233317_288-234810.foo.c
515_1465_1466_1467_1468_1469/search_file_263-233317_301-235332.foo.c,515_1465_1466_1467_1468_1469/search_file_263-233317_324-236605.foo.c
515_1465_1466_1467_1468_1469/search_file_263-233317_301-235332.foo.c,515_1465_1466_1467_1468_1469/search_file_263-233317_333-236922.foo.c
515_1465_1466_1467_1468_1469/search_file_263-233317_301-235332.foo.c,515_1465_1466_1467_1468_1469/search_file_263-233317_314-236214.foo.c
515_1465_1466_1467_1468_1469/search_file_263-233317_301-235332.foo.c,515_1465_1466_1467_1468_1469/search_file_263-233317_307-235513.foo.c
515_1465_1466_1467_1468_1469/search_file_263-233317_322-236575.foo.c,515_1465_1466_1467_1468_1469/search_file_263-233317_296-235212.foo.c
515_1465_1466_1467_1468_1469/search_file_263-233317_322-236575.foo.c,515_1465_1466_1467_1468_1469/search_file_263-233317_288-234810.foo.c
515_1465_1466_1467_1468_1469/search_file_263-233317_322-236575.foo.c,515_1465_1466_1467_1468_1469/search_file_263-233317_324-236605.foo.c
515_1465_1466_1467_1468_1469/search_file_263-233317_322-236575.foo.c,515_1465_1466_1467_1468_1469/search_file_263-233317_333-236922.foo.c
515_1465_1466_1467_1468_1469/search_file_263-233317_322-236575.foo.c,515_1465_1466_1467_1468_1469/search_file_263-233317_314-236214.foo.c
515_1465_1466_1467_1468_1469/search_file_263-233317_322-236575.foo.c,515_1465_1466_1467_1468_1469/search_file_263-233317_307-235513.foo.c
515_1465_1466_1467_1468_1469/search_file_263-233317_296-235212.foo.c,515_1465_1466_1467_1468_1469/search_file_263-233317_288-234810.foo.c
515_1465_1466_1467_1468_1469/search_file_263-233317_296-235212.foo.c,515_1465_1466_1467_1468_1469/search_file_263-233317_324-236605.foo.c
515_1465_1466_1467_1468_1469/search_file_263-233317_296-235212.foo.c,515_1465_1466_1467_1468_1469/search_file_263-233317_333-236922.foo.c
515_1465_1466_1467_1468_1469/search_file_263-233317_296-235212.foo.c,515_1465_1466_1467_1468_1469/search_file_263-233317_314-236214.foo.c
515_1465_1466_1467_1468_1469/search_file_263-233317_296-235212.foo.c,515_1465_1466_1467_1468_1469/search_file_263-233317_307-235513.foo.c
515_1465_1466_1467_1468_1469/search_file_263-233317_288-234810.foo.c,515_1465_1466_1467_1468_1469/search_file_263-233317_324-236605.foo.c
515_1465_1466_1467_1468_1469/search_file_263-233317_288-234810.foo.c,515_1465_1466_1467_1468_1469/search_file_263-233317_333-236922.foo.c
515_1465_1466_1467_1468_1469/search_file_263-233317_288-234810.foo.c,515_1465_1466_1467_1468_1469/search_file_263-233317_314-236214.foo.c
515_1465_1466_1467_1468_1469/search_file_263-233317_288-234810.foo.c,515_1465_1466_1467_1468_1469/search_file_263-233317_307-235513.foo.c
515_1465_1466_1467_1468_1469/search_file_263-233317_324-236605.foo.c,515_1465_1466_1467_1468_1469/search_file_263-233317_333-236922.foo.c
515_1465_1466_1467_1468_1469/search_file_263-233317_324-236605.foo.c,515_1465_1466_1467_1468_1469/search_file_263-233317_314-236214.foo.c
515_1465_1466_1467_1468_1469/search_file_263-233317_324-236605.foo.c,515_1465_1466_1467_1468_1469/search_file_263-233317_307-235513.foo.c
515_1465_1466_1467_1468_1469/search_file_263-233317_333-236922.foo.c,515_1465_1466_1467_1468_1469/search_file_263-233317_314-236214.foo.c
515_1465_1466_1467_1468_1469/search_file_263-233317_333-236922.foo.c,515_1465_1466_1467_1468_1469/search_file_263-233317_307-235513.foo.c
515_1465_1466_1467_1468_1469/search_file_263-233317_314-236214.foo.c,515_1465_1466_1467_1468_1469/search_file_263-233317_307-235513.foo.c
428_1432_1439_1443_1444_1445_1446/search_buf_63-225775_80-226715.foo.c,428_1432_1439_1443_1444_1445_1446/search_buf_63-225775_104-227543.foo.c
428_1432_1439_1443_1444_1445_1446/search_buf_63-225775_80-226715.foo.c,428_1432_1439_1443_1444_1445_1446/search_buf_63-225775_103-227459.foo.c
428_1432_1439_1443_1444_1445_1446/search_buf_63-225775_80-226715.foo.c,428_1432_1439_1443_1444_1445_1446/search_buf_63-225775_102-227401.foo.c
428_1432_1439_1443_1444_1445_1446/search_buf_63-225775_104-227543.foo.c,428_1432_1439_1443_1444_1445_1446/search_buf_63-225775_103-227459.foo.c
428_1432_1439_1443_1444_1445_1446/search_buf_63-225775_104-227543.foo.c,428_1432_1439_1443_1444_1445_1446/search_buf_63-225775_102-227401.foo.c
428_1432_1439_1443_1444_1445_1446/search_buf_63-225775_103-227459.foo.c,428_1432_1439_1443_1444_1445_1446/search_buf_63-225775_102-227401.foo.c
731_1502/decompress_zlib_54-236674_93-238915.foo.c,731_1502/decompress_zlib_52-236638_90-238852.foo.c
731_1502/decompress_zlib_54-236674_93-238915.foo.c,731_1502/decompress_zlib_55-236704_99-239098.foo.c
731_1502/decompress_zlib_54-236674_93-238915.foo.c,731_1502/decompress_zlib_54-236674_56-236768.foo.c
731_1502/decompress_zlib_54-236674_93-238915.foo.c,731_1502/decompress_zlib_52-236638_99-239098.foo.c
731_1502/decompress_zlib_54-236674_93-238915.foo.c,731_1502/decompress_zlib_54-236674_98-239076.foo.c
731_1502/decompress_zlib_54-236674_93-238915.foo.c,731_1502/decompress_zlib_55-236704_90-238852.foo.c
731_1502/decompress_zlib_54-236674_93-238915.foo.c,731_1502/decompress_zlib_54-236674_99-239098.foo.c
731_1502/decompress_zlib_54-236674_93-238915.foo.c,731_1502/decompress_zlib_55-236704_93-238915.foo.c
731_1502/decompress_zlib_54-236674_93-238915.foo.c,731_1502/decompress_zlib_52-236638_98-239076.foo.c
731_1502/decompress_zlib_54-236674_93-238915.foo.c,731_1502/decompress_zlib_52-236638_56-236768.foo.c
731_1502/decompress_zlib_54-236674_93-238915.foo.c,731_1502/decompress_zlib_55-236704_98-239076.foo.c
731_1502/decompress_zlib_54-236674_93-238915.foo.c,731_1502/decompress_zlib_52-236638_93-238915.foo.c
731_1502/decompress_zlib_54-236674_93-238915.foo.c,731_1502/decompress_zlib_54-236674_90-238852.foo.c
731_1502/decompress_zlib_54-236674_93-238915.foo.c,731_1502/decompress_zlib_55-236704_56-236768.foo.c
731_1502/decompress_zlib_52-236638_90-238852.foo.c,731_1502/decompress_zlib_55-236704_99-239098.foo.c
731_1502/decompress_zlib_52-236638_90-238852.foo.c,731_1502/decompress_zlib_54-236674_56-236768.foo.c
731_1502/decompress_zlib_52-236638_90-238852.foo.c,731_1502/decompress_zlib_52-236638_99-239098.foo.c
731_1502/decompress_zlib_52-236638_90-238852.foo.c,731_1502/decompress_zlib_54-236674_98-239076.foo.c
731_1502/decompress_zlib_52-236638_90-238852.foo.c,731_1502/decompress_zlib_55-236704_90-238852.foo.c
731_1502/decompress_zlib_52-236638_90-238852.foo.c,731_1502/decompress_zlib_54-236674_99-239098.foo.c
731_1502/decompress_zlib_52-236638_90-238852.foo.c,731_1502/decompress_zlib_55-236704_93-238915.foo.c
731_1502/decompress_zlib_52-236638_90-238852.foo.c,731_1502/decompress_zlib_52-236638_98-239076.foo.c
731_1502/decompress_zlib_52-236638_90-238852.foo.c,731_1502/decompress_zlib_52-236638_56-236768.foo.c
731_1502/decompress_zlib_52-236638_90-238852.foo.c,731_1502/decompress_zlib_55-236704_98-239076.foo.c
731_1502/decompress_zlib_52-236638_90-238852.foo.c,731_1502/decompress_zlib_52-236638_93-238915.foo.c
731_1502/decompress_zlib_52-236638_90-238852.foo.c,731_1502/decompress_zlib_54-236674_90-238852.foo.c
731_1502/decompress_zlib_52-236638_90-238852.foo.c,731_1502/decompress_zlib_55-236704_56-236768.foo.c
731_1502/decompress_zlib_55-236704_99-239098.foo.c,731_1502/decompress_zlib_54-236674_56-236768.foo.c
731_1502/decompress_zlib_55-236704_99-239098.foo.c,731_1502/decompress_zlib_52-236638_99-239098.foo.c
731_1502/decompress_zlib_55-236704_99-239098.foo.c,731_1502/decompress_zlib_54-236674_98-239076.foo.c
731_1502/decompress_zlib_55-236704_99-239098.foo.c,731_1502/decompress_zlib_55-236704_90-238852.foo.c
731_1502/decompress_zlib_55-236704_99-239098.foo.c,731_1502/decompress_zlib_54-236674_99-239098.foo.c
731_1502/decompress_zlib_55-236704_99-239098.foo.c,731_1502/decompress_zlib_55-236704_93-238915.foo.c
731_1502/decompress_zlib_55-236704_99-239098.foo.c,731_1502/decompress_zlib_52-236638_98-239076.foo.c
731_1502/decompress_zlib_55-236704_99-239098.foo.c,731_1502/decompress_zlib_52-236638_56-236768.foo.c
731_1502/decompress_zlib_55-236704_99-239098.foo.c,731_1502/decompress_zlib_55-236704_98-239076.foo.c
731_1502/decompress_zlib_55-236704_99-239098.foo.c,731_1502/decompress_zlib_52-236638_93-238915.foo.c
731_1502/decompress_zlib_55-236704_99-239098.foo.c,731_1502/decompress_zlib_54-236674_90-238852.foo.c
731_1502/decompress_zlib_55-236704_99-239098.foo.c,731_1502/decompress_zlib_55-236704_56-236768.foo.c
731_1502/decompress_zlib_54-236674_56-236768.foo.c,731_1502/decompress_zlib_52-236638_99-239098.foo.c
731_1502/decompress_zlib_54-236674_56-236768.foo.c,731_1502/decompress_zlib_54-236674_98-239076.foo.c
731_1502/decompress_zlib_54-236674_56-236768.foo.c,731_1502/decompress_zlib_55-236704_90-238852.foo.c
731_1502/decompress_zlib_54-236674_56-236768.foo.c,731_1502/decompress_zlib_54-236674_99-239098.foo.c
731_1502/decompress_zlib_54-236674_56-236768.foo.c,731_1502/decompress_zlib_55-236704_93-238915.foo.c
731_1502/decompress_zlib_54-236674_56-236768.foo.c,731_1502/decompress_zlib_52-236638_98-239076.foo.c
731_1502/decompress_zlib_54-236674_56-236768.foo.c,731_1502/decompress_zlib_52-236638_56-236768.foo.c
731_1502/decompress_zlib_54-236674_56-236768.foo.c,731_1502/decompress_zlib_55-236704_98-239076.foo.c
731_1502/decompress_zlib_54-236674_56-236768.foo.c,731_1502/decompress_zlib_52-236638_93-238915.foo.c
731_1502/decompress_zlib_54-236674_56-236768.foo.c,731_1502/decompress_zlib_54-236674_90-238852.foo.c
731_1502/decompress_zlib_54-236674_56-236768.foo.c,731_1502/decompress_zlib_55-236704_56-236768.foo.c
731_1502/decompress_zlib_52-236638_99-239098.foo.c,731_1502/decompress_zlib_54-236674_98-239076.foo.c
731_1502/decompress_zlib_52-236638_99-239098.foo.c,731_1502/decompress_zlib_55-236704_90-238852.foo.c
731_1502/decompress_zlib_52-236638_99-239098.foo.c,731_1502/decompress_zlib_54-236674_99-239098.foo.c
731_1502/decompress_zlib_52-236638_99-239098.foo.c,731_1502/decompress_zlib_55-236704_93-238915.foo.c
731_1502/decompress_zlib_52-236638_99-239098.foo.c,731_1502/decompress_zlib_52-236638_98-239076.foo.c
731_1502/decompress_zlib_52-236638_99-239098.foo.c,731_1502/decompress_zlib_52-236638_56-236768.foo.c
731_1502/decompress_zlib_52-236638_99-239098.foo.c,731_1502/decompress_zlib_55-236704_98-239076.foo.c
731_1502/decompress_zlib_52-236638_99-239098.foo.c,731_1502/decompress_zlib_52-236638_93-238915.foo.c
731_1502/decompress_zlib_52-236638_99-239098.foo.c,731_1502/decompress_zlib_54-236674_90-238852.foo.c
731_1502/decompress_zlib_52-236638_99-239098.foo.c,731_1502/decompress_zlib_55-236704_56-236768.foo.c
731_1502/decompress_zlib_54-236674_98-239076.foo.c,731_1502/decompress_zlib_55-236704_90-238852.foo.c
731_1502/decompress_zlib_54-236674_98-239076.foo.c,731_1502/decompress_zlib_54-236674_99-239098.foo.c
731_1502/decompress_zlib_54-236674_98-239076.foo.c,731_1502/decompress_zlib_55-236704_93-238915.foo.c
731_1502/decompress_zlib_54-236674_98-239076.foo.c,731_1502/decompress_zlib_52-236638_98-239076.foo.c
731_1502/decompress_zlib_54-236674_98-239076.foo.c,731_1502/decompress_zlib_52-236638_56-236768.foo.c
731_1502/decompress_zlib_54-236674_98-239076.foo.c,731_1502/decompress_zlib_55-236704_98-239076.foo.c
731_1502/decompress_zlib_54-236674_98-239076.foo.c,731_1502/decompress_zlib_52-236638_93-238915.foo.c
731_1502/decompress_zlib_54-236674_98-239076.foo.c,731_1502/decompress_zlib_54-236674_90-238852.foo.c
731_1502/decompress_zlib_54-236674_98-239076.foo.c,731_1502/decompress_zlib_55-236704_56-236768.foo.c
731_1502/decompress_zlib_55-236704_90-238852.foo.c,731_1502/decompress_zlib_54-236674_99-239098.foo.c
731_1502/decompress_zlib_55-236704_90-238852.foo.c,731_1502/decompress_zlib_55-236704_93-238915.foo.c
731_1502/decompress_zlib_55-236704_90-238852.foo.c,731_1502/decompress_zlib_52-236638_98-239076.foo.c
731_1502/decompress_zlib_55-236704_90-238852.foo.c,731_1502/decompress_zlib_52-236638_56-236768.foo.c
731_1502/decompress_zlib_55-236704_90-238852.foo.c,731_1502/decompress_zlib_55-236704_98-239076.foo.c
731_1502/decompress_zlib_55-236704_90-238852.foo.c,731_1502/decompress_zlib_52-236638_93-238915.foo.c
731_1502/decompress_zlib_55-236704_90-238852.foo.c,731_1502/decompress_zlib_54-236674_90-238852.foo.c
731_1502/decompress_zlib_55-236704_90-238852.foo.c,731_1502/decompress_zlib_55-236704_56-236768.foo.c
731_1502/decompress_zlib_54-236674_99-239098.foo.c,731_1502/decompress_zlib_55-236704_93-238915.foo.c
731_1502/decompress_zlib_54-236674_99-239098.foo.c,731_1502/decompress_zlib_52-236638_98-239076.foo.c
731_1502/decompress_zlib_54-236674_99-239098.foo.c,731_1502/decompress_zlib_52-236638_56-236768.foo.c
731_1502/decompress_zlib_54-236674_99-239098.foo.c,731_1502/decompress_zlib_55-236704_98-239076.foo.c
731_1502/decompress_zlib_54-236674_99-239098.foo.c,731_1502/decompress_zlib_52-236638_93-238915.foo.c
731_1502/decompress_zlib_54-236674_99-239098.foo.c,731_1502/decompress_zlib_54-236674_90-238852.foo.c
731_1502/decompress_zlib_54-236674_99-239098.foo.c,731_1502/decompress_zlib_55-236704_56-236768.foo.c
731_1502/decompress_zlib_55-236704_93-238915.foo.c,731_1502/decompress_zlib_52-236638_98-239076.foo.c
731_1502/decompress_zlib_55-236704_93-238915.foo.c,731_1502/decompress_zlib_52-236638_56-236768.foo.c
731_1502/decompress_zlib_55-236704_93-238915.foo.c,731_1502/decompress_zlib_55-236704_98-239076.foo.c
731_1502/decompress_zlib_55-236704_93-238915.foo.c,731_1502/decompress_zlib_52-236638_93-238915.foo.c
731_1502/decompress_zlib_55-236704_93-238915.foo.c,731_1502/decompress_zlib_54-236674_90-238852.foo.c
731_1502/decompress_zlib_55-236704_93-238915.foo.c,731_1502/decompress_zlib_55-236704_56-236768.foo.c
731_1502/decompress_zlib_52-236638_98-239076.foo.c,731_1502/decompress_zlib_52-236638_56-236768.foo.c
731_1502/decompress_zlib_52-236638_98-239076.foo.c,731_1502/decompress_zlib_55-236704_98-239076.foo.c
731_1502/decompress_zlib_52-236638_98-239076.foo.c,731_1502/decompress_zlib_52-236638_93-238915.foo.c
731_1502/decompress_zlib_52-236638_98-239076.foo.c,731_1502/decompress_zlib_54-236674_90-238852.foo.c
731_1502/decompress_zlib_52-236638_98-239076.foo.c,731_1502/decompress_zlib_55-236704_56-236768.foo.c
731_1502/decompress_zlib_52-236638_56-236768.foo.c,731_1502/decompress_zlib_55-236704_98-239076.foo.c
731_1502/decompress_zlib_52-236638_56-236768.foo.c,731_1502/decompress_zlib_52-236638_93-238915.foo.c
731_1502/decompress_zlib_52-236638_56-236768.foo.c,731_1502/decompress_zlib_54-236674_90-238852.foo.c
731_1502/decompress_zlib_52-236638_56-236768.foo.c,731_1502/decompress_zlib_55-236704_56-236768.foo.c
731_1502/decompress_zlib_55-236704_98-239076.foo.c,731_1502/decompress_zlib_52-236638_93-238915.foo.c
731_1502/decompress_zlib_55-236704_98-239076.foo.c,731_1502/decompress_zlib_54-236674_90-238852.foo.c
731_1502/decompress_zlib_55-236704_98-239076.foo.c,731_1502/decompress_zlib_55-236704_56-236768.foo.c
731_1502/decompress_zlib_52-236638_93-238915.foo.c,731_1502/decompress_zlib_54-236674_90-238852.foo.c
731_1502/decompress_zlib_52-236638_93-238915.foo.c,731_1502/decompress_zlib_55-236704_56-236768.foo.c
731_1502/decompress_zlib_54-236674_90-238852.foo.c,731_1502/decompress_zlib_55-236704_56-236768.foo.c
959_1540_1542/fgetln_560-212383_584-213306.foo.c,959_1540_1542/fgetln_560-212383_563-212433.foo.c
959_1540_1542/fgetln_560-212383_584-213306.foo.c,959_1540_1542/fgetln_560-212383_583-213289.foo.c
959_1540_1542/fgetln_560-212383_563-212433.foo.c,959_1540_1542/fgetln_560-212383_583-213289.foo.c
492_1450_1458_1459_1461_1463_1464_1465/load_ignore_patterns_182-187971_186-188143.foo.c,492_1450_1458_1459_1461_1463_1464_1465/load_ignore_patterns_182-187971_198-188466.foo.c
314_1403/filename_filter_315-205502_339-212482.foo.c,314_1403/filename_filter_315-205502_349-213122.foo.c
314_1403/filename_filter_315-205502_339-212482.foo.c,314_1403/filename_filter_315-205502_382-214196.foo.c
314_1403/filename_filter_315-205502_349-213122.foo.c,314_1403/filename_filter_315-205502_382-214196.foo.c
844_1520_1522_1523/decompress_zlib_30-235199_98-239076.foo.c,844_1520_1522_1523/decompress_zlib_30-235199_99-239098.foo.c
1327_1571_1572_1573_1574_1575_1576_1577/print_init_context_40-222981_48-223361.foo.c,1327_1571_1572_1573_1574_1575_1576_1577/print_init_context_40-222981_50-223431.foo.c
1327_1571_1572_1573_1574_1575_1576_1577/print_init_context_40-222981_48-223361.foo.c,1327_1571_1572_1573_1574_1575_1576_1577/print_init_context_40-222981_49-223395.foo.c
1327_1571_1572_1573_1574_1575_1576_1577/print_init_context_40-222981_50-223431.foo.c,1327_1571_1572_1573_1574_1575_1576_1577/print_init_context_40-222981_49-223395.foo.c
513/search_file_264-233338_301-235332.foo.c,513/search_file_264-233338_288-234810.foo.c
513/search_file_264-233338_301-235332.foo.c,513/search_file_264-233338_296-235212.foo.c
513/search_file_264-233338_301-235332.foo.c,513/search_file_264-233338_314-236214.foo.c
513/search_file_264-233338_301-235332.foo.c,513/search_file_264-233338_333-236922.foo.c
513/search_file_264-233338_301-235332.foo.c,513/search_file_264-233338_324-236605.foo.c
513/search_file_264-233338_301-235332.foo.c,513/search_file_264-233338_307-235513.foo.c
513/search_file_264-233338_288-234810.foo.c,513/search_file_264-233338_296-235212.foo.c
513/search_file_264-233338_288-234810.foo.c,513/search_file_264-233338_314-236214.foo.c
513/search_file_264-233338_288-234810.foo.c,513/search_file_264-233338_333-236922.foo.c
513/search_file_264-233338_288-234810.foo.c,513/search_file_264-233338_324-236605.foo.c
513/search_file_264-233338_288-234810.foo.c,513/search_file_264-233338_307-235513.foo.c
513/search_file_264-233338_296-235212.foo.c,513/search_file_264-233338_314-236214.foo.c
513/search_file_264-233338_296-235212.foo.c,513/search_file_264-233338_333-236922.foo.c
513/search_file_264-233338_296-235212.foo.c,513/search_file_264-233338_324-236605.foo.c
513/search_file_264-233338_296-235212.foo.c,513/search_file_264-233338_307-235513.foo.c
513/search_file_264-233338_314-236214.foo.c,513/search_file_264-233338_333-236922.foo.c
513/search_file_264-233338_314-236214.foo.c,513/search_file_264-233338_324-236605.foo.c
513/search_file_264-233338_314-236214.foo.c,513/search_file_264-233338_307-235513.foo.c
513/search_file_264-233338_333-236922.foo.c,513/search_file_264-233338_324-236605.foo.c
513/search_file_264-233338_333-236922.foo.c,513/search_file_264-233338_307-235513.foo.c
513/search_file_264-233338_324-236605.foo.c,513/search_file_264-233338_307-235513.foo.c
1355_1582_1583/init_options_156-234936_171-235224.foo.c,1355_1582_1583/init_options_157-234965_171-235224.foo.c
1229_1560_1561_1562_1563_1564_1565_1566/decompress_zlib_61-236877_74-237735.foo.c,1229_1560_1561_1562_1563_1564_1565_1566/decompress_zlib_62-236969_57-236781.foo.c
1229_1560_1561_1562_1563_1564_1565_1566/decompress_zlib_61-236877_74-237735.foo.c,1229_1560_1561_1562_1563_1564_1565_1566/decompress_zlib_61-236877_57-236781.foo.c
1229_1560_1561_1562_1563_1564_1565_1566/decompress_zlib_62-236969_57-236781.foo.c,1229_1560_1561_1562_1563_1564_1565_1566/decompress_zlib_61-236877_57-236781.foo.c
515_1465_1466_1467_1468/search_file_264-233338_322-236575.foo.c,515_1465_1466_1467_1468/search_file_263-233317_301-235332.foo.c
515_1465_1466_1467_1468/search_file_264-233338_322-236575.foo.c,515_1465_1466_1467_1468/search_file_263-233317_322-236575.foo.c
515_1465_1466_1467_1468/search_file_264-233338_322-236575.foo.c,515_1465_1466_1467_1468/search_file_263-233317_296-235212.foo.c
515_1465_1466_1467_1468/search_file_264-233338_322-236575.foo.c,515_1465_1466_1467_1468/search_file_263-233317_288-234810.foo.c
515_1465_1466_1467_1468/search_file_264-233338_322-236575.foo.c,515_1465_1466_1467_1468/search_file_263-233317_324-236605.foo.c
515_1465_1466_1467_1468/search_file_264-233338_322-236575.foo.c,515_1465_1466_1467_1468/search_file_263-233317_333-236922.foo.c
515_1465_1466_1467_1468/search_file_264-233338_322-236575.foo.c,515_1465_1466_1467_1468/search_file_263-233317_314-236214.foo.c
515_1465_1466_1467_1468/search_file_264-233338_322-236575.foo.c,515_1465_1466_1467_1468/search_file_263-233317_307-235513.foo.c
515_1465_1466_1467_1468/search_file_263-233317_301-235332.foo.c,515_1465_1466_1467_1468/search_file_263-233317_322-236575.foo.c
515_1465_1466_1467_1468/search_file_263-233317_301-235332.foo.c,515_1465_1466_1467_1468/search_file_263-233317_296-235212.foo.c
515_1465_1466_1467_1468/search_file_263-233317_301-235332.foo.c,515_1465_1466_1467_1468/search_file_263-233317_288-234810.foo.c
515_1465_1466_1467_1468/search_file_263-233317_301-235332.foo.c,515_1465_1466_1467_1468/search_file_263-233317_324-236605.foo.c
515_1465_1466_1467_1468/search_file_263-233317_301-235332.foo.c,515_1465_1466_1467_1468/search_file_263-233317_333-236922.foo.c
515_1465_1466_1467_1468/search_file_263-233317_301-235332.foo.c,515_1465_1466_1467_1468/search_file_263-233317_314-236214.foo.c
515_1465_1466_1467_1468/search_file_263-233317_301-235332.foo.c,515_1465_1466_1467_1468/search_file_263-233317_307-235513.foo.c
515_1465_1466_1467_1468/search_file_263-233317_322-236575.foo.c,515_1465_1466_1467_1468/search_file_263-233317_296-235212.foo.c
515_1465_1466_1467_1468/search_file_263-233317_322-236575.foo.c,515_1465_1466_1467_1468/search_file_263-233317_288-234810.foo.c
515_1465_1466_1467_1468/search_file_263-233317_322-236575.foo.c,515_1465_1466_1467_1468/search_file_263-233317_324-236605.foo.c
515_1465_1466_1467_1468/search_file_263-233317_322-236575.foo.c,515_1465_1466_1467_1468/search_file_263-233317_333-236922.foo.c
515_1465_1466_1467_1468/search_file_263-233317_322-236575.foo.c,515_1465_1466_1467_1468/search_file_263-233317_314-236214.foo.c
515_1465_1466_1467_1468/search_file_263-233317_322-236575.foo.c,515_1465_1466_1467_1468/search_file_263-233317_307-235513.foo.c
515_1465_1466_1467_1468/search_file_263-233317_296-235212.foo.c,515_1465_1466_1467_1468/search_file_263-233317_288-234810.foo.c
515_1465_1466_1467_1468/search_file_263-233317_296-235212.foo.c,515_1465_1466_1467_1468/search_file_263-233317_324-236605.foo.c
515_1465_1466_1467_1468/search_file_263-233317_296-235212.foo.c,515_1465_1466_1467_1468/search_file_263-233317_333-236922.foo.c
515_1465_1466_1467_1468/search_file_263-233317_296-235212.foo.c,515_1465_1466_1467_1468/search_file_263-233317_314-236214.foo.c
515_1465_1466_1467_1468/search_file_263-233317_296-235212.foo.c,515_1465_1466_1467_1468/search_file_263-233317_307-235513.foo.c
515_1465_1466_1467_1468/search_file_263-233317_288-234810.foo.c,515_1465_1466_1467_1468/search_file_263-233317_324-236605.foo.c
515_1465_1466_1467_1468/search_file_263-233317_288-234810.foo.c,515_1465_1466_1467_1468/search_file_263-233317_333-236922.foo.c
515_1465_1466_1467_1468/search_file_263-233317_288-234810.foo.c,515_1465_1466_1467_1468/search_file_263-233317_314-236214.foo.c
515_1465_1466_1467_1468/search_file_263-233317_288-234810.foo.c,515_1465_1466_1467_1468/search_file_263-233317_307-235513.foo.c
515_1465_1466_1467_1468/search_file_263-233317_324-236605.foo.c,515_1465_1466_1467_1468/search_file_263-233317_333-236922.foo.c
515_1465_1466_1467_1468/search_file_263-233317_324-236605.foo.c,515_1465_1466_1467_1468/search_file_263-233317_314-236214.foo.c
515_1465_1466_1467_1468/search_file_263-233317_324-236605.foo.c,515_1465_1466_1467_1468/search_file_263-233317_307-235513.foo.c
515_1465_1466_1467_1468/search_file_263-233317_333-236922.foo.c,515_1465_1466_1467_1468/search_file_263-233317_314-236214.foo.c
515_1465_1466_1467_1468/search_file_263-233317_333-236922.foo.c,515_1465_1466_1467_1468/search_file_263-233317_307-235513.foo.c
515_1465_1466_1467_1468/search_file_263-233317_314-236214.foo.c,515_1465_1466_1467_1468/search_file_263-233317_307-235513.foo.c
851_1523_1524_1526/decompress_zlib_29-235182_56-236768.foo.c,851_1523_1524_1526/decompress_lzma_127-240113_129-240455.foo.c
851_1523_1524_1526/decompress_zlib_29-235182_56-236768.foo.c,851_1523_1524_1526/decompress_zlib_29-235182_93-238915.foo.c
851_1523_1524_1526/decompress_zlib_29-235182_56-236768.foo.c,851_1523_1524_1526/decompress_zlib_29-235182_90-238852.foo.c
851_1523_1524_1526/decompress_lzma_127-240113_129-240455.foo.c,851_1523_1524_1526/decompress_zlib_29-235182_93-238915.foo.c
851_1523_1524_1526/decompress_lzma_127-240113_129-240455.foo.c,851_1523_1524_1526/decompress_zlib_29-235182_90-238852.foo.c
851_1523_1524_1526/decompress_zlib_29-235182_93-238915.foo.c,851_1523_1524_1526/decompress_zlib_29-235182_90-238852.foo.c
732_1505_1508_1509_1510_1511/decompress_lzma_144-240932_172-242131.foo.c,732_1505_1508_1509_1510_1511/decompress_lzma_144-240932_174-242169.foo.c
732_1505_1508_1509_1510_1511/decompress_lzma_144-240932_172-242131.foo.c,732_1505_1508_1509_1510_1511/decompress_lzma_143-240902_174-242169.foo.c
732_1505_1508_1509_1510_1511/decompress_lzma_144-240932_172-242131.foo.c,732_1505_1508_1509_1510_1511/decompress_lzma_143-240902_172-242131.foo.c
732_1505_1508_1509_1510_1511/decompress_lzma_144-240932_172-242131.foo.c,732_1505_1508_1509_1510_1511/decompress_lzma_143-240902_183-242318.foo.c
732_1505_1508_1509_1510_1511/decompress_lzma_144-240932_172-242131.foo.c,732_1505_1508_1509_1510_1511/decompress_lzma_144-240932_183-242318.foo.c
732_1505_1508_1509_1510_1511/decompress_lzma_144-240932_172-242131.foo.c,732_1505_1508_1509_1510_1511/decompress_lzma_144-240932_145-240996.foo.c
732_1505_1508_1509_1510_1511/decompress_lzma_144-240932_172-242131.foo.c,732_1505_1508_1509_1510_1511/decompress_lzma_143-240902_186-242364.foo.c
732_1505_1508_1509_1510_1511/decompress_lzma_144-240932_172-242131.foo.c,732_1505_1508_1509_1510_1511/decompress_lzma_144-240932_186-242364.foo.c
732_1505_1508_1509_1510_1511/decompress_lzma_144-240932_172-242131.foo.c,732_1505_1508_1509_1510_1511/decompress_lzma_143-240902_145-240996.foo.c
732_1505_1508_1509_1510_1511/decompress_lzma_144-240932_172-242131.foo.c,732_1505_1508_1509_1510_1511/decompress_lzma_143-240902_182-242296.foo.c
732_1505_1508_1509_1510_1511/decompress_lzma_144-240932_172-242131.foo.c,732_1505_1508_1509_1510_1511/decompress_lzma_144-240932_182-242296.foo.c
732_1505_1508_1509_1510_1511/decompress_lzma_144-240932_174-242169.foo.c,732_1505_1508_1509_1510_1511/decompress_lzma_143-240902_174-242169.foo.c
732_1505_1508_1509_1510_1511/decompress_lzma_144-240932_174-242169.foo.c,732_1505_1508_1509_1510_1511/decompress_lzma_143-240902_172-242131.foo.c
732_1505_1508_1509_1510_1511/decompress_lzma_144-240932_174-242169.foo.c,732_1505_1508_1509_1510_1511/decompress_lzma_143-240902_183-242318.foo.c
732_1505_1508_1509_1510_1511/decompress_lzma_144-240932_174-242169.foo.c,732_1505_1508_1509_1510_1511/decompress_lzma_144-240932_183-242318.foo.c
732_1505_1508_1509_1510_1511/decompress_lzma_144-240932_174-242169.foo.c,732_1505_1508_1509_1510_1511/decompress_lzma_144-240932_145-240996.foo.c
732_1505_1508_1509_1510_1511/decompress_lzma_144-240932_174-242169.foo.c,732_1505_1508_1509_1510_1511/decompress_lzma_143-240902_186-242364.foo.c
732_1505_1508_1509_1510_1511/decompress_lzma_144-240932_174-242169.foo.c,732_1505_1508_1509_1510_1511/decompress_lzma_144-240932_186-242364.foo.c
732_1505_1508_1509_1510_1511/decompress_lzma_144-240932_174-242169.foo.c,732_1505_1508_1509_1510_1511/decompress_lzma_143-240902_145-240996.foo.c
732_1505_1508_1509_1510_1511/decompress_lzma_144-240932_174-242169.foo.c,732_1505_1508_1509_1510_1511/decompress_lzma_143-240902_182-242296.foo.c
732_1505_1508_1509_1510_1511/decompress_lzma_144-240932_174-242169.foo.c,732_1505_1508_1509_1510_1511/decompress_lzma_144-240932_182-242296.foo.c
732_1505_1508_1509_1510_1511/decompress_lzma_143-240902_174-242169.foo.c,732_1505_1508_1509_1510_1511/decompress_lzma_143-240902_172-242131.foo.c
732_1505_1508_1509_1510_1511/decompress_lzma_143-240902_174-242169.foo.c,732_1505_1508_1509_1510_1511/decompress_lzma_143-240902_183-242318.foo.c
732_1505_1508_1509_1510_1511/decompress_lzma_143-240902_174-242169.foo.c,732_1505_1508_1509_1510_1511/decompress_lzma_144-240932_183-242318.foo.c
732_1505_1508_1509_1510_1511/decompress_lzma_143-240902_174-242169.foo.c,732_1505_1508_1509_1510_1511/decompress_lzma_144-240932_145-240996.foo.c
732_1505_1508_1509_1510_1511/decompress_lzma_143-240902_174-242169.foo.c,732_1505_1508_1509_1510_1511/decompress_lzma_143-240902_186-242364.foo.c
732_1505_1508_1509_1510_1511/decompress_lzma_143-240902_174-242169.foo.c,732_1505_1508_1509_1510_1511/decompress_lzma_144-240932_186-242364.foo.c
732_1505_1508_1509_1510_1511/decompress_lzma_143-240902_174-242169.foo.c,732_1505_1508_1509_1510_1511/decompress_lzma_143-240902_145-240996.foo.c
732_1505_1508_1509_1510_1511/decompress_lzma_143-240902_174-242169.foo.c,732_1505_1508_1509_1510_1511/decompress_lzma_143-240902_182-242296.foo.c
732_1505_1508_1509_1510_1511/decompress_lzma_143-240902_174-242169.foo.c,732_1505_1508_1509_1510_1511/decompress_lzma_144-240932_182-242296.foo.c
732_1505_1508_1509_1510_1511/decompress_lzma_143-240902_172-242131.foo.c,732_1505_1508_1509_1510_1511/decompress_lzma_143-240902_183-242318.foo.c
732_1505_1508_1509_1510_1511/decompress_lzma_143-240902_172-242131.foo.c,732_1505_1508_1509_1510_1511/decompress_lzma_144-240932_183-242318.foo.c
732_1505_1508_1509_1510_1511/decompress_lzma_143-240902_172-242131.foo.c,732_1505_1508_1509_1510_1511/decompress_lzma_144-240932_145-240996.foo.c
732_1505_1508_1509_1510_1511/decompress_lzma_143-240902_172-242131.foo.c,732_1505_1508_1509_1510_1511/decompress_lzma_143-240902_186-242364.foo.c
732_1505_1508_1509_1510_1511/decompress_lzma_143-240902_172-242131.foo.c,732_1505_1508_1509_1510_1511/decompress_lzma_144-240932_186-242364.foo.c
732_1505_1508_1509_1510_1511/decompress_lzma_143-240902_172-242131.foo.c,732_1505_1508_1509_1510_1511/decompress_lzma_143-240902_145-240996.foo.c
732_1505_1508_1509_1510_1511/decompress_lzma_143-240902_172-242131.foo.c,732_1505_1508_1509_1510_1511/decompress_lzma_143-240902_182-242296.foo.c
732_1505_1508_1509_1510_1511/decompress_lzma_143-240902_172-242131.foo.c,732_1505_1508_1509_1510_1511/decompress_lzma_144-240932_182-242296.foo.c
732_1505_1508_1509_1510_1511/decompress_lzma_143-240902_183-242318.foo.c,732_1505_1508_1509_1510_1511/decompress_lzma_144-240932_183-242318.foo.c
732_1505_1508_1509_1510_1511/decompress_lzma_143-240902_183-242318.foo.c,732_1505_1508_1509_1510_1511/decompress_lzma_144-240932_145-240996.foo.c
732_1505_1508_1509_1510_1511/decompress_lzma_143-240902_183-242318.foo.c,732_1505_1508_1509_1510_1511/decompress_lzma_143-240902_186-242364.foo.c
732_1505_1508_1509_1510_1511/decompress_lzma_143-240902_183-242318.foo.c,732_1505_1508_1509_1510_1511/decompress_lzma_144-240932_186-242364.foo.c
732_1505_1508_1509_1510_1511/decompress_lzma_143-240902_183-242318.foo.c,732_1505_1508_1509_1510_1511/decompress_lzma_143-240902_145-240996.foo.c
732_1505_1508_1509_1510_1511/decompress_lzma_143-240902_183-242318.foo.c,732_1505_1508_1509_1510_1511/decompress_lzma_143-240902_182-242296.foo.c
732_1505_1508_1509_1510_1511/decompress_lzma_143-240902_183-242318.foo.c,732_1505_1508_1509_1510_1511/decompress_lzma_144-240932_182-242296.foo.c
732_1505_1508_1509_1510_1511/decompress_lzma_144-240932_183-242318.foo.c,732_1505_1508_1509_1510_1511/decompress_lzma_144-240932_145-240996.foo.c
732_1505_1508_1509_1510_1511/decompress_lzma_144-240932_183-242318.foo.c,732_1505_1508_1509_1510_1511/decompress_lzma_143-240902_186-242364.foo.c
732_1505_1508_1509_1510_1511/decompress_lzma_144-240932_183-242318.foo.c,732_1505_1508_1509_1510_1511/decompress_lzma_144-240932_186-242364.foo.c
732_1505_1508_1509_1510_1511/decompress_lzma_144-240932_183-242318.foo.c,732_1505_1508_1509_1510_1511/decompress_lzma_143-240902_145-240996.foo.c
732_1505_1508_1509_1510_1511/decompress_lzma_144-240932_183-242318.foo.c,732_1505_1508_1509_1510_1511/decompress_lzma_143-240902_182-242296.foo.c
732_1505_1508_1509_1510_1511/decompress_lzma_144-240932_183-242318.foo.c,732_1505_1508_1509_1510_1511/decompress_lzma_144-240932_182-242296.foo.c
732_1505_1508_1509_1510_1511/decompress_lzma_144-240932_145-240996.foo.c,732_1505_1508_1509_1510_1511/decompress_lzma_143-240902_186-242364.foo.c
732_1505_1508_1509_1510_1511/decompress_lzma_144-240932_145-240996.foo.c,732_1505_1508_1509_1510_1511/decompress_lzma_144-240932_186-242364.foo.c
732_1505_1508_1509_1510_1511/decompress_lzma_144-240932_145-240996.foo.c,732_1505_1508_1509_1510_1511/decompress_lzma_143-240902_145-240996.foo.c
732_1505_1508_1509_1510_1511/decompress_lzma_144-240932_145-240996.foo.c,732_1505_1508_1509_1510_1511/decompress_lzma_143-240902_182-242296.foo.c
732_1505_1508_1509_1510_1511/decompress_lzma_144-240932_145-240996.foo.c,732_1505_1508_1509_1510_1511/decompress_lzma_144-240932_182-242296.foo.c
732_1505_1508_1509_1510_1511/decompress_lzma_143-240902_186-242364.foo.c,732_1505_1508_1509_1510_1511/decompress_lzma_144-240932_186-242364.foo.c
732_1505_1508_1509_1510_1511/decompress_lzma_143-240902_186-242364.foo.c,732_1505_1508_1509_1510_1511/decompress_lzma_143-240902_145-240996.foo.c
732_1505_1508_1509_1510_1511/decompress_lzma_143-240902_186-242364.foo.c,732_1505_1508_1509_1510_1511/decompress_lzma_143-240902_182-242296.foo.c
732_1505_1508_1509_1510_1511/decompress_lzma_143-240902_186-242364.foo.c,732_1505_1508_1509_1510_1511/decompress_lzma_144-240932_182-242296.foo.c
732_1505_1508_1509_1510_1511/decompress_lzma_144-240932_186-242364.foo.c,732_1505_1508_1509_1510_1511/decompress_lzma_143-240902_145-240996.foo.c
732_1505_1508_1509_1510_1511/decompress_lzma_144-240932_186-242364.foo.c,732_1505_1508_1509_1510_1511/decompress_lzma_143-240902_182-242296.foo.c
732_1505_1508_1509_1510_1511/decompress_lzma_144-240932_186-242364.foo.c,732_1505_1508_1509_1510_1511/decompress_lzma_144-240932_182-242296.foo.c
732_1505_1508_1509_1510_1511/decompress_lzma_143-240902_145-240996.foo.c,732_1505_1508_1509_1510_1511/decompress_lzma_143-240902_182-242296.foo.c
732_1505_1508_1509_1510_1511/decompress_lzma_143-240902_145-240996.foo.c,732_1505_1508_1509_1510_1511/decompress_lzma_144-240932_182-242296.foo.c
732_1505_1508_1509_1510_1511/decompress_lzma_143-240902_182-242296.foo.c,732_1505_1508_1509_1510_1511/decompress_lzma_144-240932_182-242296.foo.c
517_1466_1467/search_file_262-233300_288-234810.foo.c,517_1466_1467/search_file_262-233300_296-235212.foo.c
517_1466_1467/search_file_262-233300_288-234810.foo.c,517_1466_1467/search_file_262-233300_322-236575.foo.c
517_1466_1467/search_file_262-233300_288-234810.foo.c,517_1466_1467/search_file_262-233300_301-235332.foo.c
517_1466_1467/search_file_262-233300_288-234810.foo.c,517_1466_1467/search_file_262-233300_307-235513.foo.c
517_1466_1467/search_file_262-233300_288-234810.foo.c,517_1466_1467/search_file_262-233300_314-236214.foo.c
517_1466_1467/search_file_262-233300_288-234810.foo.c,517_1466_1467/search_file_262-233300_333-236922.foo.c
517_1466_1467/search_file_262-233300_288-234810.foo.c,517_1466_1467/search_file_262-233300_324-236605.foo.c
517_1466_1467/search_file_262-233300_296-235212.foo.c,517_1466_1467/search_file_262-233300_322-236575.foo.c
517_1466_1467/search_file_262-233300_296-235212.foo.c,517_1466_1467/search_file_262-233300_301-235332.foo.c
517_1466_1467/search_file_262-233300_296-235212.foo.c,517_1466_1467/search_file_262-233300_307-235513.foo.c
517_1466_1467/search_file_262-233300_296-235212.foo.c,517_1466_1467/search_file_262-233300_314-236214.foo.c
517_1466_1467/search_file_262-233300_296-235212.foo.c,517_1466_1467/search_file_262-233300_333-236922.foo.c
517_1466_1467/search_file_262-233300_296-235212.foo.c,517_1466_1467/search_file_262-233300_324-236605.foo.c
517_1466_1467/search_file_262-233300_322-236575.foo.c,517_1466_1467/search_file_262-233300_301-235332.foo.c
517_1466_1467/search_file_262-233300_322-236575.foo.c,517_1466_1467/search_file_262-233300_307-235513.foo.c
517_1466_1467/search_file_262-233300_322-236575.foo.c,517_1466_1467/search_file_262-233300_314-236214.foo.c
517_1466_1467/search_file_262-233300_322-236575.foo.c,517_1466_1467/search_file_262-233300_333-236922.foo.c
517_1466_1467/search_file_262-233300_322-236575.foo.c,517_1466_1467/search_file_262-233300_324-236605.foo.c
517_1466_1467/search_file_262-233300_301-235332.foo.c,517_1466_1467/search_file_262-233300_307-235513.foo.c
517_1466_1467/search_file_262-233300_301-235332.foo.c,517_1466_1467/search_file_262-233300_314-236214.foo.c
517_1466_1467/search_file_262-233300_301-235332.foo.c,517_1466_1467/search_file_262-233300_333-236922.foo.c
517_1466_1467/search_file_262-233300_301-235332.foo.c,517_1466_1467/search_file_262-233300_324-236605.foo.c
517_1466_1467/search_file_262-233300_307-235513.foo.c,517_1466_1467/search_file_262-233300_314-236214.foo.c
517_1466_1467/search_file_262-233300_307-235513.foo.c,517_1466_1467/search_file_262-233300_333-236922.foo.c
517_1466_1467/search_file_262-233300_307-235513.foo.c,517_1466_1467/search_file_262-233300_324-236605.foo.c
517_1466_1467/search_file_262-233300_314-236214.foo.c,517_1466_1467/search_file_262-233300_333-236922.foo.c
517_1466_1467/search_file_262-233300_314-236214.foo.c,517_1466_1467/search_file_262-233300_324-236605.foo.c
517_1466_1467/search_file_262-233300_333-236922.foo.c,517_1466_1467/search_file_262-233300_324-236605.foo.c
896_1527_1528_1529_1530/init_options_151-229067_167-235100.foo.c,896_1527_1528_1529_1530/init_options_153-234604_170-235194.foo.c
896_1527_1528_1529_1530/init_options_151-229067_167-235100.foo.c,896_1527_1528_1529_1530/init_options_153-234604_169-235152.foo.c
896_1527_1528_1529_1530/init_options_151-229067_167-235100.foo.c,896_1527_1528_1529_1530/init_options_152-229099_167-235100.foo.c
896_1527_1528_1529_1530/init_options_151-229067_167-235100.foo.c,896_1527_1528_1529_1530/init_options_148-228997_167-235100.foo.c
896_1527_1528_1529_1530/init_options_151-229067_167-235100.foo.c,896_1527_1528_1529_1530/init_options_153-234604_168-235126.foo.c
896_1527_1528_1529_1530/init_options_153-234604_170-235194.foo.c,896_1527_1528_1529_1530/init_options_153-234604_169-235152.foo.c
896_1527_1528_1529_1530/init_options_153-234604_170-235194.foo.c,896_1527_1528_1529_1530/init_options_152-229099_167-235100.foo.c
896_1527_1528_1529_1530/init_options_153-234604_170-235194.foo.c,896_1527_1528_1529_1530/init_options_148-228997_167-235100.foo.c
896_1527_1528_1529_1530/init_options_153-234604_170-235194.foo.c,896_1527_1528_1529_1530/init_options_153-234604_168-235126.foo.c
896_1527_1528_1529_1530/init_options_153-234604_169-235152.foo.c,896_1527_1528_1529_1530/init_options_152-229099_167-235100.foo.c
896_1527_1528_1529_1530/init_options_153-234604_169-235152.foo.c,896_1527_1528_1529_1530/init_options_148-228997_167-235100.foo.c
896_1527_1528_1529_1530/init_options_153-234604_169-235152.foo.c,896_1527_1528_1529_1530/init_options_153-234604_168-235126.foo.c
896_1527_1528_1529_1530/init_options_152-229099_167-235100.foo.c,896_1527_1528_1529_1530/init_options_148-228997_167-235100.foo.c
896_1527_1528_1529_1530/init_options_152-229099_167-235100.foo.c,896_1527_1528_1529_1530/init_options_153-234604_168-235126.foo.c
896_1527_1528_1529_1530/init_options_148-228997_167-235100.foo.c,896_1527_1528_1529_1530/init_options_153-234604_168-235126.foo.c
273_1393/search_file_295-235182_426-239497.foo.c,273_1393/search_file_307-235513_426-239497.foo.c
273_1393/search_file_295-235182_426-239497.foo.c,273_1393/search_file_324-236605_426-239497.foo.c
273_1393/search_file_295-235182_426-239497.foo.c,273_1393/search_file_296-235212_426-239497.foo.c
273_1393/search_file_295-235182_426-239497.foo.c,273_1393/search_file_301-235332_426-239497.foo.c
273_1393/search_file_307-235513_426-239497.foo.c,273_1393/search_file_324-236605_426-239497.foo.c
273_1393/search_file_307-235513_426-239497.foo.c,273_1393/search_file_296-235212_426-239497.foo.c
273_1393/search_file_307-235513_426-239497.foo.c,273_1393/search_file_301-235332_426-239497.foo.c
273_1393/search_file_324-236605_426-239497.foo.c,273_1393/search_file_296-235212_426-239497.foo.c
273_1393/search_file_324-236605_426-239497.foo.c,273_1393/search_file_301-235332_426-239497.foo.c
273_1393/search_file_296-235212_426-239497.foo.c,273_1393/search_file_301-235332_426-239497.foo.c
844_1520/decompress_zlib_30-235199_98-239076.foo.c,844_1520/decompress_zlib_30-235199_99-239098.foo.c
431_1439_1443_1445_1446_1447_1448/search_file_270-233639_295-235182.foo.c,431_1439_1443_1445_1446_1447_1448/search_file_271-233680_295-235182.foo.c
454_1446_1447_1448/add_ignore_pattern_161-181675_165-187301.foo.c,454_1446_1447_1448/add_ignore_pattern_162-186967_165-187301.foo.c
454_1446_1447_1448/add_ignore_pattern_161-181675_165-187301.foo.c,454_1446_1447_1448/add_ignore_pattern_162-186967_161-181675.foo.c
454_1446_1447_1448/add_ignore_pattern_161-181675_165-187301.foo.c,454_1446_1447_1448/add_ignore_pattern_161-181675_161-181675.foo.c
454_1446_1447_1448/add_ignore_pattern_162-186967_165-187301.foo.c,454_1446_1447_1448/add_ignore_pattern_162-186967_161-181675.foo.c
454_1446_1447_1448/add_ignore_pattern_162-186967_165-187301.foo.c,454_1446_1447_1448/add_ignore_pattern_161-181675_161-181675.foo.c
454_1446_1447_1448/add_ignore_pattern_162-186967_161-181675.foo.c,454_1446_1447_1448/add_ignore_pattern_161-181675_161-181675.foo.c
896_1527_1528_1529/init_options_151-229067_167-235100.foo.c,896_1527_1528_1529/init_options_153-234604_170-235194.foo.c
896_1527_1528_1529/init_options_151-229067_167-235100.foo.c,896_1527_1528_1529/init_options_153-234604_169-235152.foo.c
896_1527_1528_1529/init_options_151-229067_167-235100.foo.c,896_1527_1528_1529/init_options_152-229099_167-235100.foo.c
896_1527_1528_1529/init_options_151-229067_167-235100.foo.c,896_1527_1528_1529/init_options_148-228997_167-235100.foo.c
896_1527_1528_1529/init_options_151-229067_167-235100.foo.c,896_1527_1528_1529/init_options_153-234604_168-235126.foo.c
896_1527_1528_1529/init_options_153-234604_170-235194.foo.c,896_1527_1528_1529/init_options_153-234604_169-235152.foo.c
896_1527_1528_1529/init_options_153-234604_170-235194.foo.c,896_1527_1528_1529/init_options_152-229099_167-235100.foo.c
896_1527_1528_1529/init_options_153-234604_170-235194.foo.c,896_1527_1528_1529/init_options_148-228997_167-235100.foo.c
896_1527_1528_1529/init_options_153-234604_170-235194.foo.c,896_1527_1528_1529/init_options_153-234604_168-235126.foo.c
896_1527_1528_1529/init_options_153-234604_169-235152.foo.c,896_1527_1528_1529/init_options_152-229099_167-235100.foo.c
896_1527_1528_1529/init_options_153-234604_169-235152.foo.c,896_1527_1528_1529/init_options_148-228997_167-235100.foo.c
896_1527_1528_1529/init_options_153-234604_169-235152.foo.c,896_1527_1528_1529/init_options_153-234604_168-235126.foo.c
896_1527_1528_1529/init_options_152-229099_167-235100.foo.c,896_1527_1528_1529/init_options_148-228997_167-235100.foo.c
896_1527_1528_1529/init_options_152-229099_167-235100.foo.c,896_1527_1528_1529/init_options_153-234604_168-235126.foo.c
896_1527_1528_1529/init_options_148-228997_167-235100.foo.c,896_1527_1528_1529/init_options_153-234604_168-235126.foo.c
1155_1548_1549_1550_1551_1552_1553/search_file_264-233338_287-234655.foo.c,1155_1548_1549_1550_1551_1552_1553/search_file_263-233317_276-233800.foo.c
1155_1548_1549_1550_1551_1552_1553/search_file_264-233338_287-234655.foo.c,1155_1548_1549_1550_1551_1552_1553/search_file_263-233317_282-233981.foo.c
1155_1548_1549_1550_1551_1552_1553/search_file_263-233317_276-233800.foo.c,1155_1548_1549_1550_1551_1552_1553/search_file_263-233317_282-233981.foo.c
504_1459/path_ignore_search_224-189691_226-195632.foo.c,504_1459/binary_search_431-206627_438-207062.foo.c
504_1459/path_ignore_search_224-189691_226-195632.foo.c,504_1459/binary_search_431-206627_432-206890.foo.c
504_1459/binary_search_431-206627_438-207062.foo.c,504_1459/binary_search_431-206627_432-206890.foo.c
565_1471_1477_1478/check_symloop_leave_515-253586_515-254129.foo.c,565_1471_1477_1478/check_symloop_enter_493-243213_493-243756.foo.c
1327_1571_1572_1573_1574/print_init_context_40-222981_48-223361.foo.c,1327_1571_1572_1573_1574/print_init_context_40-222981_50-223431.foo.c
1327_1571_1572_1573_1574/print_init_context_40-222981_48-223361.foo.c,1327_1571_1572_1573_1574/print_init_context_40-222981_49-223395.foo.c
1327_1571_1572_1573_1574/print_init_context_40-222981_50-223431.foo.c,1327_1571_1572_1573_1574/print_init_context_40-222981_49-223395.foo.c
146/main_96-229400_146-232959.foo.c,146/main_97-229427_146-232959.foo.c
710/path_ignore_search_227-196231_245-196970.foo.c,710/check_symloop_enter_500-246690_500-248580.foo.c
710/path_ignore_search_227-196231_245-196970.foo.c,710/path_ignore_search_228-196304_258-197558.foo.c
710/path_ignore_search_227-196231_245-196970.foo.c,710/check_symloop_enter_500-246790_500-247994.foo.c
710/path_ignore_search_227-196231_245-196970.foo.c,710/check_symloop_enter_500-246724_500-248580.foo.c
710/path_ignore_search_227-196231_245-196970.foo.c,710/check_symloop_enter_500-246752_500-248580.foo.c
710/path_ignore_search_227-196231_245-196970.foo.c,710/path_ignore_search_227-196231_258-197558.foo.c
710/path_ignore_search_227-196231_245-196970.foo.c,710/check_symloop_enter_500-246625_500-248580.foo.c
710/path_ignore_search_227-196231_245-196970.foo.c,710/hash_strnstr_230-182875_231-182908.foo.c
710/path_ignore_search_227-196231_245-196970.foo.c,710/path_ignore_search_228-196304_245-196970.foo.c
710/path_ignore_search_227-196231_245-196970.foo.c,710/check_symloop_enter_500-246790_500-248580.foo.c
710/path_ignore_search_227-196231_245-196970.foo.c,710/hash_strnstr_230-182875_236-184211.foo.c
710/check_symloop_enter_500-246690_500-248580.foo.c,710/path_ignore_search_228-196304_258-197558.foo.c
710/check_symloop_enter_500-246690_500-248580.foo.c,710/check_symloop_enter_500-246790_500-247994.foo.c
710/check_symloop_enter_500-246690_500-248580.foo.c,710/check_symloop_enter_500-246724_500-248580.foo.c
710/check_symloop_enter_500-246690_500-248580.foo.c,710/check_symloop_enter_500-246752_500-248580.foo.c
710/check_symloop_enter_500-246690_500-248580.foo.c,710/path_ignore_search_227-196231_258-197558.foo.c
710/check_symloop_enter_500-246690_500-248580.foo.c,710/check_symloop_enter_500-246625_500-248580.foo.c
710/check_symloop_enter_500-246690_500-248580.foo.c,710/hash_strnstr_230-182875_231-182908.foo.c
710/check_symloop_enter_500-246690_500-248580.foo.c,710/path_ignore_search_228-196304_245-196970.foo.c
710/check_symloop_enter_500-246690_500-248580.foo.c,710/check_symloop_enter_500-246790_500-248580.foo.c
710/check_symloop_enter_500-246690_500-248580.foo.c,710/hash_strnstr_230-182875_236-184211.foo.c
710/path_ignore_search_228-196304_258-197558.foo.c,710/check_symloop_enter_500-246790_500-247994.foo.c
710/path_ignore_search_228-196304_258-197558.foo.c,710/check_symloop_enter_500-246724_500-248580.foo.c
710/path_ignore_search_228-196304_258-197558.foo.c,710/check_symloop_enter_500-246752_500-248580.foo.c
710/path_ignore_search_228-196304_258-197558.foo.c,710/path_ignore_search_227-196231_258-197558.foo.c
710/path_ignore_search_228-196304_258-197558.foo.c,710/check_symloop_enter_500-246625_500-248580.foo.c
710/path_ignore_search_228-196304_258-197558.foo.c,710/hash_strnstr_230-182875_231-182908.foo.c
710/path_ignore_search_228-196304_258-197558.foo.c,710/path_ignore_search_228-196304_245-196970.foo.c
710/path_ignore_search_228-196304_258-197558.foo.c,710/check_symloop_enter_500-246790_500-248580.foo.c
710/path_ignore_search_228-196304_258-197558.foo.c,710/hash_strnstr_230-182875_236-184211.foo.c
710/check_symloop_enter_500-246790_500-247994.foo.c,710/check_symloop_enter_500-246724_500-248580.foo.c
710/check_symloop_enter_500-246790_500-247994.foo.c,710/check_symloop_enter_500-246752_500-248580.foo.c
710/check_symloop_enter_500-246790_500-247994.foo.c,710/path_ignore_search_227-196231_258-197558.foo.c
710/check_symloop_enter_500-246790_500-247994.foo.c,710/check_symloop_enter_500-246625_500-248580.foo.c
710/check_symloop_enter_500-246790_500-247994.foo.c,710/hash_strnstr_230-182875_231-182908.foo.c
710/check_symloop_enter_500-246790_500-247994.foo.c,710/path_ignore_search_228-196304_245-196970.foo.c
710/check_symloop_enter_500-246790_500-247994.foo.c,710/check_symloop_enter_500-246790_500-248580.foo.c
710/check_symloop_enter_500-246790_500-247994.foo.c,710/hash_strnstr_230-182875_236-184211.foo.c
710/check_symloop_enter_500-246724_500-248580.foo.c,710/check_symloop_enter_500-246752_500-248580.foo.c
710/check_symloop_enter_500-246724_500-248580.foo.c,710/path_ignore_search_227-196231_258-197558.foo.c
710/check_symloop_enter_500-246724_500-248580.foo.c,710/check_symloop_enter_500-246625_500-248580.foo.c
710/check_symloop_enter_500-246724_500-248580.foo.c,710/hash_strnstr_230-182875_231-182908.foo.c
710/check_symloop_enter_500-246724_500-248580.foo.c,710/path_ignore_search_228-196304_245-196970.foo.c
710/check_symloop_enter_500-246724_500-248580.foo.c,710/check_symloop_enter_500-246790_500-248580.foo.c
710/check_symloop_enter_500-246724_500-248580.foo.c,710/hash_strnstr_230-182875_236-184211.foo.c
710/check_symloop_enter_500-246752_500-248580.foo.c,710/path_ignore_search_227-196231_258-197558.foo.c
710/check_symloop_enter_500-246752_500-248580.foo.c,710/check_symloop_enter_500-246625_500-248580.foo.c
710/check_symloop_enter_500-246752_500-248580.foo.c,710/hash_strnstr_230-182875_231-182908.foo.c
710/check_symloop_enter_500-246752_500-248580.foo.c,710/path_ignore_search_228-196304_245-196970.foo.c
710/check_symloop_enter_500-246752_500-248580.foo.c,710/check_symloop_enter_500-246790_500-248580.foo.c
710/check_symloop_enter_500-246752_500-248580.foo.c,710/hash_strnstr_230-182875_236-184211.foo.c
710/path_ignore_search_227-196231_258-197558.foo.c,710/check_symloop_enter_500-246625_500-248580.foo.c
710/path_ignore_search_227-196231_258-197558.foo.c,710/hash_strnstr_230-182875_231-182908.foo.c
710/path_ignore_search_227-196231_258-197558.foo.c,710/path_ignore_search_228-196304_245-196970.foo.c
710/path_ignore_search_227-196231_258-197558.foo.c,710/check_symloop_enter_500-246790_500-248580.foo.c
710/path_ignore_search_227-196231_258-197558.foo.c,710/hash_strnstr_230-182875_236-184211.foo.c
710/check_symloop_enter_500-246625_500-248580.foo.c,710/hash_strnstr_230-182875_231-182908.foo.c
710/check_symloop_enter_500-246625_500-248580.foo.c,710/path_ignore_search_228-196304_245-196970.foo.c
710/check_symloop_enter_500-246625_500-248580.foo.c,710/check_symloop_enter_500-246790_500-248580.foo.c
710/check_symloop_enter_500-246625_500-248580.foo.c,710/hash_strnstr_230-182875_236-184211.foo.c
710/hash_strnstr_230-182875_231-182908.foo.c,710/path_ignore_search_228-196304_245-196970.foo.c
710/hash_strnstr_230-182875_231-182908.foo.c,710/check_symloop_enter_500-246790_500-248580.foo.c
710/hash_strnstr_230-182875_231-182908.foo.c,710/hash_strnstr_230-182875_236-184211.foo.c
710/path_ignore_search_228-196304_245-196970.foo.c,710/check_symloop_enter_500-246790_500-248580.foo.c
710/path_ignore_search_228-196304_245-196970.foo.c,710/hash_strnstr_230-182875_236-184211.foo.c
710/check_symloop_enter_500-246790_500-248580.foo.c,710/hash_strnstr_230-182875_236-184211.foo.c
889_1525_1526_1527_1528_1529_1530_1531/generate_hash_170-178456_165-178258.foo.c,889_1525_1526_1527_1528_1529_1530_1531/is_binary_360-195439_365-195646.foo.c
889_1525_1526_1527_1528_1529_1530_1531/generate_hash_170-178456_165-178258.foo.c,889_1525_1526_1527_1528_1529_1530_1531/is_binary_362-195539_367-195746.foo.c
889_1525_1526_1527_1528_1529_1530_1531/generate_hash_170-178456_165-178258.foo.c,889_1525_1526_1527_1528_1529_1530_1531/is_binary_360-195439_360-195439.foo.c
889_1525_1526_1527_1528_1529_1530_1531/is_binary_360-195439_365-195646.foo.c,889_1525_1526_1527_1528_1529_1530_1531/is_binary_362-195539_367-195746.foo.c
889_1525_1526_1527_1528_1529_1530_1531/is_binary_360-195439_365-195646.foo.c,889_1525_1526_1527_1528_1529_1530_1531/is_binary_360-195439_360-195439.foo.c
889_1525_1526_1527_1528_1529_1530_1531/is_binary_362-195539_367-195746.foo.c,889_1525_1526_1527_1528_1529_1530_1531/is_binary_360-195439_360-195439.foo.c
844_1520_1522_1523_1524_1525/decompress_zlib_30-235199_98-239076.foo.c,844_1520_1522_1523_1524_1525/decompress_zlib_30-235199_99-239098.foo.c
737_1508_1509_1510/decompress_zlib_32-235386_56-236768.foo.c,737_1508_1509_1510/decompress_zlib_30-235199_55-236704.foo.c
737_1508_1509_1510/decompress_zlib_32-235386_56-236768.foo.c,737_1508_1509_1510/decompress_zlib_30-235199_52-236638.foo.c
737_1508_1509_1510/decompress_zlib_32-235386_56-236768.foo.c,737_1508_1509_1510/decompress_zlib_32-235386_93-238915.foo.c
737_1508_1509_1510/decompress_zlib_32-235386_56-236768.foo.c,737_1508_1509_1510/decompress_zlib_31-235358_90-238852.foo.c
737_1508_1509_1510/decompress_zlib_32-235386_56-236768.foo.c,737_1508_1509_1510/decompress_zlib_32-235386_90-238852.foo.c
737_1508_1509_1510/decompress_zlib_32-235386_56-236768.foo.c,737_1508_1509_1510/decompress_zlib_31-235358_93-238915.foo.c
737_1508_1509_1510/decompress_zlib_32-235386_56-236768.foo.c,737_1508_1509_1510/decompress_zlib_30-235199_45-236030.foo.c
737_1508_1509_1510/decompress_zlib_32-235386_56-236768.foo.c,737_1508_1509_1510/decompress_zlib_30-235199_54-236674.foo.c
737_1508_1509_1510/decompress_zlib_32-235386_56-236768.foo.c,737_1508_1509_1510/decompress_zlib_31-235358_56-236768.foo.c
737_1508_1509_1510/decompress_zlib_32-235386_56-236768.foo.c,737_1508_1509_1510/decompress_zlib_30-235199_50-236606.foo.c
737_1508_1509_1510/decompress_zlib_30-235199_55-236704.foo.c,737_1508_1509_1510/decompress_zlib_30-235199_52-236638.foo.c
737_1508_1509_1510/decompress_zlib_30-235199_55-236704.foo.c,737_1508_1509_1510/decompress_zlib_32-235386_93-238915.foo.c
737_1508_1509_1510/decompress_zlib_30-235199_55-236704.foo.c,737_1508_1509_1510/decompress_zlib_31-235358_90-238852.foo.c
737_1508_1509_1510/decompress_zlib_30-235199_55-236704.foo.c,737_1508_1509_1510/decompress_zlib_32-235386_90-238852.foo.c
737_1508_1509_1510/decompress_zlib_30-235199_55-236704.foo.c,737_1508_1509_1510/decompress_zlib_31-235358_93-238915.foo.c
737_1508_1509_1510/decompress_zlib_30-235199_55-236704.foo.c,737_1508_1509_1510/decompress_zlib_30-235199_45-236030.foo.c
737_1508_1509_1510/decompress_zlib_30-235199_55-236704.foo.c,737_1508_1509_1510/decompress_zlib_30-235199_54-236674.foo.c
737_1508_1509_1510/decompress_zlib_30-235199_55-236704.foo.c,737_1508_1509_1510/decompress_zlib_31-235358_56-236768.foo.c
737_1508_1509_1510/decompress_zlib_30-235199_55-236704.foo.c,737_1508_1509_1510/decompress_zlib_30-235199_50-236606.foo.c
737_1508_1509_1510/decompress_zlib_30-235199_52-236638.foo.c,737_1508_1509_1510/decompress_zlib_32-235386_93-238915.foo.c
737_1508_1509_1510/decompress_zlib_30-235199_52-236638.foo.c,737_1508_1509_1510/decompress_zlib_31-235358_90-238852.foo.c
737_1508_1509_1510/decompress_zlib_30-235199_52-236638.foo.c,737_1508_1509_1510/decompress_zlib_32-235386_90-238852.foo.c
737_1508_1509_1510/decompress_zlib_30-235199_52-236638.foo.c,737_1508_1509_1510/decompress_zlib_31-235358_93-238915.foo.c
737_1508_1509_1510/decompress_zlib_30-235199_52-236638.foo.c,737_1508_1509_1510/decompress_zlib_30-235199_45-236030.foo.c
737_1508_1509_1510/decompress_zlib_30-235199_52-236638.foo.c,737_1508_1509_1510/decompress_zlib_30-235199_54-236674.foo.c
737_1508_1509_1510/decompress_zlib_30-235199_52-236638.foo.c,737_1508_1509_1510/decompress_zlib_31-235358_56-236768.foo.c
737_1508_1509_1510/decompress_zlib_30-235199_52-236638.foo.c,737_1508_1509_1510/decompress_zlib_30-235199_50-236606.foo.c
737_1508_1509_1510/decompress_zlib_32-235386_93-238915.foo.c,737_1508_1509_1510/decompress_zlib_31-235358_90-238852.foo.c
737_1508_1509_1510/decompress_zlib_32-235386_93-238915.foo.c,737_1508_1509_1510/decompress_zlib_32-235386_90-238852.foo.c
737_1508_1509_1510/decompress_zlib_32-235386_93-238915.foo.c,737_1508_1509_1510/decompress_zlib_31-235358_93-238915.foo.c
737_1508_1509_1510/decompress_zlib_32-235386_93-238915.foo.c,737_1508_1509_1510/decompress_zlib_30-235199_45-236030.foo.c
737_1508_1509_1510/decompress_zlib_32-235386_93-238915.foo.c,737_1508_1509_1510/decompress_zlib_30-235199_54-236674.foo.c
737_1508_1509_1510/decompress_zlib_32-235386_93-238915.foo.c,737_1508_1509_1510/decompress_zlib_31-235358_56-236768.foo.c
737_1508_1509_1510/decompress_zlib_32-235386_93-238915.foo.c,737_1508_1509_1510/decompress_zlib_30-235199_50-236606.foo.c
737_1508_1509_1510/decompress_zlib_31-235358_90-238852.foo.c,737_1508_1509_1510/decompress_zlib_32-235386_90-238852.foo.c
737_1508_1509_1510/decompress_zlib_31-235358_90-238852.foo.c,737_1508_1509_1510/decompress_zlib_31-235358_93-238915.foo.c
737_1508_1509_1510/decompress_zlib_31-235358_90-238852.foo.c,737_1508_1509_1510/decompress_zlib_30-235199_45-236030.foo.c
737_1508_1509_1510/decompress_zlib_31-235358_90-238852.foo.c,737_1508_1509_1510/decompress_zlib_30-235199_54-236674.foo.c
737_1508_1509_1510/decompress_zlib_31-235358_90-238852.foo.c,737_1508_1509_1510/decompress_zlib_31-235358_56-236768.foo.c
737_1508_1509_1510/decompress_zlib_31-235358_90-238852.foo.c,737_1508_1509_1510/decompress_zlib_30-235199_50-236606.foo.c
737_1508_1509_1510/decompress_zlib_32-235386_90-238852.foo.c,737_1508_1509_1510/decompress_zlib_31-235358_93-238915.foo.c
737_1508_1509_1510/decompress_zlib_32-235386_90-238852.foo.c,737_1508_1509_1510/decompress_zlib_30-235199_45-236030.foo.c
737_1508_1509_1510/decompress_zlib_32-235386_90-238852.foo.c,737_1508_1509_1510/decompress_zlib_30-235199_54-236674.foo.c
737_1508_1509_1510/decompress_zlib_32-235386_90-238852.foo.c,737_1508_1509_1510/decompress_zlib_31-235358_56-236768.foo.c
737_1508_1509_1510/decompress_zlib_32-235386_90-238852.foo.c,737_1508_1509_1510/decompress_zlib_30-235199_50-236606.foo.c
737_1508_1509_1510/decompress_zlib_31-235358_93-238915.foo.c,737_1508_1509_1510/decompress_zlib_30-235199_45-236030.foo.c
737_1508_1509_1510/decompress_zlib_31-235358_93-238915.foo.c,737_1508_1509_1510/decompress_zlib_30-235199_54-236674.foo.c
737_1508_1509_1510/decompress_zlib_31-235358_93-238915.foo.c,737_1508_1509_1510/decompress_zlib_31-235358_56-236768.foo.c
737_1508_1509_1510/decompress_zlib_31-235358_93-238915.foo.c,737_1508_1509_1510/decompress_zlib_30-235199_50-236606.foo.c
737_1508_1509_1510/decompress_zlib_30-235199_45-236030.foo.c,737_1508_1509_1510/decompress_zlib_30-235199_54-236674.foo.c
737_1508_1509_1510/decompress_zlib_30-235199_45-236030.foo.c,737_1508_1509_1510/decompress_zlib_31-235358_56-236768.foo.c
737_1508_1509_1510/decompress_zlib_30-235199_45-236030.foo.c,737_1508_1509_1510/decompress_zlib_30-235199_50-236606.foo.c
737_1508_1509_1510/decompress_zlib_30-235199_54-236674.foo.c,737_1508_1509_1510/decompress_zlib_31-235358_56-236768.foo.c
737_1508_1509_1510/decompress_zlib_30-235199_54-236674.foo.c,737_1508_1509_1510/decompress_zlib_30-235199_50-236606.foo.c
737_1508_1509_1510/decompress_zlib_31-235358_56-236768.foo.c,737_1508_1509_1510/decompress_zlib_30-235199_50-236606.foo.c
1002_1543_1545_1546_1547/check_symloop_enter_493-242129_493-243756.foo.c,1002_1543_1545_1546_1547/check_symloop_enter_493-242153_493-243756.foo.c
1002_1543_1545_1546_1547/check_symloop_enter_493-242129_493-243756.foo.c,1002_1543_1545_1546_1547/check_symloop_enter_493-242181_493-243756.foo.c
1002_1543_1545_1546_1547/check_symloop_enter_493-242129_493-243756.foo.c,1002_1543_1545_1546_1547/check_symloop_leave_515-252554_515-254129.foo.c
1002_1543_1545_1546_1547/check_symloop_enter_493-242129_493-243756.foo.c,1002_1543_1545_1546_1547/check_symloop_leave_515-252450_515-254129.foo.c
1002_1543_1545_1546_1547/check_symloop_enter_493-242129_493-243756.foo.c,1002_1543_1545_1546_1547/check_symloop_enter_493-242077_493-243756.foo.c
1002_1543_1545_1546_1547/check_symloop_enter_493-242129_493-243756.foo.c,1002_1543_1545_1546_1547/check_symloop_leave_515-252526_515-254129.foo.c
1002_1543_1545_1546_1547/check_symloop_enter_493-242129_493-243756.foo.c,1002_1543_1545_1546_1547/check_symloop_leave_515-252502_515-254129.foo.c
1002_1543_1545_1546_1547/check_symloop_enter_493-242153_493-243756.foo.c,1002_1543_1545_1546_1547/check_symloop_enter_493-242181_493-243756.foo.c
1002_1543_1545_1546_1547/check_symloop_enter_493-242153_493-243756.foo.c,1002_1543_1545_1546_1547/check_symloop_leave_515-252554_515-254129.foo.c
1002_1543_1545_1546_1547/check_symloop_enter_493-242153_493-243756.foo.c,1002_1543_1545_1546_1547/check_symloop_leave_515-252450_515-254129.foo.c
1002_1543_1545_1546_1547/check_symloop_enter_493-242153_493-243756.foo.c,1002_1543_1545_1546_1547/check_symloop_enter_493-242077_493-243756.foo.c
1002_1543_1545_1546_1547/check_symloop_enter_493-242153_493-243756.foo.c,1002_1543_1545_1546_1547/check_symloop_leave_515-252526_515-254129.foo.c
1002_1543_1545_1546_1547/check_symloop_enter_493-242153_493-243756.foo.c,1002_1543_1545_1546_1547/check_symloop_leave_515-252502_515-254129.foo.c
1002_1543_1545_1546_1547/check_symloop_enter_493-242181_493-243756.foo.c,1002_1543_1545_1546_1547/check_symloop_leave_515-252554_515-254129.foo.c
1002_1543_1545_1546_1547/check_symloop_enter_493-242181_493-243756.foo.c,1002_1543_1545_1546_1547/check_symloop_leave_515-252450_515-254129.foo.c
1002_1543_1545_1546_1547/check_symloop_enter_493-242181_493-243756.foo.c,1002_1543_1545_1546_1547/check_symloop_enter_493-242077_493-243756.foo.c
1002_1543_1545_1546_1547/check_symloop_enter_493-242181_493-243756.foo.c,1002_1543_1545_1546_1547/check_symloop_leave_515-252526_515-254129.foo.c
1002_1543_1545_1546_1547/check_symloop_enter_493-242181_493-243756.foo.c,1002_1543_1545_1546_1547/check_symloop_leave_515-252502_515-254129.foo.c
1002_1543_1545_1546_1547/check_symloop_leave_515-252554_515-254129.foo.c,1002_1543_1545_1546_1547/check_symloop_leave_515-252450_515-254129.foo.c
1002_1543_1545_1546_1547/check_symloop_leave_515-252554_515-254129.foo.c,1002_1543_1545_1546_1547/check_symloop_enter_493-242077_493-243756.foo.c
1002_1543_1545_1546_1547/check_symloop_leave_515-252554_515-254129.foo.c,1002_1543_1545_1546_1547/check_symloop_leave_515-252526_515-254129.foo.c
1002_1543_1545_1546_1547/check_symloop_leave_515-252554_515-254129.foo.c,1002_1543_1545_1546_1547/check_symloop_leave_515-252502_515-254129.foo.c
1002_1543_1545_1546_1547/check_symloop_leave_515-252450_515-254129.foo.c,1002_1543_1545_1546_1547/check_symloop_enter_493-242077_493-243756.foo.c
1002_1543_1545_1546_1547/check_symloop_leave_515-252450_515-254129.foo.c,1002_1543_1545_1546_1547/check_symloop_leave_515-252526_515-254129.foo.c
1002_1543_1545_1546_1547/check_symloop_leave_515-252450_515-254129.foo.c,1002_1543_1545_1546_1547/check_symloop_leave_515-252502_515-254129.foo.c
1002_1543_1545_1546_1547/check_symloop_enter_493-242077_493-243756.foo.c,1002_1543_1545_1546_1547/check_symloop_leave_515-252526_515-254129.foo.c
1002_1543_1545_1546_1547/check_symloop_enter_493-242077_493-243756.foo.c,1002_1543_1545_1546_1547/check_symloop_leave_515-252502_515-254129.foo.c
1002_1543_1545_1546_1547/check_symloop_leave_515-252526_515-254129.foo.c,1002_1543_1545_1546_1547/check_symloop_leave_515-252502_515-254129.foo.c
900_1530_1531/init_options_152-229099_172-235257.foo.c,900_1530_1531/init_options_148-228997_172-235257.foo.c
900_1530_1531/init_options_152-229099_172-235257.foo.c,900_1530_1531/init_options_151-229067_172-235257.foo.c
900_1530_1531/init_options_148-228997_172-235257.foo.c,900_1530_1531/init_options_151-229067_172-235257.foo.c
273_1393_1395/search_file_324-236605_426-239497.foo.c,273_1393_1395/search_file_296-235212_426-239497.foo.c
341_1415_1417_1418_1419_1420_1423_1424_1426/filename_filter_322-205704_339-212482.foo.c,341_1415_1417_1418_1419_1420_1423_1424_1426/path_ignore_search_216-189452_268-198009.foo.c
341_1415_1417_1418_1419_1420_1423_1424_1426/filename_filter_322-205704_339-212482.foo.c,341_1415_1417_1418_1419_1420_1423_1424_1426/filename_filter_323-206790_339-212482.foo.c
341_1415_1417_1418_1419_1420_1423_1424_1426/filename_filter_322-205704_339-212482.foo.c,341_1415_1417_1418_1419_1420_1423_1424_1426/path_ignore_search_216-189452_277-198406.foo.c
341_1415_1417_1418_1419_1420_1423_1424_1426/filename_filter_322-205704_339-212482.foo.c,341_1415_1417_1418_1419_1420_1423_1424_1426/path_ignore_search_215-189382_277-198406.foo.c
341_1415_1417_1418_1419_1420_1423_1424_1426/filename_filter_322-205704_339-212482.foo.c,341_1415_1417_1418_1419_1420_1423_1424_1426/path_ignore_search_215-189382_268-198009.foo.c
341_1415_1417_1418_1419_1420_1423_1424_1426/path_ignore_search_216-189452_268-198009.foo.c,341_1415_1417_1418_1419_1420_1423_1424_1426/filename_filter_323-206790_339-212482.foo.c
341_1415_1417_1418_1419_1420_1423_1424_1426/path_ignore_search_216-189452_268-198009.foo.c,341_1415_1417_1418_1419_1420_1423_1424_1426/path_ignore_search_216-189452_277-198406.foo.c
341_1415_1417_1418_1419_1420_1423_1424_1426/path_ignore_search_216-189452_268-198009.foo.c,341_1415_1417_1418_1419_1420_1423_1424_1426/path_ignore_search_215-189382_277-198406.foo.c
341_1415_1417_1418_1419_1420_1423_1424_1426/path_ignore_search_216-189452_268-198009.foo.c,341_1415_1417_1418_1419_1420_1423_1424_1426/path_ignore_search_215-189382_268-198009.foo.c
341_1415_1417_1418_1419_1420_1423_1424_1426/filename_filter_323-206790_339-212482.foo.c,341_1415_1417_1418_1419_1420_1423_1424_1426/path_ignore_search_216-189452_277-198406.foo.c
341_1415_1417_1418_1419_1420_1423_1424_1426/filename_filter_323-206790_339-212482.foo.c,341_1415_1417_1418_1419_1420_1423_1424_1426/path_ignore_search_215-189382_277-198406.foo.c
341_1415_1417_1418_1419_1420_1423_1424_1426/filename_filter_323-206790_339-212482.foo.c,341_1415_1417_1418_1419_1420_1423_1424_1426/path_ignore_search_215-189382_268-198009.foo.c
341_1415_1417_1418_1419_1420_1423_1424_1426/path_ignore_search_216-189452_277-198406.foo.c,341_1415_1417_1418_1419_1420_1423_1424_1426/path_ignore_search_215-189382_277-198406.foo.c
341_1415_1417_1418_1419_1420_1423_1424_1426/path_ignore_search_216-189452_277-198406.foo.c,341_1415_1417_1418_1419_1420_1423_1424_1426/path_ignore_search_215-189382_268-198009.foo.c
341_1415_1417_1418_1419_1420_1423_1424_1426/path_ignore_search_215-189382_277-198406.foo.c,341_1415_1417_1418_1419_1420_1423_1424_1426/path_ignore_search_215-189382_268-198009.foo.c
411_1428/ag_scandir_15-163781_76-165549.foo.c,411_1428/ag_scandir_15-163781_62-165225.foo.c
411_1428/ag_scandir_15-163781_76-165549.foo.c,411_1428/search_buf_76-226521_106-227703.foo.c
411_1428/ag_scandir_15-163781_76-165549.foo.c,411_1428/ag_scandir_15-163781_69-165303.foo.c
411_1428/ag_scandir_15-163781_76-165549.foo.c,411_1428/search_buf_67-225821_106-227703.foo.c
411_1428/ag_scandir_15-163781_76-165549.foo.c,411_1428/ag_scandir_15-163781_27-164186.foo.c
411_1428/ag_scandir_15-163781_76-165549.foo.c,411_1428/search_file_370-238125_383-238467.foo.c
411_1428/ag_scandir_15-163781_76-165549.foo.c,411_1428/ag_scandir_15-163781_65-165256.foo.c
411_1428/ag_scandir_15-163781_76-165549.foo.c,411_1428/is_binary_334-187611_344-187803.foo.c
411_1428/ag_scandir_15-163781_76-165549.foo.c,411_1428/ag_scandir_15-163781_61-165202.foo.c
411_1428/ag_scandir_15-163781_76-165549.foo.c,411_1428/search_file_370-238125_386-238575.foo.c
411_1428/ag_scandir_15-163781_62-165225.foo.c,411_1428/search_buf_76-226521_106-227703.foo.c
411_1428/ag_scandir_15-163781_62-165225.foo.c,411_1428/ag_scandir_15-163781_69-165303.foo.c
411_1428/ag_scandir_15-163781_62-165225.foo.c,411_1428/search_buf_67-225821_106-227703.foo.c
411_1428/ag_scandir_15-163781_62-165225.foo.c,411_1428/ag_scandir_15-163781_27-164186.foo.c
411_1428/ag_scandir_15-163781_62-165225.foo.c,411_1428/search_file_370-238125_383-238467.foo.c
411_1428/ag_scandir_15-163781_62-165225.foo.c,411_1428/ag_scandir_15-163781_65-165256.foo.c
411_1428/ag_scandir_15-163781_62-165225.foo.c,411_1428/is_binary_334-187611_344-187803.foo.c
411_1428/ag_scandir_15-163781_62-165225.foo.c,411_1428/ag_scandir_15-163781_61-165202.foo.c
411_1428/ag_scandir_15-163781_62-165225.foo.c,411_1428/search_file_370-238125_386-238575.foo.c
411_1428/search_buf_76-226521_106-227703.foo.c,411_1428/ag_scandir_15-163781_69-165303.foo.c
411_1428/search_buf_76-226521_106-227703.foo.c,411_1428/search_buf_67-225821_106-227703.foo.c
411_1428/search_buf_76-226521_106-227703.foo.c,411_1428/ag_scandir_15-163781_27-164186.foo.c
411_1428/search_buf_76-226521_106-227703.foo.c,411_1428/search_file_370-238125_383-238467.foo.c
411_1428/search_buf_76-226521_106-227703.foo.c,411_1428/ag_scandir_15-163781_65-165256.foo.c
411_1428/search_buf_76-226521_106-227703.foo.c,411_1428/is_binary_334-187611_344-187803.foo.c
411_1428/search_buf_76-226521_106-227703.foo.c,411_1428/ag_scandir_15-163781_61-165202.foo.c
411_1428/search_buf_76-226521_106-227703.foo.c,411_1428/search_file_370-238125_386-238575.foo.c
411_1428/ag_scandir_15-163781_69-165303.foo.c,411_1428/search_buf_67-225821_106-227703.foo.c
411_1428/ag_scandir_15-163781_69-165303.foo.c,411_1428/ag_scandir_15-163781_27-164186.foo.c
411_1428/ag_scandir_15-163781_69-165303.foo.c,411_1428/search_file_370-238125_383-238467.foo.c
411_1428/ag_scandir_15-163781_69-165303.foo.c,411_1428/ag_scandir_15-163781_65-165256.foo.c
411_1428/ag_scandir_15-163781_69-165303.foo.c,411_1428/is_binary_334-187611_344-187803.foo.c
411_1428/ag_scandir_15-163781_69-165303.foo.c,411_1428/ag_scandir_15-163781_61-165202.foo.c
411_1428/ag_scandir_15-163781_69-165303.foo.c,411_1428/search_file_370-238125_386-238575.foo.c
411_1428/search_buf_67-225821_106-227703.foo.c,411_1428/ag_scandir_15-163781_27-164186.foo.c
411_1428/search_buf_67-225821_106-227703.foo.c,411_1428/search_file_370-238125_383-238467.foo.c
411_1428/search_buf_67-225821_106-227703.foo.c,411_1428/ag_scandir_15-163781_65-165256.foo.c
411_1428/search_buf_67-225821_106-227703.foo.c,411_1428/is_binary_334-187611_344-187803.foo.c
411_1428/search_buf_67-225821_106-227703.foo.c,411_1428/ag_scandir_15-163781_61-165202.foo.c
411_1428/search_buf_67-225821_106-227703.foo.c,411_1428/search_file_370-238125_386-238575.foo.c
411_1428/ag_scandir_15-163781_27-164186.foo.c,411_1428/search_file_370-238125_383-238467.foo.c
411_1428/ag_scandir_15-163781_27-164186.foo.c,411_1428/ag_scandir_15-163781_65-165256.foo.c
411_1428/ag_scandir_15-163781_27-164186.foo.c,411_1428/is_binary_334-187611_344-187803.foo.c
411_1428/ag_scandir_15-163781_27-164186.foo.c,411_1428/ag_scandir_15-163781_61-165202.foo.c
411_1428/ag_scandir_15-163781_27-164186.foo.c,411_1428/search_file_370-238125_386-238575.foo.c
411_1428/search_file_370-238125_383-238467.foo.c,411_1428/ag_scandir_15-163781_65-165256.foo.c
411_1428/search_file_370-238125_383-238467.foo.c,411_1428/is_binary_334-187611_344-187803.foo.c
411_1428/search_file_370-238125_383-238467.foo.c,411_1428/ag_scandir_15-163781_61-165202.foo.c
411_1428/search_file_370-238125_383-238467.foo.c,411_1428/search_file_370-238125_386-238575.foo.c
411_1428/ag_scandir_15-163781_65-165256.foo.c,411_1428/is_binary_334-187611_344-187803.foo.c
411_1428/ag_scandir_15-163781_65-165256.foo.c,411_1428/ag_scandir_15-163781_61-165202.foo.c
411_1428/ag_scandir_15-163781_65-165256.foo.c,411_1428/search_file_370-238125_386-238575.foo.c
411_1428/is_binary_334-187611_344-187803.foo.c,411_1428/ag_scandir_15-163781_61-165202.foo.c
411_1428/is_binary_334-187611_344-187803.foo.c,411_1428/search_file_370-238125_386-238575.foo.c
411_1428/ag_scandir_15-163781_61-165202.foo.c,411_1428/search_file_370-238125_386-238575.foo.c
521_1468_1469/search_file_287-234655_322-236575.foo.c,521_1468_1469/search_file_270-233639_322-236575.foo.c
521_1468_1469/search_file_287-234655_322-236575.foo.c,521_1468_1469/search_file_360-237470_374-238191.foo.c
521_1468_1469/search_file_287-234655_322-236575.foo.c,521_1468_1469/search_file_359-237160_374-238191.foo.c
521_1468_1469/search_file_287-234655_322-236575.foo.c,521_1468_1469/search_file_276-233800_322-236575.foo.c
521_1468_1469/search_file_287-234655_322-236575.foo.c,521_1468_1469/search_file_288-234810_322-236575.foo.c
521_1468_1469/search_file_287-234655_322-236575.foo.c,521_1468_1469/search_file_282-233981_322-236575.foo.c
521_1468_1469/search_file_287-234655_322-236575.foo.c,521_1468_1469/search_file_358-237135_358-237135.foo.c
521_1468_1469/search_file_287-234655_322-236575.foo.c,521_1468_1469/search_file_271-233680_322-236575.foo.c
521_1468_1469/search_file_287-234655_322-236575.foo.c,521_1468_1469/search_file_333-236922_374-238191.foo.c
521_1468_1469/search_file_287-234655_322-236575.foo.c,521_1468_1469/search_file_268-233524_322-236575.foo.c
521_1468_1469/search_file_287-234655_322-236575.foo.c,521_1468_1469/search_file_333-236922_358-237135.foo.c
521_1468_1469/search_file_270-233639_322-236575.foo.c,521_1468_1469/search_file_360-237470_374-238191.foo.c
521_1468_1469/search_file_270-233639_322-236575.foo.c,521_1468_1469/search_file_359-237160_374-238191.foo.c
521_1468_1469/search_file_270-233639_322-236575.foo.c,521_1468_1469/search_file_276-233800_322-236575.foo.c
521_1468_1469/search_file_270-233639_322-236575.foo.c,521_1468_1469/search_file_288-234810_322-236575.foo.c
521_1468_1469/search_file_270-233639_322-236575.foo.c,521_1468_1469/search_file_282-233981_322-236575.foo.c
521_1468_1469/search_file_270-233639_322-236575.foo.c,521_1468_1469/search_file_358-237135_358-237135.foo.c
521_1468_1469/search_file_270-233639_322-236575.foo.c,521_1468_1469/search_file_271-233680_322-236575.foo.c
521_1468_1469/search_file_270-233639_322-236575.foo.c,521_1468_1469/search_file_333-236922_374-238191.foo.c
521_1468_1469/search_file_270-233639_322-236575.foo.c,521_1468_1469/search_file_268-233524_322-236575.foo.c
521_1468_1469/search_file_270-233639_322-236575.foo.c,521_1468_1469/search_file_333-236922_358-237135.foo.c
521_1468_1469/search_file_360-237470_374-238191.foo.c,521_1468_1469/search_file_359-237160_374-238191.foo.c
521_1468_1469/search_file_360-237470_374-238191.foo.c,521_1468_1469/search_file_276-233800_322-236575.foo.c
521_1468_1469/search_file_360-237470_374-238191.foo.c,521_1468_1469/search_file_288-234810_322-236575.foo.c
521_1468_1469/search_file_360-237470_374-238191.foo.c,521_1468_1469/search_file_282-233981_322-236575.foo.c
521_1468_1469/search_file_360-237470_374-238191.foo.c,521_1468_1469/search_file_358-237135_358-237135.foo.c
521_1468_1469/search_file_360-237470_374-238191.foo.c,521_1468_1469/search_file_271-233680_322-236575.foo.c
521_1468_1469/search_file_360-237470_374-238191.foo.c,521_1468_1469/search_file_333-236922_374-238191.foo.c
521_1468_1469/search_file_360-237470_374-238191.foo.c,521_1468_1469/search_file_268-233524_322-236575.foo.c
521_1468_1469/search_file_360-237470_374-238191.foo.c,521_1468_1469/search_file_333-236922_358-237135.foo.c
521_1468_1469/search_file_359-237160_374-238191.foo.c,521_1468_1469/search_file_276-233800_322-236575.foo.c
521_1468_1469/search_file_359-237160_374-238191.foo.c,521_1468_1469/search_file_288-234810_322-236575.foo.c
521_1468_1469/search_file_359-237160_374-238191.foo.c,521_1468_1469/search_file_282-233981_322-236575.foo.c
521_1468_1469/search_file_359-237160_374-238191.foo.c,521_1468_1469/search_file_358-237135_358-237135.foo.c
521_1468_1469/search_file_359-237160_374-238191.foo.c,521_1468_1469/search_file_271-233680_322-236575.foo.c
521_1468_1469/search_file_359-237160_374-238191.foo.c,521_1468_1469/search_file_333-236922_374-238191.foo.c
521_1468_1469/search_file_359-237160_374-238191.foo.c,521_1468_1469/search_file_268-233524_322-236575.foo.c
521_1468_1469/search_file_359-237160_374-238191.foo.c,521_1468_1469/search_file_333-236922_358-237135.foo.c
521_1468_1469/search_file_276-233800_322-236575.foo.c,521_1468_1469/search_file_288-234810_322-236575.foo.c
521_1468_1469/search_file_276-233800_322-236575.foo.c,521_1468_1469/search_file_282-233981_322-236575.foo.c
521_1468_1469/search_file_276-233800_322-236575.foo.c,521_1468_1469/search_file_358-237135_358-237135.foo.c
521_1468_1469/search_file_276-233800_322-236575.foo.c,521_1468_1469/search_file_271-233680_322-236575.foo.c
521_1468_1469/search_file_276-233800_322-236575.foo.c,521_1468_1469/search_file_333-236922_374-238191.foo.c
521_1468_1469/search_file_276-233800_322-236575.foo.c,521_1468_1469/search_file_268-233524_322-236575.foo.c
521_1468_1469/search_file_276-233800_322-236575.foo.c,521_1468_1469/search_file_333-236922_358-237135.foo.c
521_1468_1469/search_file_288-234810_322-236575.foo.c,521_1468_1469/search_file_282-233981_322-236575.foo.c
521_1468_1469/search_file_288-234810_322-236575.foo.c,521_1468_1469/search_file_358-237135_358-237135.foo.c
521_1468_1469/search_file_288-234810_322-236575.foo.c,521_1468_1469/search_file_271-233680_322-236575.foo.c
521_1468_1469/search_file_288-234810_322-236575.foo.c,521_1468_1469/search_file_333-236922_374-238191.foo.c
521_1468_1469/search_file_288-234810_322-236575.foo.c,521_1468_1469/search_file_268-233524_322-236575.foo.c
521_1468_1469/search_file_288-234810_322-236575.foo.c,521_1468_1469/search_file_333-236922_358-237135.foo.c
521_1468_1469/search_file_282-233981_322-236575.foo.c,521_1468_1469/search_file_358-237135_358-237135.foo.c
521_1468_1469/search_file_282-233981_322-236575.foo.c,521_1468_1469/search_file_271-233680_322-236575.foo.c
521_1468_1469/search_file_282-233981_322-236575.foo.c,521_1468_1469/search_file_333-236922_374-238191.foo.c
521_1468_1469/search_file_282-233981_322-236575.foo.c,521_1468_1469/search_file_268-233524_322-236575.foo.c
521_1468_1469/search_file_282-233981_322-236575.foo.c,521_1468_1469/search_file_333-236922_358-237135.foo.c
521_1468_1469/search_file_358-237135_358-237135.foo.c,521_1468_1469/search_file_271-233680_322-236575.foo.c
521_1468_1469/search_file_358-237135_358-237135.foo.c,521_1468_1469/search_file_333-236922_374-238191.foo.c
521_1468_1469/search_file_358-237135_358-237135.foo.c,521_1468_1469/search_file_268-233524_322-236575.foo.c
521_1468_1469/search_file_358-237135_358-237135.foo.c,521_1468_1469/search_file_333-236922_358-237135.foo.c
521_1468_1469/search_file_271-233680_322-236575.foo.c,521_1468_1469/search_file_333-236922_374-238191.foo.c
521_1468_1469/search_file_271-233680_322-236575.foo.c,521_1468_1469/search_file_268-233524_322-236575.foo.c
521_1468_1469/search_file_271-233680_322-236575.foo.c,521_1468_1469/search_file_333-236922_358-237135.foo.c
521_1468_1469/search_file_333-236922_374-238191.foo.c,521_1468_1469/search_file_268-233524_322-236575.foo.c
521_1468_1469/search_file_333-236922_374-238191.foo.c,521_1468_1469/search_file_333-236922_358-237135.foo.c
521_1468_1469/search_file_268-233524_322-236575.foo.c,521_1468_1469/search_file_333-236922_358-237135.foo.c
1319_1570_1571_1572_1573_1574_1575/print_file_matches_150-227089_153-227158.foo.c,1319_1570_1571_1572_1573_1574_1575/print_file_matches_149-227063_153-227158.foo.c
757_1510/ag_scandir_14-163757_27-164186.foo.c,757_1510/ag_scandir_14-163757_65-165256.foo.c
757_1510/ag_scandir_14-163757_27-164186.foo.c,757_1510/ag_scandir_14-163757_61-165202.foo.c
757_1510/ag_scandir_14-163757_27-164186.foo.c,757_1510/ag_scandir_11-163457_76-165549.foo.c
757_1510/ag_scandir_14-163757_27-164186.foo.c,757_1510/ag_scandir_12-163574_76-165549.foo.c
757_1510/ag_scandir_14-163757_27-164186.foo.c,757_1510/ag_scandir_14-163757_62-165225.foo.c
757_1510/ag_scandir_14-163757_27-164186.foo.c,757_1510/ag_scandir_14-163757_76-165549.foo.c
757_1510/ag_scandir_14-163757_27-164186.foo.c,757_1510/ag_scandir_12-163574_69-165303.foo.c
757_1510/ag_scandir_14-163757_27-164186.foo.c,757_1510/ag_scandir_14-163757_69-165303.foo.c
757_1510/ag_scandir_14-163757_27-164186.foo.c,757_1510/ag_scandir_11-163457_69-165303.foo.c
757_1510/ag_scandir_14-163757_65-165256.foo.c,757_1510/ag_scandir_14-163757_61-165202.foo.c
757_1510/ag_scandir_14-163757_65-165256.foo.c,757_1510/ag_scandir_11-163457_76-165549.foo.c
757_1510/ag_scandir_14-163757_65-165256.foo.c,757_1510/ag_scandir_12-163574_76-165549.foo.c
757_1510/ag_scandir_14-163757_65-165256.foo.c,757_1510/ag_scandir_14-163757_62-165225.foo.c
757_1510/ag_scandir_14-163757_65-165256.foo.c,757_1510/ag_scandir_14-163757_76-165549.foo.c
757_1510/ag_scandir_14-163757_65-165256.foo.c,757_1510/ag_scandir_12-163574_69-165303.foo.c
757_1510/ag_scandir_14-163757_65-165256.foo.c,757_1510/ag_scandir_14-163757_69-165303.foo.c
757_1510/ag_scandir_14-163757_65-165256.foo.c,757_1510/ag_scandir_11-163457_69-165303.foo.c
757_1510/ag_scandir_14-163757_61-165202.foo.c,757_1510/ag_scandir_11-163457_76-165549.foo.c
757_1510/ag_scandir_14-163757_61-165202.foo.c,757_1510/ag_scandir_12-163574_76-165549.foo.c
757_1510/ag_scandir_14-163757_61-165202.foo.c,757_1510/ag_scandir_14-163757_62-165225.foo.c
757_1510/ag_scandir_14-163757_61-165202.foo.c,757_1510/ag_scandir_14-163757_76-165549.foo.c
757_1510/ag_scandir_14-163757_61-165202.foo.c,757_1510/ag_scandir_12-163574_69-165303.foo.c
757_1510/ag_scandir_14-163757_61-165202.foo.c,757_1510/ag_scandir_14-163757_69-165303.foo.c
757_1510/ag_scandir_14-163757_61-165202.foo.c,757_1510/ag_scandir_11-163457_69-165303.foo.c
757_1510/ag_scandir_11-163457_76-165549.foo.c,757_1510/ag_scandir_12-163574_76-165549.foo.c
757_1510/ag_scandir_11-163457_76-165549.foo.c,757_1510/ag_scandir_14-163757_62-165225.foo.c
757_1510/ag_scandir_11-163457_76-165549.foo.c,757_1510/ag_scandir_14-163757_76-165549.foo.c
757_1510/ag_scandir_11-163457_76-165549.foo.c,757_1510/ag_scandir_12-163574_69-165303.foo.c
757_1510/ag_scandir_11-163457_76-165549.foo.c,757_1510/ag_scandir_14-163757_69-165303.foo.c
757_1510/ag_scandir_11-163457_76-165549.foo.c,757_1510/ag_scandir_11-163457_69-165303.foo.c
757_1510/ag_scandir_12-163574_76-165549.foo.c,757_1510/ag_scandir_14-163757_62-165225.foo.c
757_1510/ag_scandir_12-163574_76-165549.foo.c,757_1510/ag_scandir_14-163757_76-165549.foo.c
757_1510/ag_scandir_12-163574_76-165549.foo.c,757_1510/ag_scandir_12-163574_69-165303.foo.c
757_1510/ag_scandir_12-163574_76-165549.foo.c,757_1510/ag_scandir_14-163757_69-165303.foo.c
757_1510/ag_scandir_12-163574_76-165549.foo.c,757_1510/ag_scandir_11-163457_69-165303.foo.c
757_1510/ag_scandir_14-163757_62-165225.foo.c,757_1510/ag_scandir_14-163757_76-165549.foo.c
757_1510/ag_scandir_14-163757_62-165225.foo.c,757_1510/ag_scandir_12-163574_69-165303.foo.c
757_1510/ag_scandir_14-163757_62-165225.foo.c,757_1510/ag_scandir_14-163757_69-165303.foo.c
757_1510/ag_scandir_14-163757_62-165225.foo.c,757_1510/ag_scandir_11-163457_69-165303.foo.c
757_1510/ag_scandir_14-163757_76-165549.foo.c,757_1510/ag_scandir_12-163574_69-165303.foo.c
757_1510/ag_scandir_14-163757_76-165549.foo.c,757_1510/ag_scandir_14-163757_69-165303.foo.c
757_1510/ag_scandir_14-163757_76-165549.foo.c,757_1510/ag_scandir_11-163457_69-165303.foo.c
757_1510/ag_scandir_12-163574_69-165303.foo.c,757_1510/ag_scandir_14-163757_69-165303.foo.c
757_1510/ag_scandir_12-163574_69-165303.foo.c,757_1510/ag_scandir_11-163457_69-165303.foo.c
757_1510/ag_scandir_14-163757_69-165303.foo.c,757_1510/ag_scandir_11-163457_69-165303.foo.c
310/search_buf_34-224860_176-230756.foo.c,310/search_buf_39-224962_176-230756.foo.c
851_1523_1524/decompress_zlib_29-235182_56-236768.foo.c,851_1523_1524/decompress_lzma_127-240113_129-240455.foo.c
851_1523_1524/decompress_zlib_29-235182_56-236768.foo.c,851_1523_1524/decompress_zlib_29-235182_93-238915.foo.c
851_1523_1524/decompress_zlib_29-235182_56-236768.foo.c,851_1523_1524/decompress_zlib_29-235182_90-238852.foo.c
851_1523_1524/decompress_lzma_127-240113_129-240455.foo.c,851_1523_1524/decompress_zlib_29-235182_93-238915.foo.c
851_1523_1524/decompress_lzma_127-240113_129-240455.foo.c,851_1523_1524/decompress_zlib_29-235182_90-238852.foo.c
851_1523_1524/decompress_zlib_29-235182_93-238915.foo.c,851_1523_1524/decompress_zlib_29-235182_90-238852.foo.c
411_1426/search_file_295-235182_322-236575.foo.c,411_1426/filename_filter_299-199059_319-205584.foo.c
411_1426/search_file_295-235182_322-236575.foo.c,411_1426/add_ignore_pattern_161-181675_170-187513.foo.c
411_1426/search_file_295-235182_322-236575.foo.c,411_1426/filename_filter_294-198961_320-205647.foo.c
411_1426/search_file_295-235182_322-236575.foo.c,411_1426/add_ignore_pattern_104-177886_109-178412.foo.c
411_1426/search_file_295-235182_322-236575.foo.c,411_1426/search_file_296-235212_322-236575.foo.c
411_1426/search_file_295-235182_322-236575.foo.c,411_1426/filename_filter_299-199059_320-205647.foo.c
411_1426/search_file_295-235182_322-236575.foo.c,411_1426/filename_filter_294-198961_319-205584.foo.c
411_1426/search_file_295-235182_322-236575.foo.c,411_1426/add_ignore_pattern_161-181675_168-187394.foo.c
411_1426/filename_filter_299-199059_319-205584.foo.c,411_1426/add_ignore_pattern_161-181675_170-187513.foo.c
411_1426/filename_filter_299-199059_319-205584.foo.c,411_1426/filename_filter_294-198961_320-205647.foo.c
411_1426/filename_filter_299-199059_319-205584.foo.c,411_1426/add_ignore_pattern_104-177886_109-178412.foo.c
411_1426/filename_filter_299-199059_319-205584.foo.c,411_1426/search_file_296-235212_322-236575.foo.c
411_1426/filename_filter_299-199059_319-205584.foo.c,411_1426/filename_filter_299-199059_320-205647.foo.c
411_1426/filename_filter_299-199059_319-205584.foo.c,411_1426/filename_filter_294-198961_319-205584.foo.c
411_1426/filename_filter_299-199059_319-205584.foo.c,411_1426/add_ignore_pattern_161-181675_168-187394.foo.c
411_1426/add_ignore_pattern_161-181675_170-187513.foo.c,411_1426/filename_filter_294-198961_320-205647.foo.c
411_1426/add_ignore_pattern_161-181675_170-187513.foo.c,411_1426/add_ignore_pattern_104-177886_109-178412.foo.c
411_1426/add_ignore_pattern_161-181675_170-187513.foo.c,411_1426/search_file_296-235212_322-236575.foo.c
411_1426/add_ignore_pattern_161-181675_170-187513.foo.c,411_1426/filename_filter_299-199059_320-205647.foo.c
411_1426/add_ignore_pattern_161-181675_170-187513.foo.c,411_1426/filename_filter_294-198961_319-205584.foo.c
411_1426/add_ignore_pattern_161-181675_170-187513.foo.c,411_1426/add_ignore_pattern_161-181675_168-187394.foo.c
411_1426/filename_filter_294-198961_320-205647.foo.c,411_1426/add_ignore_pattern_104-177886_109-178412.foo.c
411_1426/filename_filter_294-198961_320-205647.foo.c,411_1426/search_file_296-235212_322-236575.foo.c
411_1426/filename_filter_294-198961_320-205647.foo.c,411_1426/filename_filter_299-199059_320-205647.foo.c
411_1426/filename_filter_294-198961_320-205647.foo.c,411_1426/filename_filter_294-198961_319-205584.foo.c
411_1426/filename_filter_294-198961_320-205647.foo.c,411_1426/add_ignore_pattern_161-181675_168-187394.foo.c
411_1426/add_ignore_pattern_104-177886_109-178412.foo.c,411_1426/search_file_296-235212_322-236575.foo.c
411_1426/add_ignore_pattern_104-177886_109-178412.foo.c,411_1426/filename_filter_299-199059_320-205647.foo.c
411_1426/add_ignore_pattern_104-177886_109-178412.foo.c,411_1426/filename_filter_294-198961_319-205584.foo.c
411_1426/add_ignore_pattern_104-177886_109-178412.foo.c,411_1426/add_ignore_pattern_161-181675_168-187394.foo.c
411_1426/search_file_296-235212_322-236575.foo.c,411_1426/filename_filter_299-199059_320-205647.foo.c
411_1426/search_file_296-235212_322-236575.foo.c,411_1426/filename_filter_294-198961_319-205584.foo.c
411_1426/search_file_296-235212_322-236575.foo.c,411_1426/add_ignore_pattern_161-181675_168-187394.foo.c
411_1426/filename_filter_299-199059_320-205647.foo.c,411_1426/filename_filter_294-198961_319-205584.foo.c
411_1426/filename_filter_299-199059_320-205647.foo.c,411_1426/add_ignore_pattern_161-181675_168-187394.foo.c
411_1426/filename_filter_294-198961_319-205584.foo.c,411_1426/add_ignore_pattern_161-181675_168-187394.foo.c
454_1446_1447/add_ignore_pattern_161-181675_165-187301.foo.c,454_1446_1447/add_ignore_pattern_162-186967_165-187301.foo.c
454_1446_1447/add_ignore_pattern_161-181675_165-187301.foo.c,454_1446_1447/add_ignore_pattern_162-186967_161-181675.foo.c
454_1446_1447/add_ignore_pattern_161-181675_165-187301.foo.c,454_1446_1447/add_ignore_pattern_161-181675_161-181675.foo.c
454_1446_1447/add_ignore_pattern_162-186967_165-187301.foo.c,454_1446_1447/add_ignore_pattern_162-186967_161-181675.foo.c
454_1446_1447/add_ignore_pattern_162-186967_165-187301.foo.c,454_1446_1447/add_ignore_pattern_161-181675_161-181675.foo.c
454_1446_1447/add_ignore_pattern_162-186967_161-181675.foo.c,454_1446_1447/add_ignore_pattern_161-181675_161-181675.foo.c
737_1508_1509_1511_1513_1514/decompress_zlib_32-235386_99-239098.foo.c,737_1508_1509_1511_1513_1514/decompress_zlib_31-235358_98-239076.foo.c
715_1500/init_options_153-234604_173-235284.foo.c,715_1500/init_options_153-234604_174-235329.foo.c
910/check_symloop_leave_515-254129_515-254720.foo.c,910/check_symloop_enter_493-243756_493-242042.foo.c
910/check_symloop_leave_515-254129_515-254720.foo.c,910/check_symloop_leave_515-253634_515-254720.foo.c
910/check_symloop_leave_515-254129_515-254720.foo.c,910/path_ignore_search_268-198009_286-198769.foo.c
910/check_symloop_leave_515-254129_515-254720.foo.c,910/check_symloop_enter_493-243756_493-244347.foo.c
910/check_symloop_leave_515-254129_515-254720.foo.c,910/path_ignore_search_268-198009_288-198823.foo.c
910/check_symloop_leave_515-254129_515-254720.foo.c,910/check_symloop_enter_493-243261_493-244347.foo.c
910/check_symloop_leave_515-254129_515-254720.foo.c,910/check_symloop_leave_515-253634_515-252415.foo.c
910/check_symloop_leave_515-254129_515-254720.foo.c,910/check_symloop_leave_515-254129_515-252415.foo.c
910/check_symloop_leave_515-254129_515-254720.foo.c,910/check_symloop_enter_493-243261_493-242042.foo.c
910/check_symloop_enter_493-243756_493-242042.foo.c,910/check_symloop_leave_515-253634_515-254720.foo.c
910/check_symloop_enter_493-243756_493-242042.foo.c,910/path_ignore_search_268-198009_286-198769.foo.c
910/check_symloop_enter_493-243756_493-242042.foo.c,910/check_symloop_enter_493-243756_493-244347.foo.c
910/check_symloop_enter_493-243756_493-242042.foo.c,910/path_ignore_search_268-198009_288-198823.foo.c
910/check_symloop_enter_493-243756_493-242042.foo.c,910/check_symloop_enter_493-243261_493-244347.foo.c
910/check_symloop_enter_493-243756_493-242042.foo.c,910/check_symloop_leave_515-253634_515-252415.foo.c
910/check_symloop_enter_493-243756_493-242042.foo.c,910/check_symloop_leave_515-254129_515-252415.foo.c
910/check_symloop_enter_493-243756_493-242042.foo.c,910/check_symloop_enter_493-243261_493-242042.foo.c
910/check_symloop_leave_515-253634_515-254720.foo.c,910/path_ignore_search_268-198009_286-198769.foo.c
910/check_symloop_leave_515-253634_515-254720.foo.c,910/check_symloop_enter_493-243756_493-244347.foo.c
910/check_symloop_leave_515-253634_515-254720.foo.c,910/path_ignore_search_268-198009_288-198823.foo.c
910/check_symloop_leave_515-253634_515-254720.foo.c,910/check_symloop_enter_493-243261_493-244347.foo.c
910/check_symloop_leave_515-253634_515-254720.foo.c,910/check_symloop_leave_515-253634_515-252415.foo.c
910/check_symloop_leave_515-253634_515-254720.foo.c,910/check_symloop_leave_515-254129_515-252415.foo.c
910/check_symloop_leave_515-253634_515-254720.foo.c,910/check_symloop_enter_493-243261_493-242042.foo.c
910/path_ignore_search_268-198009_286-198769.foo.c,910/check_symloop_enter_493-243756_493-244347.foo.c
910/path_ignore_search_268-198009_286-198769.foo.c,910/path_ignore_search_268-198009_288-198823.foo.c
910/path_ignore_search_268-198009_286-198769.foo.c,910/check_symloop_enter_493-243261_493-244347.foo.c
910/path_ignore_search_268-198009_286-198769.foo.c,910/check_symloop_leave_515-253634_515-252415.foo.c
910/path_ignore_search_268-198009_286-198769.foo.c,910/check_symloop_leave_515-254129_515-252415.foo.c
910/path_ignore_search_268-198009_286-198769.foo.c,910/check_symloop_enter_493-243261_493-242042.foo.c
910/check_symloop_enter_493-243756_493-244347.foo.c,910/path_ignore_search_268-198009_288-198823.foo.c
910/check_symloop_enter_493-243756_493-244347.foo.c,910/check_symloop_enter_493-243261_493-244347.foo.c
910/check_symloop_enter_493-243756_493-244347.foo.c,910/check_symloop_leave_515-253634_515-252415.foo.c
910/check_symloop_enter_493-243756_493-244347.foo.c,910/check_symloop_leave_515-254129_515-252415.foo.c
910/check_symloop_enter_493-243756_493-244347.foo.c,910/check_symloop_enter_493-243261_493-242042.foo.c
910/path_ignore_search_268-198009_288-198823.foo.c,910/check_symloop_enter_493-243261_493-244347.foo.c
910/path_ignore_search_268-198009_288-198823.foo.c,910/check_symloop_leave_515-253634_515-252415.foo.c
910/path_ignore_search_268-198009_288-198823.foo.c,910/check_symloop_leave_515-254129_515-252415.foo.c
910/path_ignore_search_268-198009_288-198823.foo.c,910/check_symloop_enter_493-243261_493-242042.foo.c
910/check_symloop_enter_493-243261_493-244347.foo.c,910/check_symloop_leave_515-253634_515-252415.foo.c
910/check_symloop_enter_493-243261_493-244347.foo.c,910/check_symloop_leave_515-254129_515-252415.foo.c
910/check_symloop_enter_493-243261_493-244347.foo.c,910/check_symloop_enter_493-243261_493-242042.foo.c
910/check_symloop_leave_515-253634_515-252415.foo.c,910/check_symloop_leave_515-254129_515-252415.foo.c
910/check_symloop_leave_515-253634_515-252415.foo.c,910/check_symloop_enter_493-243261_493-242042.foo.c
910/check_symloop_leave_515-254129_515-252415.foo.c,910/check_symloop_enter_493-243261_493-242042.foo.c
412_1431_1432_1433_1435_1436/ag_scandir_27-164186_56-165124.foo.c,412_1431_1432_1433_1435_1436/ag_scandir_27-164186_31-164460.foo.c
412_1431_1432_1433_1435_1436/ag_scandir_27-164186_56-165124.foo.c,412_1431_1432_1433_1435_1436/is_binary_335-187644_344-187803.foo.c
412_1431_1432_1433_1435_1436/ag_scandir_27-164186_56-165124.foo.c,412_1431_1432_1433_1435_1436/ag_scandir_27-164186_47-164921.foo.c
412_1431_1432_1433_1435_1436/ag_scandir_27-164186_31-164460.foo.c,412_1431_1432_1433_1435_1436/is_binary_335-187644_344-187803.foo.c
412_1431_1432_1433_1435_1436/ag_scandir_27-164186_31-164460.foo.c,412_1431_1432_1433_1435_1436/ag_scandir_27-164186_47-164921.foo.c
412_1431_1432_1433_1435_1436/is_binary_335-187644_344-187803.foo.c,412_1431_1432_1433_1435_1436/ag_scandir_27-164186_47-164921.foo.c
566_1475_1478_1479/check_symloop_leave_515-252614_515-252965.foo.c,566_1475_1478_1479/check_symloop_leave_515-252844_515-252965.foo.c
566_1475_1478_1479/check_symloop_leave_515-252614_515-252965.foo.c,566_1475_1478_1479/check_symloop_leave_515-252729_515-252965.foo.c
566_1475_1478_1479/check_symloop_leave_515-252614_515-252965.foo.c,566_1475_1478_1479/check_symloop_enter_493-242241_493-242592.foo.c
566_1475_1478_1479/check_symloop_leave_515-252614_515-252965.foo.c,566_1475_1478_1479/check_symloop_enter_493-242471_493-242592.foo.c
566_1475_1478_1479/check_symloop_leave_515-252614_515-252965.foo.c,566_1475_1478_1479/check_symloop_enter_493-242356_493-242592.foo.c
566_1475_1478_1479/check_symloop_leave_515-252844_515-252965.foo.c,566_1475_1478_1479/check_symloop_leave_515-252729_515-252965.foo.c
566_1475_1478_1479/check_symloop_leave_515-252844_515-252965.foo.c,566_1475_1478_1479/check_symloop_enter_493-242241_493-242592.foo.c
566_1475_1478_1479/check_symloop_leave_515-252844_515-252965.foo.c,566_1475_1478_1479/check_symloop_enter_493-242471_493-242592.foo.c
566_1475_1478_1479/check_symloop_leave_515-252844_515-252965.foo.c,566_1475_1478_1479/check_symloop_enter_493-242356_493-242592.foo.c
566_1475_1478_1479/check_symloop_leave_515-252729_515-252965.foo.c,566_1475_1478_1479/check_symloop_enter_493-242241_493-242592.foo.c
566_1475_1478_1479/check_symloop_leave_515-252729_515-252965.foo.c,566_1475_1478_1479/check_symloop_enter_493-242471_493-242592.foo.c
566_1475_1478_1479/check_symloop_leave_515-252729_515-252965.foo.c,566_1475_1478_1479/check_symloop_enter_493-242356_493-242592.foo.c
566_1475_1478_1479/check_symloop_enter_493-242241_493-242592.foo.c,566_1475_1478_1479/check_symloop_enter_493-242471_493-242592.foo.c
566_1475_1478_1479/check_symloop_enter_493-242241_493-242592.foo.c,566_1475_1478_1479/check_symloop_enter_493-242356_493-242592.foo.c
566_1475_1478_1479/check_symloop_enter_493-242471_493-242592.foo.c,566_1475_1478_1479/check_symloop_enter_493-242356_493-242592.foo.c
905_1534_1535_1536_1537_1538/init_options_151-229067_165-235056.foo.c,905_1534_1535_1536_1537_1538/init_options_151-229067_166-235080.foo.c
905_1534_1535_1536_1537_1538/init_options_151-229067_165-235056.foo.c,905_1534_1535_1536_1537_1538/init_options_152-229099_165-235056.foo.c
905_1534_1535_1536_1537_1538/init_options_151-229067_165-235056.foo.c,905_1534_1535_1536_1537_1538/init_options_148-228997_165-235056.foo.c
905_1534_1535_1536_1537_1538/init_options_151-229067_165-235056.foo.c,905_1534_1535_1536_1537_1538/init_options_148-228997_166-235080.foo.c
905_1534_1535_1536_1537_1538/init_options_151-229067_165-235056.foo.c,905_1534_1535_1536_1537_1538/init_options_152-229099_166-235080.foo.c
905_1534_1535_1536_1537_1538/init_options_151-229067_166-235080.foo.c,905_1534_1535_1536_1537_1538/init_options_152-229099_165-235056.foo.c
905_1534_1535_1536_1537_1538/init_options_151-229067_166-235080.foo.c,905_1534_1535_1536_1537_1538/init_options_148-228997_165-235056.foo.c
905_1534_1535_1536_1537_1538/init_options_151-229067_166-235080.foo.c,905_1534_1535_1536_1537_1538/init_options_148-228997_166-235080.foo.c
905_1534_1535_1536_1537_1538/init_options_151-229067_166-235080.foo.c,905_1534_1535_1536_1537_1538/init_options_152-229099_166-235080.foo.c
905_1534_1535_1536_1537_1538/init_options_152-229099_165-235056.foo.c,905_1534_1535_1536_1537_1538/init_options_148-228997_165-235056.foo.c
905_1534_1535_1536_1537_1538/init_options_152-229099_165-235056.foo.c,905_1534_1535_1536_1537_1538/init_options_148-228997_166-235080.foo.c
905_1534_1535_1536_1537_1538/init_options_152-229099_165-235056.foo.c,905_1534_1535_1536_1537_1538/init_options_152-229099_166-235080.foo.c
905_1534_1535_1536_1537_1538/init_options_148-228997_165-235056.foo.c,905_1534_1535_1536_1537_1538/init_options_148-228997_166-235080.foo.c
905_1534_1535_1536_1537_1538/init_options_148-228997_165-235056.foo.c,905_1534_1535_1536_1537_1538/init_options_152-229099_166-235080.foo.c
905_1534_1535_1536_1537_1538/init_options_148-228997_166-235080.foo.c,905_1534_1535_1536_1537_1538/init_options_152-229099_166-235080.foo.c
412_1431/ag_scandir_27-164186_56-165124.foo.c,412_1431/ag_scandir_28-164375_47-164921.foo.c
412_1431/ag_scandir_27-164186_56-165124.foo.c,412_1431/ag_scandir_27-164186_31-164460.foo.c
412_1431/ag_scandir_27-164186_56-165124.foo.c,412_1431/is_binary_335-187644_344-187803.foo.c
412_1431/ag_scandir_27-164186_56-165124.foo.c,412_1431/ag_scandir_27-164186_47-164921.foo.c
412_1431/ag_scandir_27-164186_56-165124.foo.c,412_1431/ag_scandir_28-164375_56-165124.foo.c
412_1431/ag_scandir_27-164186_56-165124.foo.c,412_1431/ag_scandir_31-164460_56-165124.foo.c
412_1431/ag_scandir_28-164375_47-164921.foo.c,412_1431/ag_scandir_27-164186_31-164460.foo.c
412_1431/ag_scandir_28-164375_47-164921.foo.c,412_1431/is_binary_335-187644_344-187803.foo.c
412_1431/ag_scandir_28-164375_47-164921.foo.c,412_1431/ag_scandir_27-164186_47-164921.foo.c
412_1431/ag_scandir_28-164375_47-164921.foo.c,412_1431/ag_scandir_28-164375_56-165124.foo.c
412_1431/ag_scandir_28-164375_47-164921.foo.c,412_1431/ag_scandir_31-164460_56-165124.foo.c
412_1431/ag_scandir_27-164186_31-164460.foo.c,412_1431/is_binary_335-187644_344-187803.foo.c
412_1431/ag_scandir_27-164186_31-164460.foo.c,412_1431/ag_scandir_27-164186_47-164921.foo.c
412_1431/ag_scandir_27-164186_31-164460.foo.c,412_1431/ag_scandir_28-164375_56-165124.foo.c
412_1431/ag_scandir_27-164186_31-164460.foo.c,412_1431/ag_scandir_31-164460_56-165124.foo.c
412_1431/is_binary_335-187644_344-187803.foo.c,412_1431/ag_scandir_27-164186_47-164921.foo.c
412_1431/is_binary_335-187644_344-187803.foo.c,412_1431/ag_scandir_28-164375_56-165124.foo.c
412_1431/is_binary_335-187644_344-187803.foo.c,412_1431/ag_scandir_31-164460_56-165124.foo.c
412_1431/ag_scandir_27-164186_47-164921.foo.c,412_1431/ag_scandir_28-164375_56-165124.foo.c
412_1431/ag_scandir_27-164186_47-164921.foo.c,412_1431/ag_scandir_31-164460_56-165124.foo.c
412_1431/ag_scandir_28-164375_56-165124.foo.c,412_1431/ag_scandir_31-164460_56-165124.foo.c
1327_1571_1572_1573_1574_1575_1576/print_init_context_40-222981_48-223361.foo.c,1327_1571_1572_1573_1574_1575_1576/print_init_context_40-222981_50-223431.foo.c
1327_1571_1572_1573_1574_1575_1576/print_init_context_40-222981_48-223361.foo.c,1327_1571_1572_1573_1574_1575_1576/print_init_context_40-222981_49-223395.foo.c
1327_1571_1572_1573_1574_1575_1576/print_init_context_40-222981_50-223431.foo.c,1327_1571_1572_1573_1574_1575_1576/print_init_context_40-222981_49-223395.foo.c
566_1476/init_wordchar_table_446-207194_447-207221.foo.c,566_1476/init_wordchar_table_445-207158_447-207221.foo.c
566_1476/init_wordchar_table_446-207194_447-207221.foo.c,566_1476/init_wordchar_table_447-207221_445-207158.foo.c
566_1476/init_wordchar_table_446-207194_447-207221.foo.c,566_1476/check_symloop_enter_500-250835_500-250689.foo.c
566_1476/init_wordchar_table_446-207194_447-207221.foo.c,566_1476/init_wordchar_table_445-207158_445-207158.foo.c
566_1476/init_wordchar_table_446-207194_447-207221.foo.c,566_1476/init_wordchar_table_446-207194_445-207158.foo.c
566_1476/init_wordchar_table_446-207194_447-207221.foo.c,566_1476/path_ignore_search_246-197020_245-196970.foo.c
566_1476/init_wordchar_table_445-207158_447-207221.foo.c,566_1476/init_wordchar_table_447-207221_445-207158.foo.c
566_1476/init_wordchar_table_445-207158_447-207221.foo.c,566_1476/check_symloop_enter_500-250835_500-250689.foo.c
566_1476/init_wordchar_table_445-207158_447-207221.foo.c,566_1476/init_wordchar_table_445-207158_445-207158.foo.c
566_1476/init_wordchar_table_445-207158_447-207221.foo.c,566_1476/init_wordchar_table_446-207194_445-207158.foo.c
566_1476/init_wordchar_table_445-207158_447-207221.foo.c,566_1476/path_ignore_search_246-197020_245-196970.foo.c
566_1476/init_wordchar_table_447-207221_445-207158.foo.c,566_1476/check_symloop_enter_500-250835_500-250689.foo.c
566_1476/init_wordchar_table_447-207221_445-207158.foo.c,566_1476/init_wordchar_table_445-207158_445-207158.foo.c
566_1476/init_wordchar_table_447-207221_445-207158.foo.c,566_1476/init_wordchar_table_446-207194_445-207158.foo.c
566_1476/init_wordchar_table_447-207221_445-207158.foo.c,566_1476/path_ignore_search_246-197020_245-196970.foo.c
566_1476/check_symloop_enter_500-250835_500-250689.foo.c,566_1476/init_wordchar_table_445-207158_445-207158.foo.c
566_1476/check_symloop_enter_500-250835_500-250689.foo.c,566_1476/init_wordchar_table_446-207194_445-207158.foo.c
566_1476/check_symloop_enter_500-250835_500-250689.foo.c,566_1476/path_ignore_search_246-197020_245-196970.foo.c
566_1476/init_wordchar_table_445-207158_445-207158.foo.c,566_1476/init_wordchar_table_446-207194_445-207158.foo.c
566_1476/init_wordchar_table_445-207158_445-207158.foo.c,566_1476/path_ignore_search_246-197020_245-196970.foo.c
566_1476/init_wordchar_table_446-207194_445-207158.foo.c,566_1476/path_ignore_search_246-197020_245-196970.foo.c
494_1456/search_buf_80-226715_109-227772.foo.c,494_1456/add_ignore_pattern_104-177886_154-181541.foo.c
494_1456/search_buf_80-226715_109-227772.foo.c,494_1456/filename_filter_315-205502_336-207044.foo.c
494_1456/add_ignore_pattern_104-177886_154-181541.foo.c,494_1456/filename_filter_315-205502_336-207044.foo.c
1318_1569_1570/print_file_matches_149-227063_167-227542.foo.c,1318_1569_1570/print_file_matches_150-227089_167-227542.foo.c
1318_1569_1570/print_file_matches_149-227063_167-227542.foo.c,1318_1569_1570/print_file_matches_151-227121_167-227542.foo.c
1318_1569_1570/print_file_matches_149-227063_167-227542.foo.c,1318_1569_1570/print_file_matches_150-227089_155-227235.foo.c
1318_1569_1570/print_file_matches_149-227063_167-227542.foo.c,1318_1569_1570/print_file_matches_151-227121_155-227235.foo.c
1318_1569_1570/print_file_matches_149-227063_167-227542.foo.c,1318_1569_1570/print_file_matches_149-227063_155-227235.foo.c
1318_1569_1570/print_file_matches_150-227089_167-227542.foo.c,1318_1569_1570/print_file_matches_151-227121_167-227542.foo.c
1318_1569_1570/print_file_matches_150-227089_167-227542.foo.c,1318_1569_1570/print_file_matches_150-227089_155-227235.foo.c
1318_1569_1570/print_file_matches_150-227089_167-227542.foo.c,1318_1569_1570/print_file_matches_151-227121_155-227235.foo.c
1318_1569_1570/print_file_matches_150-227089_167-227542.foo.c,1318_1569_1570/print_file_matches_149-227063_155-227235.foo.c
1318_1569_1570/print_file_matches_151-227121_167-227542.foo.c,1318_1569_1570/print_file_matches_150-227089_155-227235.foo.c
1318_1569_1570/print_file_matches_151-227121_167-227542.foo.c,1318_1569_1570/print_file_matches_151-227121_155-227235.foo.c
1318_1569_1570/print_file_matches_151-227121_167-227542.foo.c,1318_1569_1570/print_file_matches_149-227063_155-227235.foo.c
1318_1569_1570/print_file_matches_150-227089_155-227235.foo.c,1318_1569_1570/print_file_matches_151-227121_155-227235.foo.c
1318_1569_1570/print_file_matches_150-227089_155-227235.foo.c,1318_1569_1570/print_file_matches_149-227063_155-227235.foo.c
1318_1569_1570/print_file_matches_151-227121_155-227235.foo.c,1318_1569_1570/print_file_matches_149-227063_155-227235.foo.c
617_1484_1486_1491_1500_1501_1502/print_file_matches_244-231509_303-234383.foo.c,617_1484_1486_1491_1500_1501_1502/print_file_matches_236-230971_303-234383.foo.c
617_1484_1486_1491_1500_1501_1502/print_file_matches_244-231509_303-234383.foo.c,617_1484_1486_1491_1500_1501_1502/print_file_matches_235-230931_235-230931.foo.c
617_1484_1486_1491_1500_1501_1502/print_file_matches_244-231509_303-234383.foo.c,617_1484_1486_1491_1500_1501_1502/check_symloop_enter_500-250416_500-250835.foo.c
617_1484_1486_1491_1500_1501_1502/print_file_matches_244-231509_303-234383.foo.c,617_1484_1486_1491_1500_1501_1502/search_file_322-236575_333-236922.foo.c
617_1484_1486_1491_1500_1501_1502/print_file_matches_244-231509_303-234383.foo.c,617_1484_1486_1491_1500_1501_1502/search_buf_87-226868_87-226868.foo.c
617_1484_1486_1491_1500_1501_1502/print_file_matches_244-231509_303-234383.foo.c,617_1484_1486_1491_1500_1501_1502/hash_strnstr_231-182908_232-184034.foo.c
617_1484_1486_1491_1500_1501_1502/print_file_matches_236-230971_303-234383.foo.c,617_1484_1486_1491_1500_1501_1502/print_file_matches_235-230931_235-230931.foo.c
617_1484_1486_1491_1500_1501_1502/print_file_matches_236-230971_303-234383.foo.c,617_1484_1486_1491_1500_1501_1502/check_symloop_enter_500-250416_500-250835.foo.c
617_1484_1486_1491_1500_1501_1502/print_file_matches_236-230971_303-234383.foo.c,617_1484_1486_1491_1500_1501_1502/search_file_322-236575_333-236922.foo.c
617_1484_1486_1491_1500_1501_1502/print_file_matches_236-230971_303-234383.foo.c,617_1484_1486_1491_1500_1501_1502/search_buf_87-226868_87-226868.foo.c
617_1484_1486_1491_1500_1501_1502/print_file_matches_236-230971_303-234383.foo.c,617_1484_1486_1491_1500_1501_1502/hash_strnstr_231-182908_232-184034.foo.c
617_1484_1486_1491_1500_1501_1502/print_file_matches_235-230931_235-230931.foo.c,617_1484_1486_1491_1500_1501_1502/check_symloop_enter_500-250416_500-250835.foo.c
617_1484_1486_1491_1500_1501_1502/print_file_matches_235-230931_235-230931.foo.c,617_1484_1486_1491_1500_1501_1502/search_file_322-236575_333-236922.foo.c
617_1484_1486_1491_1500_1501_1502/print_file_matches_235-230931_235-230931.foo.c,617_1484_1486_1491_1500_1501_1502/search_buf_87-226868_87-226868.foo.c
617_1484_1486_1491_1500_1501_1502/print_file_matches_235-230931_235-230931.foo.c,617_1484_1486_1491_1500_1501_1502/hash_strnstr_231-182908_232-184034.foo.c
617_1484_1486_1491_1500_1501_1502/check_symloop_enter_500-250416_500-250835.foo.c,617_1484_1486_1491_1500_1501_1502/search_file_322-236575_333-236922.foo.c
617_1484_1486_1491_1500_1501_1502/check_symloop_enter_500-250416_500-250835.foo.c,617_1484_1486_1491_1500_1501_1502/search_buf_87-226868_87-226868.foo.c
617_1484_1486_1491_1500_1501_1502/check_symloop_enter_500-250416_500-250835.foo.c,617_1484_1486_1491_1500_1501_1502/hash_strnstr_231-182908_232-184034.foo.c
617_1484_1486_1491_1500_1501_1502/search_file_322-236575_333-236922.foo.c,617_1484_1486_1491_1500_1501_1502/search_buf_87-226868_87-226868.foo.c
617_1484_1486_1491_1500_1501_1502/search_file_322-236575_333-236922.foo.c,617_1484_1486_1491_1500_1501_1502/hash_strnstr_231-182908_232-184034.foo.c
617_1484_1486_1491_1500_1501_1502/search_buf_87-226868_87-226868.foo.c,617_1484_1486_1491_1500_1501_1502/hash_strnstr_231-182908_232-184034.foo.c
1229/decompress_zlib_61-236877_74-237735.foo.c,1229/decompress_zlib_62-236969_57-236781.foo.c
1229/decompress_zlib_61-236877_74-237735.foo.c,1229/decompress_zlib_61-236877_57-236781.foo.c
1229/decompress_zlib_62-236969_57-236781.foo.c,1229/decompress_zlib_61-236877_57-236781.foo.c
517_1466_1467_1469_1470_1471/search_file_262-233300_288-234810.foo.c,517_1466_1467_1469_1470_1471/search_file_262-233300_296-235212.foo.c
517_1466_1467_1469_1470_1471/search_file_262-233300_288-234810.foo.c,517_1466_1467_1469_1470_1471/search_file_262-233300_322-236575.foo.c
517_1466_1467_1469_1470_1471/search_file_262-233300_288-234810.foo.c,517_1466_1467_1469_1470_1471/search_file_262-233300_301-235332.foo.c
517_1466_1467_1469_1470_1471/search_file_262-233300_288-234810.foo.c,517_1466_1467_1469_1470_1471/search_file_262-233300_307-235513.foo.c
517_1466_1467_1469_1470_1471/search_file_262-233300_288-234810.foo.c,517_1466_1467_1469_1470_1471/search_file_262-233300_314-236214.foo.c
517_1466_1467_1469_1470_1471/search_file_262-233300_288-234810.foo.c,517_1466_1467_1469_1470_1471/search_file_262-233300_333-236922.foo.c
517_1466_1467_1469_1470_1471/search_file_262-233300_288-234810.foo.c,517_1466_1467_1469_1470_1471/search_file_262-233300_324-236605.foo.c
517_1466_1467_1469_1470_1471/search_file_262-233300_296-235212.foo.c,517_1466_1467_1469_1470_1471/search_file_262-233300_322-236575.foo.c
517_1466_1467_1469_1470_1471/search_file_262-233300_296-235212.foo.c,517_1466_1467_1469_1470_1471/search_file_262-233300_301-235332.foo.c
517_1466_1467_1469_1470_1471/search_file_262-233300_296-235212.foo.c,517_1466_1467_1469_1470_1471/search_file_262-233300_307-235513.foo.c
517_1466_1467_1469_1470_1471/search_file_262-233300_296-235212.foo.c,517_1466_1467_1469_1470_1471/search_file_262-233300_314-236214.foo.c
517_1466_1467_1469_1470_1471/search_file_262-233300_296-235212.foo.c,517_1466_1467_1469_1470_1471/search_file_262-233300_333-236922.foo.c
517_1466_1467_1469_1470_1471/search_file_262-233300_296-235212.foo.c,517_1466_1467_1469_1470_1471/search_file_262-233300_324-236605.foo.c
517_1466_1467_1469_1470_1471/search_file_262-233300_322-236575.foo.c,517_1466_1467_1469_1470_1471/search_file_262-233300_301-235332.foo.c
517_1466_1467_1469_1470_1471/search_file_262-233300_322-236575.foo.c,517_1466_1467_1469_1470_1471/search_file_262-233300_307-235513.foo.c
517_1466_1467_1469_1470_1471/search_file_262-233300_322-236575.foo.c,517_1466_1467_1469_1470_1471/search_file_262-233300_314-236214.foo.c
517_1466_1467_1469_1470_1471/search_file_262-233300_322-236575.foo.c,517_1466_1467_1469_1470_1471/search_file_262-233300_333-236922.foo.c
517_1466_1467_1469_1470_1471/search_file_262-233300_322-236575.foo.c,517_1466_1467_1469_1470_1471/search_file_262-233300_324-236605.foo.c
517_1466_1467_1469_1470_1471/search_file_262-233300_301-235332.foo.c,517_1466_1467_1469_1470_1471/search_file_262-233300_307-235513.foo.c
517_1466_1467_1469_1470_1471/search_file_262-233300_301-235332.foo.c,517_1466_1467_1469_1470_1471/search_file_262-233300_314-236214.foo.c
517_1466_1467_1469_1470_1471/search_file_262-233300_301-235332.foo.c,517_1466_1467_1469_1470_1471/search_file_262-233300_333-236922.foo.c
517_1466_1467_1469_1470_1471/search_file_262-233300_301-235332.foo.c,517_1466_1467_1469_1470_1471/search_file_262-233300_324-236605.foo.c
517_1466_1467_1469_1470_1471/search_file_262-233300_307-235513.foo.c,517_1466_1467_1469_1470_1471/search_file_262-233300_314-236214.foo.c
517_1466_1467_1469_1470_1471/search_file_262-233300_307-235513.foo.c,517_1466_1467_1469_1470_1471/search_file_262-233300_333-236922.foo.c
517_1466_1467_1469_1470_1471/search_file_262-233300_307-235513.foo.c,517_1466_1467_1469_1470_1471/search_file_262-233300_324-236605.foo.c
517_1466_1467_1469_1470_1471/search_file_262-233300_314-236214.foo.c,517_1466_1467_1469_1470_1471/search_file_262-233300_333-236922.foo.c
517_1466_1467_1469_1470_1471/search_file_262-233300_314-236214.foo.c,517_1466_1467_1469_1470_1471/search_file_262-233300_324-236605.foo.c
517_1466_1467_1469_1470_1471/search_file_262-233300_333-236922.foo.c,517_1466_1467_1469_1470_1471/search_file_262-233300_324-236605.foo.c
412_1431_1432_1434_1436_1437_1438_1439/ag_scandir_28-164375_47-164921.foo.c,412_1431_1432_1434_1436_1437_1438_1439/ag_scandir_28-164375_56-165124.foo.c
412_1431_1432_1434_1436_1437_1438_1439/ag_scandir_28-164375_47-164921.foo.c,412_1431_1432_1434_1436_1437_1438_1439/ag_scandir_31-164460_56-165124.foo.c
412_1431_1432_1434_1436_1437_1438_1439/ag_scandir_28-164375_56-165124.foo.c,412_1431_1432_1434_1436_1437_1438_1439/ag_scandir_31-164460_56-165124.foo.c
844_1521/decompress_zlib_30-235199_93-238915.foo.c,844_1521/decompress_zlib_30-235199_56-236768.foo.c
844_1521/decompress_zlib_30-235199_93-238915.foo.c,844_1521/decompress_zlib_30-235199_90-238852.foo.c
844_1521/decompress_zlib_30-235199_56-236768.foo.c,844_1521/decompress_zlib_30-235199_90-238852.foo.c
454_1446/add_ignore_pattern_161-181675_165-187301.foo.c,454_1446/add_ignore_pattern_162-186967_165-187301.foo.c
454_1446/add_ignore_pattern_161-181675_165-187301.foo.c,454_1446/add_ignore_pattern_162-186967_161-181675.foo.c
454_1446/add_ignore_pattern_161-181675_165-187301.foo.c,454_1446/add_ignore_pattern_161-181675_161-181675.foo.c
454_1446/add_ignore_pattern_162-186967_165-187301.foo.c,454_1446/add_ignore_pattern_162-186967_161-181675.foo.c
454_1446/add_ignore_pattern_162-186967_165-187301.foo.c,454_1446/add_ignore_pattern_161-181675_161-181675.foo.c
454_1446/add_ignore_pattern_162-186967_161-181675.foo.c,454_1446/add_ignore_pattern_161-181675_161-181675.foo.c
1158_1551_1553_1554_1555_1556_1557_1558/decompress_zlib_60-236847_57-236781.foo.c,1158_1551_1553_1554_1555_1556_1557_1558/decompress_zlib_60-236847_74-237735.foo.c
1156_1549/search_file_262-233300_287-234655.foo.c,1156_1549/search_file_262-233300_282-233981.foo.c
1156_1549/search_file_262-233300_287-234655.foo.c,1156_1549/search_file_262-233300_276-233800.foo.c
1156_1549/search_file_262-233300_282-233981.foo.c,1156_1549/search_file_262-233300_276-233800.foo.c
431_1439_1443_1445_1446_1447/search_file_270-233639_295-235182.foo.c,431_1439_1443_1445_1446_1447/search_file_271-233680_295-235182.foo.c
431_1439_1441_1444_1445/ag_scandir_27-164186_44-164882.foo.c,431_1439_1441_1444_1445/search_buf_63-225775_109-227772.foo.c
642_1488_1489_1490_1491_1492/open_46-25714_56-26044.foo.c,642_1488_1489_1490_1491_1492/open_43-25644_56-26044.foo.c
512/search_file_267-233496_301-235332.foo.c,512/search_file_266-233480_301-235332.foo.c
512/search_file_267-233496_301-235332.foo.c,512/search_file_266-233480_288-234810.foo.c
512/search_file_267-233496_301-235332.foo.c,512/search_file_266-233480_296-235212.foo.c
512/search_file_267-233496_301-235332.foo.c,512/search_file_267-233496_288-234810.foo.c
512/search_file_267-233496_301-235332.foo.c,512/search_file_267-233496_296-235212.foo.c
512/search_file_267-233496_301-235332.foo.c,512/search_file_266-233480_333-236922.foo.c
512/search_file_267-233496_301-235332.foo.c,512/search_file_267-233496_314-236214.foo.c
512/search_file_267-233496_301-235332.foo.c,512/search_file_266-233480_324-236605.foo.c
512/search_file_267-233496_301-235332.foo.c,512/search_file_267-233496_324-236605.foo.c
512/search_file_267-233496_301-235332.foo.c,512/search_file_266-233480_314-236214.foo.c
512/search_file_267-233496_301-235332.foo.c,512/search_file_267-233496_333-236922.foo.c
512/search_file_267-233496_301-235332.foo.c,512/search_file_266-233480_307-235513.foo.c
512/search_file_267-233496_301-235332.foo.c,512/search_file_268-233524_295-235182.foo.c
512/search_file_267-233496_301-235332.foo.c,512/search_file_267-233496_307-235513.foo.c
512/search_file_266-233480_301-235332.foo.c,512/search_file_266-233480_288-234810.foo.c
512/search_file_266-233480_301-235332.foo.c,512/search_file_266-233480_296-235212.foo.c
512/search_file_266-233480_301-235332.foo.c,512/search_file_267-233496_288-234810.foo.c
512/search_file_266-233480_301-235332.foo.c,512/search_file_267-233496_296-235212.foo.c
512/search_file_266-233480_301-235332.foo.c,512/search_file_266-233480_333-236922.foo.c
512/search_file_266-233480_301-235332.foo.c,512/search_file_267-233496_314-236214.foo.c
512/search_file_266-233480_301-235332.foo.c,512/search_file_266-233480_324-236605.foo.c
512/search_file_266-233480_301-235332.foo.c,512/search_file_267-233496_324-236605.foo.c
512/search_file_266-233480_301-235332.foo.c,512/search_file_266-233480_314-236214.foo.c
512/search_file_266-233480_301-235332.foo.c,512/search_file_267-233496_333-236922.foo.c
512/search_file_266-233480_301-235332.foo.c,512/search_file_266-233480_307-235513.foo.c
512/search_file_266-233480_301-235332.foo.c,512/search_file_268-233524_295-235182.foo.c
512/search_file_266-233480_301-235332.foo.c,512/search_file_267-233496_307-235513.foo.c
512/search_file_266-233480_288-234810.foo.c,512/search_file_266-233480_296-235212.foo.c
512/search_file_266-233480_288-234810.foo.c,512/search_file_267-233496_288-234810.foo.c
512/search_file_266-233480_288-234810.foo.c,512/search_file_267-233496_296-235212.foo.c
512/search_file_266-233480_288-234810.foo.c,512/search_file_266-233480_333-236922.foo.c
512/search_file_266-233480_288-234810.foo.c,512/search_file_267-233496_314-236214.foo.c
512/search_file_266-233480_288-234810.foo.c,512/search_file_266-233480_324-236605.foo.c
512/search_file_266-233480_288-234810.foo.c,512/search_file_267-233496_324-236605.foo.c
512/search_file_266-233480_288-234810.foo.c,512/search_file_266-233480_314-236214.foo.c
512/search_file_266-233480_288-234810.foo.c,512/search_file_267-233496_333-236922.foo.c
512/search_file_266-233480_288-234810.foo.c,512/search_file_266-233480_307-235513.foo.c
512/search_file_266-233480_288-234810.foo.c,512/search_file_268-233524_295-235182.foo.c
512/search_file_266-233480_288-234810.foo.c,512/search_file_267-233496_307-235513.foo.c
512/search_file_266-233480_296-235212.foo.c,512/search_file_267-233496_288-234810.foo.c
512/search_file_266-233480_296-235212.foo.c,512/search_file_267-233496_296-235212.foo.c
512/search_file_266-233480_296-235212.foo.c,512/search_file_266-233480_333-236922.foo.c
512/search_file_266-233480_296-235212.foo.c,512/search_file_267-233496_314-236214.foo.c
512/search_file_266-233480_296-235212.foo.c,512/search_file_266-233480_324-236605.foo.c
512/search_file_266-233480_296-235212.foo.c,512/search_file_267-233496_324-236605.foo.c
512/search_file_266-233480_296-235212.foo.c,512/search_file_266-233480_314-236214.foo.c
512/search_file_266-233480_296-235212.foo.c,512/search_file_267-233496_333-236922.foo.c
512/search_file_266-233480_296-235212.foo.c,512/search_file_266-233480_307-235513.foo.c
512/search_file_266-233480_296-235212.foo.c,512/search_file_268-233524_295-235182.foo.c
512/search_file_266-233480_296-235212.foo.c,512/search_file_267-233496_307-235513.foo.c
512/search_file_267-233496_288-234810.foo.c,512/search_file_267-233496_296-235212.foo.c
512/search_file_267-233496_288-234810.foo.c,512/search_file_266-233480_333-236922.foo.c
512/search_file_267-233496_288-234810.foo.c,512/search_file_267-233496_314-236214.foo.c
512/search_file_267-233496_288-234810.foo.c,512/search_file_266-233480_324-236605.foo.c
512/search_file_267-233496_288-234810.foo.c,512/search_file_267-233496_324-236605.foo.c
512/search_file_267-233496_288-234810.foo.c,512/search_file_266-233480_314-236214.foo.c
512/search_file_267-233496_288-234810.foo.c,512/search_file_267-233496_333-236922.foo.c
512/search_file_267-233496_288-234810.foo.c,512/search_file_266-233480_307-235513.foo.c
512/search_file_267-233496_288-234810.foo.c,512/search_file_268-233524_295-235182.foo.c
512/search_file_267-233496_288-234810.foo.c,512/search_file_267-233496_307-235513.foo.c
512/search_file_267-233496_296-235212.foo.c,512/search_file_266-233480_333-236922.foo.c
512/search_file_267-233496_296-235212.foo.c,512/search_file_267-233496_314-236214.foo.c
512/search_file_267-233496_296-235212.foo.c,512/search_file_266-233480_324-236605.foo.c
512/search_file_267-233496_296-235212.foo.c,512/search_file_267-233496_324-236605.foo.c
512/search_file_267-233496_296-235212.foo.c,512/search_file_266-233480_314-236214.foo.c
512/search_file_267-233496_296-235212.foo.c,512/search_file_267-233496_333-236922.foo.c
512/search_file_267-233496_296-235212.foo.c,512/search_file_266-233480_307-235513.foo.c
512/search_file_267-233496_296-235212.foo.c,512/search_file_268-233524_295-235182.foo.c
512/search_file_267-233496_296-235212.foo.c,512/search_file_267-233496_307-235513.foo.c
512/search_file_266-233480_333-236922.foo.c,512/search_file_267-233496_314-236214.foo.c
512/search_file_266-233480_333-236922.foo.c,512/search_file_266-233480_324-236605.foo.c
512/search_file_266-233480_333-236922.foo.c,512/search_file_267-233496_324-236605.foo.c
512/search_file_266-233480_333-236922.foo.c,512/search_file_266-233480_314-236214.foo.c
512/search_file_266-233480_333-236922.foo.c,512/search_file_267-233496_333-236922.foo.c
512/search_file_266-233480_333-236922.foo.c,512/search_file_266-233480_307-235513.foo.c
512/search_file_266-233480_333-236922.foo.c,512/search_file_268-233524_295-235182.foo.c
512/search_file_266-233480_333-236922.foo.c,512/search_file_267-233496_307-235513.foo.c
512/search_file_267-233496_314-236214.foo.c,512/search_file_266-233480_324-236605.foo.c
512/search_file_267-233496_314-236214.foo.c,512/search_file_267-233496_324-236605.foo.c
512/search_file_267-233496_314-236214.foo.c,512/search_file_266-233480_314-236214.foo.c
512/search_file_267-233496_314-236214.foo.c,512/search_file_267-233496_333-236922.foo.c
512/search_file_267-233496_314-236214.foo.c,512/search_file_266-233480_307-235513.foo.c
512/search_file_267-233496_314-236214.foo.c,512/search_file_268-233524_295-235182.foo.c
512/search_file_267-233496_314-236214.foo.c,512/search_file_267-233496_307-235513.foo.c
512/search_file_266-233480_324-236605.foo.c,512/search_file_267-233496_324-236605.foo.c
512/search_file_266-233480_324-236605.foo.c,512/search_file_266-233480_314-236214.foo.c
512/search_file_266-233480_324-236605.foo.c,512/search_file_267-233496_333-236922.foo.c
512/search_file_266-233480_324-236605.foo.c,512/search_file_266-233480_307-235513.foo.c
512/search_file_266-233480_324-236605.foo.c,512/search_file_268-233524_295-235182.foo.c
512/search_file_266-233480_324-236605.foo.c,512/search_file_267-233496_307-235513.foo.c
512/search_file_267-233496_324-236605.foo.c,512/search_file_266-233480_314-236214.foo.c
512/search_file_267-233496_324-236605.foo.c,512/search_file_267-233496_333-236922.foo.c
512/search_file_267-233496_324-236605.foo.c,512/search_file_266-233480_307-235513.foo.c
512/search_file_267-233496_324-236605.foo.c,512/search_file_268-233524_295-235182.foo.c
512/search_file_267-233496_324-236605.foo.c,512/search_file_267-233496_307-235513.foo.c
512/search_file_266-233480_314-236214.foo.c,512/search_file_267-233496_333-236922.foo.c
512/search_file_266-233480_314-236214.foo.c,512/search_file_266-233480_307-235513.foo.c
512/search_file_266-233480_314-236214.foo.c,512/search_file_268-233524_295-235182.foo.c
512/search_file_266-233480_314-236214.foo.c,512/search_file_267-233496_307-235513.foo.c
512/search_file_267-233496_333-236922.foo.c,512/search_file_266-233480_307-235513.foo.c
512/search_file_267-233496_333-236922.foo.c,512/search_file_268-233524_295-235182.foo.c
512/search_file_267-233496_333-236922.foo.c,512/search_file_267-233496_307-235513.foo.c
512/search_file_266-233480_307-235513.foo.c,512/search_file_268-233524_295-235182.foo.c
512/search_file_266-233480_307-235513.foo.c,512/search_file_267-233496_307-235513.foo.c
512/search_file_268-233524_295-235182.foo.c,512/search_file_267-233496_307-235513.foo.c
1187_1555_1556_1557_1558_1559_1560/decompress_zlib_29-235182_52-236638.foo.c,1187_1555_1556_1557_1558_1559_1560/decompress_lzma_127-240113_127-240113.foo.c
1187_1555_1556_1557_1558_1559_1560/decompress_zlib_29-235182_52-236638.foo.c,1187_1555_1556_1557_1558_1559_1560/decompress_zlib_29-235182_55-236704.foo.c
1187_1555_1556_1557_1558_1559_1560/decompress_zlib_29-235182_52-236638.foo.c,1187_1555_1556_1557_1558_1559_1560/decompress_lzma_150-241105_146-241009.foo.c
1187_1555_1556_1557_1558_1559_1560/decompress_zlib_29-235182_52-236638.foo.c,1187_1555_1556_1557_1558_1559_1560/decompress_zlib_29-235182_45-236030.foo.c
1187_1555_1556_1557_1558_1559_1560/decompress_zlib_29-235182_52-236638.foo.c,1187_1555_1556_1557_1558_1559_1560/decompress_zlib_29-235182_54-236674.foo.c
1187_1555_1556_1557_1558_1559_1560/decompress_zlib_29-235182_52-236638.foo.c,1187_1555_1556_1557_1558_1559_1560/decompress_zlib_29-235182_50-236606.foo.c
1187_1555_1556_1557_1558_1559_1560/decompress_lzma_127-240113_127-240113.foo.c,1187_1555_1556_1557_1558_1559_1560/decompress_zlib_29-235182_55-236704.foo.c
1187_1555_1556_1557_1558_1559_1560/decompress_lzma_127-240113_127-240113.foo.c,1187_1555_1556_1557_1558_1559_1560/decompress_lzma_150-241105_146-241009.foo.c
1187_1555_1556_1557_1558_1559_1560/decompress_lzma_127-240113_127-240113.foo.c,1187_1555_1556_1557_1558_1559_1560/decompress_zlib_29-235182_45-236030.foo.c
1187_1555_1556_1557_1558_1559_1560/decompress_lzma_127-240113_127-240113.foo.c,1187_1555_1556_1557_1558_1559_1560/decompress_zlib_29-235182_54-236674.foo.c
1187_1555_1556_1557_1558_1559_1560/decompress_lzma_127-240113_127-240113.foo.c,1187_1555_1556_1557_1558_1559_1560/decompress_zlib_29-235182_50-236606.foo.c
1187_1555_1556_1557_1558_1559_1560/decompress_zlib_29-235182_55-236704.foo.c,1187_1555_1556_1557_1558_1559_1560/decompress_lzma_150-241105_146-241009.foo.c
1187_1555_1556_1557_1558_1559_1560/decompress_zlib_29-235182_55-236704.foo.c,1187_1555_1556_1557_1558_1559_1560/decompress_zlib_29-235182_45-236030.foo.c
1187_1555_1556_1557_1558_1559_1560/decompress_zlib_29-235182_55-236704.foo.c,1187_1555_1556_1557_1558_1559_1560/decompress_zlib_29-235182_54-236674.foo.c
1187_1555_1556_1557_1558_1559_1560/decompress_zlib_29-235182_55-236704.foo.c,1187_1555_1556_1557_1558_1559_1560/decompress_zlib_29-235182_50-236606.foo.c
1187_1555_1556_1557_1558_1559_1560/decompress_lzma_150-241105_146-241009.foo.c,1187_1555_1556_1557_1558_1559_1560/decompress_zlib_29-235182_45-236030.foo.c
1187_1555_1556_1557_1558_1559_1560/decompress_lzma_150-241105_146-241009.foo.c,1187_1555_1556_1557_1558_1559_1560/decompress_zlib_29-235182_54-236674.foo.c
1187_1555_1556_1557_1558_1559_1560/decompress_lzma_150-241105_146-241009.foo.c,1187_1555_1556_1557_1558_1559_1560/decompress_zlib_29-235182_50-236606.foo.c
1187_1555_1556_1557_1558_1559_1560/decompress_zlib_29-235182_45-236030.foo.c,1187_1555_1556_1557_1558_1559_1560/decompress_zlib_29-235182_54-236674.foo.c
1187_1555_1556_1557_1558_1559_1560/decompress_zlib_29-235182_45-236030.foo.c,1187_1555_1556_1557_1558_1559_1560/decompress_zlib_29-235182_50-236606.foo.c
1187_1555_1556_1557_1558_1559_1560/decompress_zlib_29-235182_54-236674.foo.c,1187_1555_1556_1557_1558_1559_1560/decompress_zlib_29-235182_50-236606.foo.c
580_1477_1479_1480_1481/search_file_267-233496_322-236575.foo.c,580_1477_1479_1480_1481/search_file_266-233480_322-236575.foo.c
1232_1563_1564_1565_1566/decompress_lzma_149-241075_162-241802.foo.c,1232_1563_1564_1565_1566/decompress_lzma_149-241075_146-241009.foo.c
566_1476_1479_1481_1483_1484_1485/init_wordchar_table_446-207194_447-207221.foo.c,566_1476_1479_1481_1483_1484_1485/init_wordchar_table_445-207158_447-207221.foo.c
566_1476_1479_1481_1483_1484_1485/init_wordchar_table_446-207194_447-207221.foo.c,566_1476_1479_1481_1483_1484_1485/init_wordchar_table_447-207221_445-207158.foo.c
566_1476_1479_1481_1483_1484_1485/init_wordchar_table_446-207194_447-207221.foo.c,566_1476_1479_1481_1483_1484_1485/init_wordchar_table_445-207158_445-207158.foo.c
566_1476_1479_1481_1483_1484_1485/init_wordchar_table_446-207194_447-207221.foo.c,566_1476_1479_1481_1483_1484_1485/init_wordchar_table_446-207194_445-207158.foo.c
566_1476_1479_1481_1483_1484_1485/init_wordchar_table_445-207158_447-207221.foo.c,566_1476_1479_1481_1483_1484_1485/init_wordchar_table_447-207221_445-207158.foo.c
566_1476_1479_1481_1483_1484_1485/init_wordchar_table_445-207158_447-207221.foo.c,566_1476_1479_1481_1483_1484_1485/init_wordchar_table_445-207158_445-207158.foo.c
566_1476_1479_1481_1483_1484_1485/init_wordchar_table_445-207158_447-207221.foo.c,566_1476_1479_1481_1483_1484_1485/init_wordchar_table_446-207194_445-207158.foo.c
566_1476_1479_1481_1483_1484_1485/init_wordchar_table_447-207221_445-207158.foo.c,566_1476_1479_1481_1483_1484_1485/init_wordchar_table_445-207158_445-207158.foo.c
566_1476_1479_1481_1483_1484_1485/init_wordchar_table_447-207221_445-207158.foo.c,566_1476_1479_1481_1483_1484_1485/init_wordchar_table_446-207194_445-207158.foo.c
566_1476_1479_1481_1483_1484_1485/init_wordchar_table_445-207158_445-207158.foo.c,566_1476_1479_1481_1483_1484_1485/init_wordchar_table_446-207194_445-207158.foo.c
454_1446_1447_1448_1449_1450_1451/add_ignore_pattern_161-181675_165-187301.foo.c,454_1446_1447_1448_1449_1450_1451/add_ignore_pattern_162-186967_165-187301.foo.c
454_1446_1447_1448_1449_1450_1451/add_ignore_pattern_161-181675_165-187301.foo.c,454_1446_1447_1448_1449_1450_1451/add_ignore_pattern_162-186967_161-181675.foo.c
454_1446_1447_1448_1449_1450_1451/add_ignore_pattern_161-181675_165-187301.foo.c,454_1446_1447_1448_1449_1450_1451/add_ignore_pattern_161-181675_161-181675.foo.c
454_1446_1447_1448_1449_1450_1451/add_ignore_pattern_162-186967_165-187301.foo.c,454_1446_1447_1448_1449_1450_1451/add_ignore_pattern_162-186967_161-181675.foo.c
454_1446_1447_1448_1449_1450_1451/add_ignore_pattern_162-186967_165-187301.foo.c,454_1446_1447_1448_1449_1450_1451/add_ignore_pattern_161-181675_161-181675.foo.c
454_1446_1447_1448_1449_1450_1451/add_ignore_pattern_162-186967_161-181675.foo.c,454_1446_1447_1448_1449_1450_1451/add_ignore_pattern_161-181675_161-181675.foo.c
1002_1543_1545_1546/check_symloop_enter_493-242129_493-243756.foo.c,1002_1543_1545_1546/check_symloop_enter_493-242153_493-243756.foo.c
1002_1543_1545_1546/check_symloop_enter_493-242129_493-243756.foo.c,1002_1543_1545_1546/check_symloop_enter_493-242181_493-243756.foo.c
1002_1543_1545_1546/check_symloop_enter_493-242129_493-243756.foo.c,1002_1543_1545_1546/check_symloop_leave_515-252554_515-254129.foo.c
1002_1543_1545_1546/check_symloop_enter_493-242129_493-243756.foo.c,1002_1543_1545_1546/check_symloop_leave_515-252450_515-254129.foo.c
1002_1543_1545_1546/check_symloop_enter_493-242129_493-243756.foo.c,1002_1543_1545_1546/check_symloop_enter_493-242077_493-243756.foo.c
1002_1543_1545_1546/check_symloop_enter_493-242129_493-243756.foo.c,1002_1543_1545_1546/check_symloop_leave_515-252526_515-254129.foo.c
1002_1543_1545_1546/check_symloop_enter_493-242129_493-243756.foo.c,1002_1543_1545_1546/check_symloop_leave_515-252502_515-254129.foo.c
1002_1543_1545_1546/check_symloop_enter_493-242153_493-243756.foo.c,1002_1543_1545_1546/check_symloop_enter_493-242181_493-243756.foo.c
1002_1543_1545_1546/check_symloop_enter_493-242153_493-243756.foo.c,1002_1543_1545_1546/check_symloop_leave_515-252554_515-254129.foo.c
1002_1543_1545_1546/check_symloop_enter_493-242153_493-243756.foo.c,1002_1543_1545_1546/check_symloop_leave_515-252450_515-254129.foo.c
1002_1543_1545_1546/check_symloop_enter_493-242153_493-243756.foo.c,1002_1543_1545_1546/check_symloop_enter_493-242077_493-243756.foo.c
1002_1543_1545_1546/check_symloop_enter_493-242153_493-243756.foo.c,1002_1543_1545_1546/check_symloop_leave_515-252526_515-254129.foo.c
1002_1543_1545_1546/check_symloop_enter_493-242153_493-243756.foo.c,1002_1543_1545_1546/check_symloop_leave_515-252502_515-254129.foo.c
1002_1543_1545_1546/check_symloop_enter_493-242181_493-243756.foo.c,1002_1543_1545_1546/check_symloop_leave_515-252554_515-254129.foo.c
1002_1543_1545_1546/check_symloop_enter_493-242181_493-243756.foo.c,1002_1543_1545_1546/check_symloop_leave_515-252450_515-254129.foo.c
1002_1543_1545_1546/check_symloop_enter_493-242181_493-243756.foo.c,1002_1543_1545_1546/check_symloop_enter_493-242077_493-243756.foo.c
1002_1543_1545_1546/check_symloop_enter_493-242181_493-243756.foo.c,1002_1543_1545_1546/check_symloop_leave_515-252526_515-254129.foo.c
1002_1543_1545_1546/check_symloop_enter_493-242181_493-243756.foo.c,1002_1543_1545_1546/check_symloop_leave_515-252502_515-254129.foo.c
1002_1543_1545_1546/check_symloop_leave_515-252554_515-254129.foo.c,1002_1543_1545_1546/check_symloop_leave_515-252450_515-254129.foo.c
1002_1543_1545_1546/check_symloop_leave_515-252554_515-254129.foo.c,1002_1543_1545_1546/check_symloop_enter_493-242077_493-243756.foo.c
1002_1543_1545_1546/check_symloop_leave_515-252554_515-254129.foo.c,1002_1543_1545_1546/check_symloop_leave_515-252526_515-254129.foo.c
1002_1543_1545_1546/check_symloop_leave_515-252554_515-254129.foo.c,1002_1543_1545_1546/check_symloop_leave_515-252502_515-254129.foo.c
1002_1543_1545_1546/check_symloop_leave_515-252450_515-254129.foo.c,1002_1543_1545_1546/check_symloop_enter_493-242077_493-243756.foo.c
1002_1543_1545_1546/check_symloop_leave_515-252450_515-254129.foo.c,1002_1543_1545_1546/check_symloop_leave_515-252526_515-254129.foo.c
1002_1543_1545_1546/check_symloop_leave_515-252450_515-254129.foo.c,1002_1543_1545_1546/check_symloop_leave_515-252502_515-254129.foo.c
1002_1543_1545_1546/check_symloop_enter_493-242077_493-243756.foo.c,1002_1543_1545_1546/check_symloop_leave_515-252526_515-254129.foo.c
1002_1543_1545_1546/check_symloop_enter_493-242077_493-243756.foo.c,1002_1543_1545_1546/check_symloop_leave_515-252502_515-254129.foo.c
1002_1543_1545_1546/check_symloop_leave_515-252526_515-254129.foo.c,1002_1543_1545_1546/check_symloop_leave_515-252502_515-254129.foo.c
224_1387/search_file_266-233480_392-238733.foo.c,224_1387/search_file_267-233496_392-238733.foo.c
224_1387/search_file_266-233480_392-238733.foo.c,224_1387/search_file_264-233338_392-238733.foo.c
224_1387/search_file_266-233480_392-238733.foo.c,224_1387/search_file_267-233496_414-239165.foo.c
224_1387/search_file_266-233480_392-238733.foo.c,224_1387/search_file_264-233338_414-239165.foo.c
224_1387/search_file_266-233480_392-238733.foo.c,224_1387/search_file_266-233480_414-239165.foo.c
224_1387/search_file_266-233480_392-238733.foo.c,224_1387/search_file_266-233480_358-237135.foo.c
224_1387/search_file_266-233480_392-238733.foo.c,224_1387/search_file_264-233338_358-237135.foo.c
224_1387/search_file_266-233480_392-238733.foo.c,224_1387/search_file_267-233496_358-237135.foo.c
224_1387/search_file_267-233496_392-238733.foo.c,224_1387/search_file_264-233338_392-238733.foo.c
224_1387/search_file_267-233496_392-238733.foo.c,224_1387/search_file_267-233496_414-239165.foo.c
224_1387/search_file_267-233496_392-238733.foo.c,224_1387/search_file_264-233338_414-239165.foo.c
224_1387/search_file_267-233496_392-238733.foo.c,224_1387/search_file_266-233480_414-239165.foo.c
224_1387/search_file_267-233496_392-238733.foo.c,224_1387/search_file_266-233480_358-237135.foo.c
224_1387/search_file_267-233496_392-238733.foo.c,224_1387/search_file_264-233338_358-237135.foo.c
224_1387/search_file_267-233496_392-238733.foo.c,224_1387/search_file_267-233496_358-237135.foo.c
224_1387/search_file_264-233338_392-238733.foo.c,224_1387/search_file_267-233496_414-239165.foo.c
224_1387/search_file_264-233338_392-238733.foo.c,224_1387/search_file_264-233338_414-239165.foo.c
224_1387/search_file_264-233338_392-238733.foo.c,224_1387/search_file_266-233480_414-239165.foo.c
224_1387/search_file_264-233338_392-238733.foo.c,224_1387/search_file_266-233480_358-237135.foo.c
224_1387/search_file_264-233338_392-238733.foo.c,224_1387/search_file_264-233338_358-237135.foo.c
224_1387/search_file_264-233338_392-238733.foo.c,224_1387/search_file_267-233496_358-237135.foo.c
224_1387/search_file_267-233496_414-239165.foo.c,224_1387/search_file_264-233338_414-239165.foo.c
224_1387/search_file_267-233496_414-239165.foo.c,224_1387/search_file_266-233480_414-239165.foo.c
224_1387/search_file_267-233496_414-239165.foo.c,224_1387/search_file_266-233480_358-237135.foo.c
224_1387/search_file_267-233496_414-239165.foo.c,224_1387/search_file_264-233338_358-237135.foo.c
224_1387/search_file_267-233496_414-239165.foo.c,224_1387/search_file_267-233496_358-237135.foo.c
224_1387/search_file_264-233338_414-239165.foo.c,224_1387/search_file_266-233480_414-239165.foo.c
224_1387/search_file_264-233338_414-239165.foo.c,224_1387/search_file_266-233480_358-237135.foo.c
224_1387/search_file_264-233338_414-239165.foo.c,224_1387/search_file_264-233338_358-237135.foo.c
224_1387/search_file_264-233338_414-239165.foo.c,224_1387/search_file_267-233496_358-237135.foo.c
224_1387/search_file_266-233480_414-239165.foo.c,224_1387/search_file_266-233480_358-237135.foo.c
224_1387/search_file_266-233480_414-239165.foo.c,224_1387/search_file_264-233338_358-237135.foo.c
224_1387/search_file_266-233480_414-239165.foo.c,224_1387/search_file_267-233496_358-237135.foo.c
224_1387/search_file_266-233480_358-237135.foo.c,224_1387/search_file_264-233338_358-237135.foo.c
224_1387/search_file_266-233480_358-237135.foo.c,224_1387/search_file_267-233496_358-237135.foo.c
224_1387/search_file_264-233338_358-237135.foo.c,224_1387/search_file_267-233496_358-237135.foo.c
224_1387_1389/search_file_266-233480_392-238733.foo.c,224_1387_1389/search_file_267-233496_392-238733.foo.c
224_1387_1389/search_file_266-233480_392-238733.foo.c,224_1387_1389/search_file_264-233338_392-238733.foo.c
224_1387_1389/search_file_266-233480_392-238733.foo.c,224_1387_1389/search_file_267-233496_414-239165.foo.c
224_1387_1389/search_file_266-233480_392-238733.foo.c,224_1387_1389/search_file_264-233338_414-239165.foo.c
224_1387_1389/search_file_266-233480_392-238733.foo.c,224_1387_1389/search_file_266-233480_414-239165.foo.c
224_1387_1389/search_file_266-233480_392-238733.foo.c,224_1387_1389/search_file_266-233480_358-237135.foo.c
224_1387_1389/search_file_266-233480_392-238733.foo.c,224_1387_1389/search_file_264-233338_358-237135.foo.c
224_1387_1389/search_file_266-233480_392-238733.foo.c,224_1387_1389/search_file_267-233496_358-237135.foo.c
224_1387_1389/search_file_267-233496_392-238733.foo.c,224_1387_1389/search_file_264-233338_392-238733.foo.c
224_1387_1389/search_file_267-233496_392-238733.foo.c,224_1387_1389/search_file_267-233496_414-239165.foo.c
224_1387_1389/search_file_267-233496_392-238733.foo.c,224_1387_1389/search_file_264-233338_414-239165.foo.c
224_1387_1389/search_file_267-233496_392-238733.foo.c,224_1387_1389/search_file_266-233480_414-239165.foo.c
224_1387_1389/search_file_267-233496_392-238733.foo.c,224_1387_1389/search_file_266-233480_358-237135.foo.c
224_1387_1389/search_file_267-233496_392-238733.foo.c,224_1387_1389/search_file_264-233338_358-237135.foo.c
224_1387_1389/search_file_267-233496_392-238733.foo.c,224_1387_1389/search_file_267-233496_358-237135.foo.c
224_1387_1389/search_file_264-233338_392-238733.foo.c,224_1387_1389/search_file_267-233496_414-239165.foo.c
224_1387_1389/search_file_264-233338_392-238733.foo.c,224_1387_1389/search_file_264-233338_414-239165.foo.c
224_1387_1389/search_file_264-233338_392-238733.foo.c,224_1387_1389/search_file_266-233480_414-239165.foo.c
224_1387_1389/search_file_264-233338_392-238733.foo.c,224_1387_1389/search_file_266-233480_358-237135.foo.c
224_1387_1389/search_file_264-233338_392-238733.foo.c,224_1387_1389/search_file_264-233338_358-237135.foo.c
224_1387_1389/search_file_264-233338_392-238733.foo.c,224_1387_1389/search_file_267-233496_358-237135.foo.c
224_1387_1389/search_file_267-233496_414-239165.foo.c,224_1387_1389/search_file_264-233338_414-239165.foo.c
224_1387_1389/search_file_267-233496_414-239165.foo.c,224_1387_1389/search_file_266-233480_414-239165.foo.c
224_1387_1389/search_file_267-233496_414-239165.foo.c,224_1387_1389/search_file_266-233480_358-237135.foo.c
224_1387_1389/search_file_267-233496_414-239165.foo.c,224_1387_1389/search_file_264-233338_358-237135.foo.c
224_1387_1389/search_file_267-233496_414-239165.foo.c,224_1387_1389/search_file_267-233496_358-237135.foo.c
224_1387_1389/search_file_264-233338_414-239165.foo.c,224_1387_1389/search_file_266-233480_414-239165.foo.c
224_1387_1389/search_file_264-233338_414-239165.foo.c,224_1387_1389/search_file_266-233480_358-237135.foo.c
224_1387_1389/search_file_264-233338_414-239165.foo.c,224_1387_1389/search_file_264-233338_358-237135.foo.c
224_1387_1389/search_file_264-233338_414-239165.foo.c,224_1387_1389/search_file_267-233496_358-237135.foo.c
224_1387_1389/search_file_266-233480_414-239165.foo.c,224_1387_1389/search_file_266-233480_358-237135.foo.c
224_1387_1389/search_file_266-233480_414-239165.foo.c,224_1387_1389/search_file_264-233338_358-237135.foo.c
224_1387_1389/search_file_266-233480_414-239165.foo.c,224_1387_1389/search_file_267-233496_358-237135.foo.c
224_1387_1389/search_file_266-233480_358-237135.foo.c,224_1387_1389/search_file_264-233338_358-237135.foo.c
224_1387_1389/search_file_266-233480_358-237135.foo.c,224_1387_1389/search_file_267-233496_358-237135.foo.c
224_1387_1389/search_file_264-233338_358-237135.foo.c,224_1387_1389/search_file_267-233496_358-237135.foo.c
884_1524_1525_1526/ag_scandir_11-163457_61-165202.foo.c,884_1524_1525_1526/ag_scandir_11-163457_65-165256.foo.c
884_1524_1525_1526/ag_scandir_11-163457_61-165202.foo.c,884_1524_1525_1526/ag_scandir_12-163574_27-164186.foo.c
884_1524_1525_1526/ag_scandir_11-163457_61-165202.foo.c,884_1524_1525_1526/ag_scandir_12-163574_65-165256.foo.c
884_1524_1525_1526/ag_scandir_11-163457_61-165202.foo.c,884_1524_1525_1526/ag_scandir_11-163457_27-164186.foo.c
884_1524_1525_1526/ag_scandir_11-163457_61-165202.foo.c,884_1524_1525_1526/ag_scandir_12-163574_61-165202.foo.c
884_1524_1525_1526/ag_scandir_11-163457_61-165202.foo.c,884_1524_1525_1526/ag_scandir_11-163457_62-165225.foo.c
884_1524_1525_1526/ag_scandir_11-163457_61-165202.foo.c,884_1524_1525_1526/ag_scandir_12-163574_62-165225.foo.c
884_1524_1525_1526/ag_scandir_11-163457_65-165256.foo.c,884_1524_1525_1526/ag_scandir_12-163574_27-164186.foo.c
884_1524_1525_1526/ag_scandir_11-163457_65-165256.foo.c,884_1524_1525_1526/ag_scandir_12-163574_65-165256.foo.c
884_1524_1525_1526/ag_scandir_11-163457_65-165256.foo.c,884_1524_1525_1526/ag_scandir_11-163457_27-164186.foo.c
884_1524_1525_1526/ag_scandir_11-163457_65-165256.foo.c,884_1524_1525_1526/ag_scandir_12-163574_61-165202.foo.c
884_1524_1525_1526/ag_scandir_11-163457_65-165256.foo.c,884_1524_1525_1526/ag_scandir_11-163457_62-165225.foo.c
884_1524_1525_1526/ag_scandir_11-163457_65-165256.foo.c,884_1524_1525_1526/ag_scandir_12-163574_62-165225.foo.c
884_1524_1525_1526/ag_scandir_12-163574_27-164186.foo.c,884_1524_1525_1526/ag_scandir_12-163574_65-165256.foo.c
884_1524_1525_1526/ag_scandir_12-163574_27-164186.foo.c,884_1524_1525_1526/ag_scandir_11-163457_27-164186.foo.c
884_1524_1525_1526/ag_scandir_12-163574_27-164186.foo.c,884_1524_1525_1526/ag_scandir_12-163574_61-165202.foo.c
884_1524_1525_1526/ag_scandir_12-163574_27-164186.foo.c,884_1524_1525_1526/ag_scandir_11-163457_62-165225.foo.c
884_1524_1525_1526/ag_scandir_12-163574_27-164186.foo.c,884_1524_1525_1526/ag_scandir_12-163574_62-165225.foo.c
884_1524_1525_1526/ag_scandir_12-163574_65-165256.foo.c,884_1524_1525_1526/ag_scandir_11-163457_27-164186.foo.c
884_1524_1525_1526/ag_scandir_12-163574_65-165256.foo.c,884_1524_1525_1526/ag_scandir_12-163574_61-165202.foo.c
884_1524_1525_1526/ag_scandir_12-163574_65-165256.foo.c,884_1524_1525_1526/ag_scandir_11-163457_62-165225.foo.c
884_1524_1525_1526/ag_scandir_12-163574_65-165256.foo.c,884_1524_1525_1526/ag_scandir_12-163574_62-165225.foo.c
884_1524_1525_1526/ag_scandir_11-163457_27-164186.foo.c,884_1524_1525_1526/ag_scandir_12-163574_61-165202.foo.c
884_1524_1525_1526/ag_scandir_11-163457_27-164186.foo.c,884_1524_1525_1526/ag_scandir_11-163457_62-165225.foo.c
884_1524_1525_1526/ag_scandir_11-163457_27-164186.foo.c,884_1524_1525_1526/ag_scandir_12-163574_62-165225.foo.c
884_1524_1525_1526/ag_scandir_12-163574_61-165202.foo.c,884_1524_1525_1526/ag_scandir_11-163457_62-165225.foo.c
884_1524_1525_1526/ag_scandir_12-163574_61-165202.foo.c,884_1524_1525_1526/ag_scandir_12-163574_62-165225.foo.c
884_1524_1525_1526/ag_scandir_11-163457_62-165225.foo.c,884_1524_1525_1526/ag_scandir_12-163574_62-165225.foo.c
1231/main_187-235368_193-235477.foo.c,1231/main_187-235368_188-235428.foo.c
1158_1550_1552/decompress_zlib_38-235495_54-236674.foo.c,1158_1550_1552/decompress_zlib_32-235386_52-236638.foo.c
1158_1550_1552/decompress_zlib_38-235495_54-236674.foo.c,1158_1550_1552/decompress_zlib_39-235622_54-236674.foo.c
1158_1550_1552/decompress_zlib_38-235495_54-236674.foo.c,1158_1550_1552/decompress_zlib_32-235386_54-236674.foo.c
1158_1550_1552/decompress_zlib_38-235495_54-236674.foo.c,1158_1550_1552/decompress_zlib_40-235746_55-236704.foo.c
1158_1550_1552/decompress_zlib_38-235495_54-236674.foo.c,1158_1550_1552/decompress_zlib_39-235622_55-236704.foo.c
1158_1550_1552/decompress_zlib_38-235495_54-236674.foo.c,1158_1550_1552/decompress_zlib_38-235495_55-236704.foo.c
1158_1550_1552/decompress_zlib_32-235386_52-236638.foo.c,1158_1550_1552/decompress_zlib_39-235622_54-236674.foo.c
1158_1550_1552/decompress_zlib_32-235386_52-236638.foo.c,1158_1550_1552/decompress_zlib_32-235386_54-236674.foo.c
1158_1550_1552/decompress_zlib_32-235386_52-236638.foo.c,1158_1550_1552/decompress_zlib_40-235746_55-236704.foo.c
1158_1550_1552/decompress_zlib_32-235386_52-236638.foo.c,1158_1550_1552/decompress_zlib_39-235622_55-236704.foo.c
1158_1550_1552/decompress_zlib_32-235386_52-236638.foo.c,1158_1550_1552/decompress_zlib_38-235495_55-236704.foo.c
1158_1550_1552/decompress_zlib_39-235622_54-236674.foo.c,1158_1550_1552/decompress_zlib_32-235386_54-236674.foo.c
1158_1550_1552/decompress_zlib_39-235622_54-236674.foo.c,1158_1550_1552/decompress_zlib_40-235746_55-236704.foo.c
1158_1550_1552/decompress_zlib_39-235622_54-236674.foo.c,1158_1550_1552/decompress_zlib_39-235622_55-236704.foo.c
1158_1550_1552/decompress_zlib_39-235622_54-236674.foo.c,1158_1550_1552/decompress_zlib_38-235495_55-236704.foo.c
1158_1550_1552/decompress_zlib_32-235386_54-236674.foo.c,1158_1550_1552/decompress_zlib_40-235746_55-236704.foo.c
1158_1550_1552/decompress_zlib_32-235386_54-236674.foo.c,1158_1550_1552/decompress_zlib_39-235622_55-236704.foo.c
1158_1550_1552/decompress_zlib_32-235386_54-236674.foo.c,1158_1550_1552/decompress_zlib_38-235495_55-236704.foo.c
1158_1550_1552/decompress_zlib_40-235746_55-236704.foo.c,1158_1550_1552/decompress_zlib_39-235622_55-236704.foo.c
1158_1550_1552/decompress_zlib_40-235746_55-236704.foo.c,1158_1550_1552/decompress_zlib_38-235495_55-236704.foo.c
1158_1550_1552/decompress_zlib_39-235622_55-236704.foo.c,1158_1550_1552/decompress_zlib_38-235495_55-236704.foo.c
1237_1565_1566_1567_1568_1569/search_buf_22-224535_39-224962.foo.c,1237_1565_1566_1567_1568_1569/search_buf_21-224514_39-224962.foo.c
339_1414/search_buf_22-224535_176-230756.foo.c,339_1414/search_buf_24-224563_54-225306.foo.c
339_1414/search_buf_22-224535_176-230756.foo.c,339_1414/search_buf_21-224514_176-230756.foo.c
339_1414/search_buf_24-224563_54-225306.foo.c,339_1414/search_buf_21-224514_176-230756.foo.c
905_1534_1535_1536_1537_1538_1539_1540/init_options_151-229067_165-235056.foo.c,905_1534_1535_1536_1537_1538_1539_1540/init_options_151-229067_166-235080.foo.c
905_1534_1535_1536_1537_1538_1539_1540/init_options_151-229067_165-235056.foo.c,905_1534_1535_1536_1537_1538_1539_1540/init_options_152-229099_165-235056.foo.c
905_1534_1535_1536_1537_1538_1539_1540/init_options_151-229067_165-235056.foo.c,905_1534_1535_1536_1537_1538_1539_1540/init_options_148-228997_165-235056.foo.c
905_1534_1535_1536_1537_1538_1539_1540/init_options_151-229067_165-235056.foo.c,905_1534_1535_1536_1537_1538_1539_1540/init_options_148-228997_166-235080.foo.c
905_1534_1535_1536_1537_1538_1539_1540/init_options_151-229067_165-235056.foo.c,905_1534_1535_1536_1537_1538_1539_1540/init_options_152-229099_166-235080.foo.c
905_1534_1535_1536_1537_1538_1539_1540/init_options_151-229067_166-235080.foo.c,905_1534_1535_1536_1537_1538_1539_1540/init_options_152-229099_165-235056.foo.c
905_1534_1535_1536_1537_1538_1539_1540/init_options_151-229067_166-235080.foo.c,905_1534_1535_1536_1537_1538_1539_1540/init_options_148-228997_165-235056.foo.c
905_1534_1535_1536_1537_1538_1539_1540/init_options_151-229067_166-235080.foo.c,905_1534_1535_1536_1537_1538_1539_1540/init_options_148-228997_166-235080.foo.c
905_1534_1535_1536_1537_1538_1539_1540/init_options_151-229067_166-235080.foo.c,905_1534_1535_1536_1537_1538_1539_1540/init_options_152-229099_166-235080.foo.c
905_1534_1535_1536_1537_1538_1539_1540/init_options_152-229099_165-235056.foo.c,905_1534_1535_1536_1537_1538_1539_1540/init_options_148-228997_165-235056.foo.c
905_1534_1535_1536_1537_1538_1539_1540/init_options_152-229099_165-235056.foo.c,905_1534_1535_1536_1537_1538_1539_1540/init_options_148-228997_166-235080.foo.c
905_1534_1535_1536_1537_1538_1539_1540/init_options_152-229099_165-235056.foo.c,905_1534_1535_1536_1537_1538_1539_1540/init_options_152-229099_166-235080.foo.c
905_1534_1535_1536_1537_1538_1539_1540/init_options_148-228997_165-235056.foo.c,905_1534_1535_1536_1537_1538_1539_1540/init_options_148-228997_166-235080.foo.c
905_1534_1535_1536_1537_1538_1539_1540/init_options_148-228997_165-235056.foo.c,905_1534_1535_1536_1537_1538_1539_1540/init_options_152-229099_166-235080.foo.c
905_1534_1535_1536_1537_1538_1539_1540/init_options_148-228997_166-235080.foo.c,905_1534_1535_1536_1537_1538_1539_1540/init_options_152-229099_166-235080.foo.c
565_1469_1474_1476/add_ignore_pattern_162-186967_162-186967.foo.c,565_1469_1474_1476/add_ignore_pattern_104-177886_104-177886.foo.c
565_1469_1474_1476/add_ignore_pattern_162-186967_162-186967.foo.c,565_1469_1474_1476/hash_strnstr_219-181462_215-181277.foo.c
565_1469_1474_1476/add_ignore_pattern_162-186967_162-186967.foo.c,565_1469_1474_1476/init_options_153-234604_153-234604.foo.c
565_1469_1474_1476/add_ignore_pattern_162-186967_162-186967.foo.c,565_1469_1474_1476/is_binary_354-195244_355-195288.foo.c
565_1469_1474_1476/add_ignore_pattern_162-186967_162-186967.foo.c,565_1469_1474_1476/binary_search_431-206627_431-206627.foo.c
565_1469_1474_1476/add_ignore_pattern_162-186967_162-186967.foo.c,565_1469_1474_1476/filename_filter_300-204835_300-204835.foo.c
565_1469_1474_1476/add_ignore_pattern_162-186967_162-186967.foo.c,565_1469_1474_1476/generate_hash_165-178258_165-178258.foo.c
565_1469_1474_1476/add_ignore_pattern_162-186967_162-186967.foo.c,565_1469_1474_1476/filename_filter_339-212482_339-212482.foo.c
565_1469_1474_1476/add_ignore_pattern_162-186967_162-186967.foo.c,565_1469_1474_1476/hash_strnstr_231-182908_228-182791.foo.c
565_1469_1474_1476/add_ignore_pattern_162-186967_162-186967.foo.c,565_1469_1474_1476/is_binary_349-194568_349-194568.foo.c
565_1469_1474_1476/add_ignore_pattern_162-186967_162-186967.foo.c,565_1469_1474_1476/is_binary_349-194568_355-195288.foo.c
565_1469_1474_1476/add_ignore_pattern_104-177886_104-177886.foo.c,565_1469_1474_1476/hash_strnstr_219-181462_215-181277.foo.c
565_1469_1474_1476/add_ignore_pattern_104-177886_104-177886.foo.c,565_1469_1474_1476/init_options_153-234604_153-234604.foo.c
565_1469_1474_1476/add_ignore_pattern_104-177886_104-177886.foo.c,565_1469_1474_1476/is_binary_354-195244_355-195288.foo.c
565_1469_1474_1476/add_ignore_pattern_104-177886_104-177886.foo.c,565_1469_1474_1476/binary_search_431-206627_431-206627.foo.c
565_1469_1474_1476/add_ignore_pattern_104-177886_104-177886.foo.c,565_1469_1474_1476/filename_filter_300-204835_300-204835.foo.c
565_1469_1474_1476/add_ignore_pattern_104-177886_104-177886.foo.c,565_1469_1474_1476/generate_hash_165-178258_165-178258.foo.c
565_1469_1474_1476/add_ignore_pattern_104-177886_104-177886.foo.c,565_1469_1474_1476/filename_filter_339-212482_339-212482.foo.c
565_1469_1474_1476/add_ignore_pattern_104-177886_104-177886.foo.c,565_1469_1474_1476/hash_strnstr_231-182908_228-182791.foo.c
565_1469_1474_1476/add_ignore_pattern_104-177886_104-177886.foo.c,565_1469_1474_1476/is_binary_349-194568_349-194568.foo.c
565_1469_1474_1476/add_ignore_pattern_104-177886_104-177886.foo.c,565_1469_1474_1476/is_binary_349-194568_355-195288.foo.c
565_1469_1474_1476/hash_strnstr_219-181462_215-181277.foo.c,565_1469_1474_1476/init_options_153-234604_153-234604.foo.c
565_1469_1474_1476/hash_strnstr_219-181462_215-181277.foo.c,565_1469_1474_1476/is_binary_354-195244_355-195288.foo.c
565_1469_1474_1476/hash_strnstr_219-181462_215-181277.foo.c,565_1469_1474_1476/binary_search_431-206627_431-206627.foo.c
565_1469_1474_1476/hash_strnstr_219-181462_215-181277.foo.c,565_1469_1474_1476/filename_filter_300-204835_300-204835.foo.c
565_1469_1474_1476/hash_strnstr_219-181462_215-181277.foo.c,565_1469_1474_1476/generate_hash_165-178258_165-178258.foo.c
565_1469_1474_1476/hash_strnstr_219-181462_215-181277.foo.c,565_1469_1474_1476/filename_filter_339-212482_339-212482.foo.c
565_1469_1474_1476/hash_strnstr_219-181462_215-181277.foo.c,565_1469_1474_1476/hash_strnstr_231-182908_228-182791.foo.c
565_1469_1474_1476/hash_strnstr_219-181462_215-181277.foo.c,565_1469_1474_1476/is_binary_349-194568_349-194568.foo.c
565_1469_1474_1476/hash_strnstr_219-181462_215-181277.foo.c,565_1469_1474_1476/is_binary_349-194568_355-195288.foo.c
565_1469_1474_1476/init_options_153-234604_153-234604.foo.c,565_1469_1474_1476/is_binary_354-195244_355-195288.foo.c
565_1469_1474_1476/init_options_153-234604_153-234604.foo.c,565_1469_1474_1476/binary_search_431-206627_431-206627.foo.c
565_1469_1474_1476/init_options_153-234604_153-234604.foo.c,565_1469_1474_1476/filename_filter_300-204835_300-204835.foo.c
565_1469_1474_1476/init_options_153-234604_153-234604.foo.c,565_1469_1474_1476/generate_hash_165-178258_165-178258.foo.c
565_1469_1474_1476/init_options_153-234604_153-234604.foo.c,565_1469_1474_1476/filename_filter_339-212482_339-212482.foo.c
565_1469_1474_1476/init_options_153-234604_153-234604.foo.c,565_1469_1474_1476/hash_strnstr_231-182908_228-182791.foo.c
565_1469_1474_1476/init_options_153-234604_153-234604.foo.c,565_1469_1474_1476/is_binary_349-194568_349-194568.foo.c
565_1469_1474_1476/init_options_153-234604_153-234604.foo.c,565_1469_1474_1476/is_binary_349-194568_355-195288.foo.c
565_1469_1474_1476/is_binary_354-195244_355-195288.foo.c,565_1469_1474_1476/binary_search_431-206627_431-206627.foo.c
565_1469_1474_1476/is_binary_354-195244_355-195288.foo.c,565_1469_1474_1476/filename_filter_300-204835_300-204835.foo.c
565_1469_1474_1476/is_binary_354-195244_355-195288.foo.c,565_1469_1474_1476/generate_hash_165-178258_165-178258.foo.c
565_1469_1474_1476/is_binary_354-195244_355-195288.foo.c,565_1469_1474_1476/filename_filter_339-212482_339-212482.foo.c
565_1469_1474_1476/is_binary_354-195244_355-195288.foo.c,565_1469_1474_1476/hash_strnstr_231-182908_228-182791.foo.c
565_1469_1474_1476/is_binary_354-195244_355-195288.foo.c,565_1469_1474_1476/is_binary_349-194568_349-194568.foo.c
565_1469_1474_1476/is_binary_354-195244_355-195288.foo.c,565_1469_1474_1476/is_binary_349-194568_355-195288.foo.c
565_1469_1474_1476/binary_search_431-206627_431-206627.foo.c,565_1469_1474_1476/filename_filter_300-204835_300-204835.foo.c
565_1469_1474_1476/binary_search_431-206627_431-206627.foo.c,565_1469_1474_1476/generate_hash_165-178258_165-178258.foo.c
565_1469_1474_1476/binary_search_431-206627_431-206627.foo.c,565_1469_1474_1476/filename_filter_339-212482_339-212482.foo.c
565_1469_1474_1476/binary_search_431-206627_431-206627.foo.c,565_1469_1474_1476/hash_strnstr_231-182908_228-182791.foo.c
565_1469_1474_1476/binary_search_431-206627_431-206627.foo.c,565_1469_1474_1476/is_binary_349-194568_349-194568.foo.c
565_1469_1474_1476/binary_search_431-206627_431-206627.foo.c,565_1469_1474_1476/is_binary_349-194568_355-195288.foo.c
565_1469_1474_1476/filename_filter_300-204835_300-204835.foo.c,565_1469_1474_1476/generate_hash_165-178258_165-178258.foo.c
565_1469_1474_1476/filename_filter_300-204835_300-204835.foo.c,565_1469_1474_1476/filename_filter_339-212482_339-212482.foo.c
565_1469_1474_1476/filename_filter_300-204835_300-204835.foo.c,565_1469_1474_1476/hash_strnstr_231-182908_228-182791.foo.c
565_1469_1474_1476/filename_filter_300-204835_300-204835.foo.c,565_1469_1474_1476/is_binary_349-194568_349-194568.foo.c
565_1469_1474_1476/filename_filter_300-204835_300-204835.foo.c,565_1469_1474_1476/is_binary_349-194568_355-195288.foo.c
565_1469_1474_1476/generate_hash_165-178258_165-178258.foo.c,565_1469_1474_1476/filename_filter_339-212482_339-212482.foo.c
565_1469_1474_1476/generate_hash_165-178258_165-178258.foo.c,565_1469_1474_1476/hash_strnstr_231-182908_228-182791.foo.c
565_1469_1474_1476/generate_hash_165-178258_165-178258.foo.c,565_1469_1474_1476/is_binary_349-194568_349-194568.foo.c
565_1469_1474_1476/generate_hash_165-178258_165-178258.foo.c,565_1469_1474_1476/is_binary_349-194568_355-195288.foo.c
565_1469_1474_1476/filename_filter_339-212482_339-212482.foo.c,565_1469_1474_1476/hash_strnstr_231-182908_228-182791.foo.c
565_1469_1474_1476/filename_filter_339-212482_339-212482.foo.c,565_1469_1474_1476/is_binary_349-194568_349-194568.foo.c
565_1469_1474_1476/filename_filter_339-212482_339-212482.foo.c,565_1469_1474_1476/is_binary_349-194568_355-195288.foo.c
565_1469_1474_1476/hash_strnstr_231-182908_228-182791.foo.c,565_1469_1474_1476/is_binary_349-194568_349-194568.foo.c
565_1469_1474_1476/hash_strnstr_231-182908_228-182791.foo.c,565_1469_1474_1476/is_binary_349-194568_355-195288.foo.c
565_1469_1474_1476/is_binary_349-194568_349-194568.foo.c,565_1469_1474_1476/is_binary_349-194568_355-195288.foo.c
428_1432_1439_1443_1444/search_buf_63-225775_80-226715.foo.c,428_1432_1439_1443_1444/search_buf_63-225775_104-227543.foo.c
428_1432_1439_1443_1444/search_buf_63-225775_80-226715.foo.c,428_1432_1439_1443_1444/search_buf_63-225775_103-227459.foo.c
428_1432_1439_1443_1444/search_buf_63-225775_80-226715.foo.c,428_1432_1439_1443_1444/search_buf_63-225775_102-227401.foo.c
428_1432_1439_1443_1444/search_buf_63-225775_104-227543.foo.c,428_1432_1439_1443_1444/search_buf_63-225775_103-227459.foo.c
428_1432_1439_1443_1444/search_buf_63-225775_104-227543.foo.c,428_1432_1439_1443_1444/search_buf_63-225775_102-227401.foo.c
428_1432_1439_1443_1444/search_buf_63-225775_103-227459.foo.c,428_1432_1439_1443_1444/search_buf_63-225775_102-227401.foo.c
851/decompress_zlib_29-235182_56-236768.foo.c,851/decompress_zlib_29-235182_98-239076.foo.c
851/decompress_zlib_29-235182_56-236768.foo.c,851/decompress_lzma_127-240113_129-240455.foo.c
851/decompress_zlib_29-235182_56-236768.foo.c,851/decompress_zlib_29-235182_93-238915.foo.c
851/decompress_zlib_29-235182_56-236768.foo.c,851/decompress_zlib_29-235182_90-238852.foo.c
851/decompress_zlib_29-235182_56-236768.foo.c,851/decompress_zlib_29-235182_99-239098.foo.c
851/decompress_zlib_29-235182_98-239076.foo.c,851/decompress_lzma_127-240113_129-240455.foo.c
851/decompress_zlib_29-235182_98-239076.foo.c,851/decompress_zlib_29-235182_93-238915.foo.c
851/decompress_zlib_29-235182_98-239076.foo.c,851/decompress_zlib_29-235182_90-238852.foo.c
851/decompress_zlib_29-235182_98-239076.foo.c,851/decompress_zlib_29-235182_99-239098.foo.c
851/decompress_lzma_127-240113_129-240455.foo.c,851/decompress_zlib_29-235182_93-238915.foo.c
851/decompress_lzma_127-240113_129-240455.foo.c,851/decompress_zlib_29-235182_90-238852.foo.c
851/decompress_lzma_127-240113_129-240455.foo.c,851/decompress_zlib_29-235182_99-239098.foo.c
851/decompress_zlib_29-235182_93-238915.foo.c,851/decompress_zlib_29-235182_90-238852.foo.c
851/decompress_zlib_29-235182_93-238915.foo.c,851/decompress_zlib_29-235182_99-239098.foo.c
851/decompress_zlib_29-235182_90-238852.foo.c,851/decompress_zlib_29-235182_99-239098.foo.c
737_1508_1509_1510_1512/decompress_zlib_32-235386_56-236768.foo.c,737_1508_1509_1510_1512/decompress_zlib_30-235199_55-236704.foo.c
737_1508_1509_1510_1512/decompress_zlib_32-235386_56-236768.foo.c,737_1508_1509_1510_1512/decompress_zlib_30-235199_52-236638.foo.c
737_1508_1509_1510_1512/decompress_zlib_32-235386_56-236768.foo.c,737_1508_1509_1510_1512/decompress_zlib_32-235386_93-238915.foo.c
737_1508_1509_1510_1512/decompress_zlib_32-235386_56-236768.foo.c,737_1508_1509_1510_1512/decompress_zlib_31-235358_90-238852.foo.c
737_1508_1509_1510_1512/decompress_zlib_32-235386_56-236768.foo.c,737_1508_1509_1510_1512/decompress_zlib_32-235386_90-238852.foo.c
737_1508_1509_1510_1512/decompress_zlib_32-235386_56-236768.foo.c,737_1508_1509_1510_1512/decompress_zlib_31-235358_93-238915.foo.c
737_1508_1509_1510_1512/decompress_zlib_32-235386_56-236768.foo.c,737_1508_1509_1510_1512/decompress_zlib_30-235199_45-236030.foo.c
737_1508_1509_1510_1512/decompress_zlib_32-235386_56-236768.foo.c,737_1508_1509_1510_1512/decompress_zlib_30-235199_54-236674.foo.c
737_1508_1509_1510_1512/decompress_zlib_32-235386_56-236768.foo.c,737_1508_1509_1510_1512/decompress_zlib_31-235358_56-236768.foo.c
737_1508_1509_1510_1512/decompress_zlib_32-235386_56-236768.foo.c,737_1508_1509_1510_1512/decompress_zlib_30-235199_50-236606.foo.c
737_1508_1509_1510_1512/decompress_zlib_30-235199_55-236704.foo.c,737_1508_1509_1510_1512/decompress_zlib_30-235199_52-236638.foo.c
737_1508_1509_1510_1512/decompress_zlib_30-235199_55-236704.foo.c,737_1508_1509_1510_1512/decompress_zlib_32-235386_93-238915.foo.c
737_1508_1509_1510_1512/decompress_zlib_30-235199_55-236704.foo.c,737_1508_1509_1510_1512/decompress_zlib_31-235358_90-238852.foo.c
737_1508_1509_1510_1512/decompress_zlib_30-235199_55-236704.foo.c,737_1508_1509_1510_1512/decompress_zlib_32-235386_90-238852.foo.c
737_1508_1509_1510_1512/decompress_zlib_30-235199_55-236704.foo.c,737_1508_1509_1510_1512/decompress_zlib_31-235358_93-238915.foo.c
737_1508_1509_1510_1512/decompress_zlib_30-235199_55-236704.foo.c,737_1508_1509_1510_1512/decompress_zlib_30-235199_45-236030.foo.c
737_1508_1509_1510_1512/decompress_zlib_30-235199_55-236704.foo.c,737_1508_1509_1510_1512/decompress_zlib_30-235199_54-236674.foo.c
737_1508_1509_1510_1512/decompress_zlib_30-235199_55-236704.foo.c,737_1508_1509_1510_1512/decompress_zlib_31-235358_56-236768.foo.c
737_1508_1509_1510_1512/decompress_zlib_30-235199_55-236704.foo.c,737_1508_1509_1510_1512/decompress_zlib_30-235199_50-236606.foo.c
737_1508_1509_1510_1512/decompress_zlib_30-235199_52-236638.foo.c,737_1508_1509_1510_1512/decompress_zlib_32-235386_93-238915.foo.c
737_1508_1509_1510_1512/decompress_zlib_30-235199_52-236638.foo.c,737_1508_1509_1510_1512/decompress_zlib_31-235358_90-238852.foo.c
737_1508_1509_1510_1512/decompress_zlib_30-235199_52-236638.foo.c,737_1508_1509_1510_1512/decompress_zlib_32-235386_90-238852.foo.c
737_1508_1509_1510_1512/decompress_zlib_30-235199_52-236638.foo.c,737_1508_1509_1510_1512/decompress_zlib_31-235358_93-238915.foo.c
737_1508_1509_1510_1512/decompress_zlib_30-235199_52-236638.foo.c,737_1508_1509_1510_1512/decompress_zlib_30-235199_45-236030.foo.c
737_1508_1509_1510_1512/decompress_zlib_30-235199_52-236638.foo.c,737_1508_1509_1510_1512/decompress_zlib_30-235199_54-236674.foo.c
737_1508_1509_1510_1512/decompress_zlib_30-235199_52-236638.foo.c,737_1508_1509_1510_1512/decompress_zlib_31-235358_56-236768.foo.c
737_1508_1509_1510_1512/decompress_zlib_30-235199_52-236638.foo.c,737_1508_1509_1510_1512/decompress_zlib_30-235199_50-236606.foo.c
737_1508_1509_1510_1512/decompress_zlib_32-235386_93-238915.foo.c,737_1508_1509_1510_1512/decompress_zlib_31-235358_90-238852.foo.c
737_1508_1509_1510_1512/decompress_zlib_32-235386_93-238915.foo.c,737_1508_1509_1510_1512/decompress_zlib_32-235386_90-238852.foo.c
737_1508_1509_1510_1512/decompress_zlib_32-235386_93-238915.foo.c,737_1508_1509_1510_1512/decompress_zlib_31-235358_93-238915.foo.c
737_1508_1509_1510_1512/decompress_zlib_32-235386_93-238915.foo.c,737_1508_1509_1510_1512/decompress_zlib_30-235199_45-236030.foo.c
737_1508_1509_1510_1512/decompress_zlib_32-235386_93-238915.foo.c,737_1508_1509_1510_1512/decompress_zlib_30-235199_54-236674.foo.c
737_1508_1509_1510_1512/decompress_zlib_32-235386_93-238915.foo.c,737_1508_1509_1510_1512/decompress_zlib_31-235358_56-236768.foo.c
737_1508_1509_1510_1512/decompress_zlib_32-235386_93-238915.foo.c,737_1508_1509_1510_1512/decompress_zlib_30-235199_50-236606.foo.c
737_1508_1509_1510_1512/decompress_zlib_31-235358_90-238852.foo.c,737_1508_1509_1510_1512/decompress_zlib_32-235386_90-238852.foo.c
737_1508_1509_1510_1512/decompress_zlib_31-235358_90-238852.foo.c,737_1508_1509_1510_1512/decompress_zlib_31-235358_93-238915.foo.c
737_1508_1509_1510_1512/decompress_zlib_31-235358_90-238852.foo.c,737_1508_1509_1510_1512/decompress_zlib_30-235199_45-236030.foo.c
737_1508_1509_1510_1512/decompress_zlib_31-235358_90-238852.foo.c,737_1508_1509_1510_1512/decompress_zlib_30-235199_54-236674.foo.c
737_1508_1509_1510_1512/decompress_zlib_31-235358_90-238852.foo.c,737_1508_1509_1510_1512/decompress_zlib_31-235358_56-236768.foo.c
737_1508_1509_1510_1512/decompress_zlib_31-235358_90-238852.foo.c,737_1508_1509_1510_1512/decompress_zlib_30-235199_50-236606.foo.c
737_1508_1509_1510_1512/decompress_zlib_32-235386_90-238852.foo.c,737_1508_1509_1510_1512/decompress_zlib_31-235358_93-238915.foo.c
737_1508_1509_1510_1512/decompress_zlib_32-235386_90-238852.foo.c,737_1508_1509_1510_1512/decompress_zlib_30-235199_45-236030.foo.c
737_1508_1509_1510_1512/decompress_zlib_32-235386_90-238852.foo.c,737_1508_1509_1510_1512/decompress_zlib_30-235199_54-236674.foo.c
737_1508_1509_1510_1512/decompress_zlib_32-235386_90-238852.foo.c,737_1508_1509_1510_1512/decompress_zlib_31-235358_56-236768.foo.c
737_1508_1509_1510_1512/decompress_zlib_32-235386_90-238852.foo.c,737_1508_1509_1510_1512/decompress_zlib_30-235199_50-236606.foo.c
737_1508_1509_1510_1512/decompress_zlib_31-235358_93-238915.foo.c,737_1508_1509_1510_1512/decompress_zlib_30-235199_45-236030.foo.c
737_1508_1509_1510_1512/decompress_zlib_31-235358_93-238915.foo.c,737_1508_1509_1510_1512/decompress_zlib_30-235199_54-236674.foo.c
737_1508_1509_1510_1512/decompress_zlib_31-235358_93-238915.foo.c,737_1508_1509_1510_1512/decompress_zlib_31-235358_56-236768.foo.c
737_1508_1509_1510_1512/decompress_zlib_31-235358_93-238915.foo.c,737_1508_1509_1510_1512/decompress_zlib_30-235199_50-236606.foo.c
737_1508_1509_1510_1512/decompress_zlib_30-235199_45-236030.foo.c,737_1508_1509_1510_1512/decompress_zlib_30-235199_54-236674.foo.c
737_1508_1509_1510_1512/decompress_zlib_30-235199_45-236030.foo.c,737_1508_1509_1510_1512/decompress_zlib_31-235358_56-236768.foo.c
737_1508_1509_1510_1512/decompress_zlib_30-235199_45-236030.foo.c,737_1508_1509_1510_1512/decompress_zlib_30-235199_50-236606.foo.c
737_1508_1509_1510_1512/decompress_zlib_30-235199_54-236674.foo.c,737_1508_1509_1510_1512/decompress_zlib_31-235358_56-236768.foo.c
737_1508_1509_1510_1512/decompress_zlib_30-235199_54-236674.foo.c,737_1508_1509_1510_1512/decompress_zlib_30-235199_50-236606.foo.c
737_1508_1509_1510_1512/decompress_zlib_31-235358_56-236768.foo.c,737_1508_1509_1510_1512/decompress_zlib_30-235199_50-236606.foo.c
515_1465_1466_1467/search_file_264-233338_322-236575.foo.c,515_1465_1466_1467/search_file_263-233317_301-235332.foo.c
515_1465_1466_1467/search_file_264-233338_322-236575.foo.c,515_1465_1466_1467/search_file_263-233317_322-236575.foo.c
515_1465_1466_1467/search_file_264-233338_322-236575.foo.c,515_1465_1466_1467/search_file_263-233317_296-235212.foo.c
515_1465_1466_1467/search_file_264-233338_322-236575.foo.c,515_1465_1466_1467/search_file_263-233317_288-234810.foo.c
515_1465_1466_1467/search_file_264-233338_322-236575.foo.c,515_1465_1466_1467/search_file_263-233317_324-236605.foo.c
515_1465_1466_1467/search_file_264-233338_322-236575.foo.c,515_1465_1466_1467/search_file_263-233317_333-236922.foo.c
515_1465_1466_1467/search_file_264-233338_322-236575.foo.c,515_1465_1466_1467/search_file_263-233317_314-236214.foo.c
515_1465_1466_1467/search_file_264-233338_322-236575.foo.c,515_1465_1466_1467/search_file_263-233317_307-235513.foo.c
515_1465_1466_1467/search_file_263-233317_301-235332.foo.c,515_1465_1466_1467/search_file_263-233317_322-236575.foo.c
515_1465_1466_1467/search_file_263-233317_301-235332.foo.c,515_1465_1466_1467/search_file_263-233317_296-235212.foo.c
515_1465_1466_1467/search_file_263-233317_301-235332.foo.c,515_1465_1466_1467/search_file_263-233317_288-234810.foo.c
515_1465_1466_1467/search_file_263-233317_301-235332.foo.c,515_1465_1466_1467/search_file_263-233317_324-236605.foo.c
515_1465_1466_1467/search_file_263-233317_301-235332.foo.c,515_1465_1466_1467/search_file_263-233317_333-236922.foo.c
515_1465_1466_1467/search_file_263-233317_301-235332.foo.c,515_1465_1466_1467/search_file_263-233317_314-236214.foo.c
515_1465_1466_1467/search_file_263-233317_301-235332.foo.c,515_1465_1466_1467/search_file_263-233317_307-235513.foo.c
515_1465_1466_1467/search_file_263-233317_322-236575.foo.c,515_1465_1466_1467/search_file_263-233317_296-235212.foo.c
515_1465_1466_1467/search_file_263-233317_322-236575.foo.c,515_1465_1466_1467/search_file_263-233317_288-234810.foo.c
515_1465_1466_1467/search_file_263-233317_322-236575.foo.c,515_1465_1466_1467/search_file_263-233317_324-236605.foo.c
515_1465_1466_1467/search_file_263-233317_322-236575.foo.c,515_1465_1466_1467/search_file_263-233317_333-236922.foo.c
515_1465_1466_1467/search_file_263-233317_322-236575.foo.c,515_1465_1466_1467/search_file_263-233317_314-236214.foo.c
515_1465_1466_1467/search_file_263-233317_322-236575.foo.c,515_1465_1466_1467/search_file_263-233317_307-235513.foo.c
515_1465_1466_1467/search_file_263-233317_296-235212.foo.c,515_1465_1466_1467/search_file_263-233317_288-234810.foo.c
515_1465_1466_1467/search_file_263-233317_296-235212.foo.c,515_1465_1466_1467/search_file_263-233317_324-236605.foo.c
515_1465_1466_1467/search_file_263-233317_296-235212.foo.c,515_1465_1466_1467/search_file_263-233317_333-236922.foo.c
515_1465_1466_1467/search_file_263-233317_296-235212.foo.c,515_1465_1466_1467/search_file_263-233317_314-236214.foo.c
515_1465_1466_1467/search_file_263-233317_296-235212.foo.c,515_1465_1466_1467/search_file_263-233317_307-235513.foo.c
515_1465_1466_1467/search_file_263-233317_288-234810.foo.c,515_1465_1466_1467/search_file_263-233317_324-236605.foo.c
515_1465_1466_1467/search_file_263-233317_288-234810.foo.c,515_1465_1466_1467/search_file_263-233317_333-236922.foo.c
515_1465_1466_1467/search_file_263-233317_288-234810.foo.c,515_1465_1466_1467/search_file_263-233317_314-236214.foo.c
515_1465_1466_1467/search_file_263-233317_288-234810.foo.c,515_1465_1466_1467/search_file_263-233317_307-235513.foo.c
515_1465_1466_1467/search_file_263-233317_324-236605.foo.c,515_1465_1466_1467/search_file_263-233317_333-236922.foo.c
515_1465_1466_1467/search_file_263-233317_324-236605.foo.c,515_1465_1466_1467/search_file_263-233317_314-236214.foo.c
515_1465_1466_1467/search_file_263-233317_324-236605.foo.c,515_1465_1466_1467/search_file_263-233317_307-235513.foo.c
515_1465_1466_1467/search_file_263-233317_333-236922.foo.c,515_1465_1466_1467/search_file_263-233317_314-236214.foo.c
515_1465_1466_1467/search_file_263-233317_333-236922.foo.c,515_1465_1466_1467/search_file_263-233317_307-235513.foo.c
515_1465_1466_1467/search_file_263-233317_314-236214.foo.c,515_1465_1466_1467/search_file_263-233317_307-235513.foo.c
411_1428_1435_1436_1438/ag_scandir_15-163781_76-165549.foo.c,411_1428_1435_1436_1438/ag_scandir_15-163781_62-165225.foo.c
411_1428_1435_1436_1438/ag_scandir_15-163781_76-165549.foo.c,411_1428_1435_1436_1438/ag_scandir_15-163781_69-165303.foo.c
411_1428_1435_1436_1438/ag_scandir_15-163781_76-165549.foo.c,411_1428_1435_1436_1438/ag_scandir_15-163781_27-164186.foo.c
411_1428_1435_1436_1438/ag_scandir_15-163781_76-165549.foo.c,411_1428_1435_1436_1438/ag_scandir_15-163781_65-165256.foo.c
411_1428_1435_1436_1438/ag_scandir_15-163781_76-165549.foo.c,411_1428_1435_1436_1438/is_binary_334-187611_344-187803.foo.c
411_1428_1435_1436_1438/ag_scandir_15-163781_76-165549.foo.c,411_1428_1435_1436_1438/ag_scandir_15-163781_61-165202.foo.c
411_1428_1435_1436_1438/ag_scandir_15-163781_62-165225.foo.c,411_1428_1435_1436_1438/ag_scandir_15-163781_69-165303.foo.c
411_1428_1435_1436_1438/ag_scandir_15-163781_62-165225.foo.c,411_1428_1435_1436_1438/ag_scandir_15-163781_27-164186.foo.c
411_1428_1435_1436_1438/ag_scandir_15-163781_62-165225.foo.c,411_1428_1435_1436_1438/ag_scandir_15-163781_65-165256.foo.c
411_1428_1435_1436_1438/ag_scandir_15-163781_62-165225.foo.c,411_1428_1435_1436_1438/is_binary_334-187611_344-187803.foo.c
411_1428_1435_1436_1438/ag_scandir_15-163781_62-165225.foo.c,411_1428_1435_1436_1438/ag_scandir_15-163781_61-165202.foo.c
411_1428_1435_1436_1438/ag_scandir_15-163781_69-165303.foo.c,411_1428_1435_1436_1438/ag_scandir_15-163781_27-164186.foo.c
411_1428_1435_1436_1438/ag_scandir_15-163781_69-165303.foo.c,411_1428_1435_1436_1438/ag_scandir_15-163781_65-165256.foo.c
411_1428_1435_1436_1438/ag_scandir_15-163781_69-165303.foo.c,411_1428_1435_1436_1438/is_binary_334-187611_344-187803.foo.c
411_1428_1435_1436_1438/ag_scandir_15-163781_69-165303.foo.c,411_1428_1435_1436_1438/ag_scandir_15-163781_61-165202.foo.c
411_1428_1435_1436_1438/ag_scandir_15-163781_27-164186.foo.c,411_1428_1435_1436_1438/ag_scandir_15-163781_65-165256.foo.c
411_1428_1435_1436_1438/ag_scandir_15-163781_27-164186.foo.c,411_1428_1435_1436_1438/is_binary_334-187611_344-187803.foo.c
411_1428_1435_1436_1438/ag_scandir_15-163781_27-164186.foo.c,411_1428_1435_1436_1438/ag_scandir_15-163781_61-165202.foo.c
411_1428_1435_1436_1438/ag_scandir_15-163781_65-165256.foo.c,411_1428_1435_1436_1438/is_binary_334-187611_344-187803.foo.c
411_1428_1435_1436_1438/ag_scandir_15-163781_65-165256.foo.c,411_1428_1435_1436_1438/ag_scandir_15-163781_61-165202.foo.c
411_1428_1435_1436_1438/is_binary_334-187611_344-187803.foo.c,411_1428_1435_1436_1438/ag_scandir_15-163781_61-165202.foo.c
145/main_107-230227_146-232959.foo.c,145/main_111-230477_146-232959.foo.c
145/main_107-230227_146-232959.foo.c,145/main_104-229951_146-232959.foo.c
145/main_107-230227_146-232959.foo.c,145/main_101-229717_146-232959.foo.c
145/main_107-230227_146-232959.foo.c,145/main_115-230605_146-232959.foo.c
145/main_107-230227_146-232959.foo.c,145/main_98-229483_146-232959.foo.c
145/main_111-230477_146-232959.foo.c,145/main_104-229951_146-232959.foo.c
145/main_111-230477_146-232959.foo.c,145/main_101-229717_146-232959.foo.c
145/main_111-230477_146-232959.foo.c,145/main_115-230605_146-232959.foo.c
145/main_111-230477_146-232959.foo.c,145/main_98-229483_146-232959.foo.c
145/main_104-229951_146-232959.foo.c,145/main_101-229717_146-232959.foo.c
145/main_104-229951_146-232959.foo.c,145/main_115-230605_146-232959.foo.c
145/main_104-229951_146-232959.foo.c,145/main_98-229483_146-232959.foo.c
145/main_101-229717_146-232959.foo.c,145/main_115-230605_146-232959.foo.c
145/main_101-229717_146-232959.foo.c,145/main_98-229483_146-232959.foo.c
145/main_115-230605_146-232959.foo.c,145/main_98-229483_146-232959.foo.c
731_1503_1513_1514_1515/decompress_zlib_57-236781_57-236781.foo.c,731_1503_1513_1514_1515/decompress_zlib_58-236798_57-236781.foo.c
731_1503_1513_1514_1515/decompress_zlib_57-236781_57-236781.foo.c,731_1503_1513_1514_1515/decompress_zlib_56-236768_90-238852.foo.c
731_1503_1513_1514_1515/decompress_zlib_57-236781_57-236781.foo.c,731_1503_1513_1514_1515/decompress_zlib_57-236781_56-236768.foo.c
731_1503_1513_1514_1515/decompress_zlib_57-236781_57-236781.foo.c,731_1503_1513_1514_1515/decompress_zlib_56-236768_93-238915.foo.c
731_1503_1513_1514_1515/decompress_zlib_57-236781_57-236781.foo.c,731_1503_1513_1514_1515/decompress_zlib_58-236798_74-237735.foo.c
731_1503_1513_1514_1515/decompress_zlib_57-236781_57-236781.foo.c,731_1503_1513_1514_1515/decompress_zlib_56-236768_56-236768.foo.c
731_1503_1513_1514_1515/decompress_zlib_58-236798_57-236781.foo.c,731_1503_1513_1514_1515/decompress_zlib_56-236768_90-238852.foo.c
731_1503_1513_1514_1515/decompress_zlib_58-236798_57-236781.foo.c,731_1503_1513_1514_1515/decompress_zlib_57-236781_56-236768.foo.c
731_1503_1513_1514_1515/decompress_zlib_58-236798_57-236781.foo.c,731_1503_1513_1514_1515/decompress_zlib_56-236768_93-238915.foo.c
731_1503_1513_1514_1515/decompress_zlib_58-236798_57-236781.foo.c,731_1503_1513_1514_1515/decompress_zlib_58-236798_74-237735.foo.c
731_1503_1513_1514_1515/decompress_zlib_58-236798_57-236781.foo.c,731_1503_1513_1514_1515/decompress_zlib_56-236768_56-236768.foo.c
731_1503_1513_1514_1515/decompress_zlib_56-236768_90-238852.foo.c,731_1503_1513_1514_1515/decompress_zlib_57-236781_56-236768.foo.c
731_1503_1513_1514_1515/decompress_zlib_56-236768_90-238852.foo.c,731_1503_1513_1514_1515/decompress_zlib_56-236768_93-238915.foo.c
731_1503_1513_1514_1515/decompress_zlib_56-236768_90-238852.foo.c,731_1503_1513_1514_1515/decompress_zlib_58-236798_74-237735.foo.c
731_1503_1513_1514_1515/decompress_zlib_56-236768_90-238852.foo.c,731_1503_1513_1514_1515/decompress_zlib_56-236768_56-236768.foo.c
731_1503_1513_1514_1515/decompress_zlib_57-236781_56-236768.foo.c,731_1503_1513_1514_1515/decompress_zlib_56-236768_93-238915.foo.c
731_1503_1513_1514_1515/decompress_zlib_57-236781_56-236768.foo.c,731_1503_1513_1514_1515/decompress_zlib_58-236798_74-237735.foo.c
731_1503_1513_1514_1515/decompress_zlib_57-236781_56-236768.foo.c,731_1503_1513_1514_1515/decompress_zlib_56-236768_56-236768.foo.c
731_1503_1513_1514_1515/decompress_zlib_56-236768_93-238915.foo.c,731_1503_1513_1514_1515/decompress_zlib_58-236798_74-237735.foo.c
731_1503_1513_1514_1515/decompress_zlib_56-236768_93-238915.foo.c,731_1503_1513_1514_1515/decompress_zlib_56-236768_56-236768.foo.c
731_1503_1513_1514_1515/decompress_zlib_58-236798_74-237735.foo.c,731_1503_1513_1514_1515/decompress_zlib_56-236768_56-236768.foo.c
249_1391_1392_1393_1394/search_file_262-233300_392-238733.foo.c,249_1391_1392_1393_1394/search_file_262-233300_358-237135.foo.c
249_1391_1392_1393_1394/search_file_262-233300_392-238733.foo.c,249_1391_1392_1393_1394/search_file_262-233300_414-239165.foo.c
249_1391_1392_1393_1394/search_file_262-233300_358-237135.foo.c,249_1391_1392_1393_1394/search_file_262-233300_414-239165.foo.c
884/ag_scandir_11-163457_61-165202.foo.c,884/ag_scandir_11-163457_65-165256.foo.c
884/ag_scandir_11-163457_61-165202.foo.c,884/ag_scandir_12-163574_27-164186.foo.c
884/ag_scandir_11-163457_61-165202.foo.c,884/ag_scandir_12-163574_65-165256.foo.c
884/ag_scandir_11-163457_61-165202.foo.c,884/ag_scandir_11-163457_27-164186.foo.c
884/ag_scandir_11-163457_61-165202.foo.c,884/ag_scandir_12-163574_61-165202.foo.c
884/ag_scandir_11-163457_61-165202.foo.c,884/ag_scandir_11-163457_62-165225.foo.c
884/ag_scandir_11-163457_61-165202.foo.c,884/ag_scandir_12-163574_62-165225.foo.c
884/ag_scandir_11-163457_65-165256.foo.c,884/ag_scandir_12-163574_27-164186.foo.c
884/ag_scandir_11-163457_65-165256.foo.c,884/ag_scandir_12-163574_65-165256.foo.c
884/ag_scandir_11-163457_65-165256.foo.c,884/ag_scandir_11-163457_27-164186.foo.c
884/ag_scandir_11-163457_65-165256.foo.c,884/ag_scandir_12-163574_61-165202.foo.c
884/ag_scandir_11-163457_65-165256.foo.c,884/ag_scandir_11-163457_62-165225.foo.c
884/ag_scandir_11-163457_65-165256.foo.c,884/ag_scandir_12-163574_62-165225.foo.c
884/ag_scandir_12-163574_27-164186.foo.c,884/ag_scandir_12-163574_65-165256.foo.c
884/ag_scandir_12-163574_27-164186.foo.c,884/ag_scandir_11-163457_27-164186.foo.c
884/ag_scandir_12-163574_27-164186.foo.c,884/ag_scandir_12-163574_61-165202.foo.c
884/ag_scandir_12-163574_27-164186.foo.c,884/ag_scandir_11-163457_62-165225.foo.c
884/ag_scandir_12-163574_27-164186.foo.c,884/ag_scandir_12-163574_62-165225.foo.c
884/ag_scandir_12-163574_65-165256.foo.c,884/ag_scandir_11-163457_27-164186.foo.c
884/ag_scandir_12-163574_65-165256.foo.c,884/ag_scandir_12-163574_61-165202.foo.c
884/ag_scandir_12-163574_65-165256.foo.c,884/ag_scandir_11-163457_62-165225.foo.c
884/ag_scandir_12-163574_65-165256.foo.c,884/ag_scandir_12-163574_62-165225.foo.c
884/ag_scandir_11-163457_27-164186.foo.c,884/ag_scandir_12-163574_61-165202.foo.c
884/ag_scandir_11-163457_27-164186.foo.c,884/ag_scandir_11-163457_62-165225.foo.c
884/ag_scandir_11-163457_27-164186.foo.c,884/ag_scandir_12-163574_62-165225.foo.c
884/ag_scandir_12-163574_61-165202.foo.c,884/ag_scandir_11-163457_62-165225.foo.c
884/ag_scandir_12-163574_61-165202.foo.c,884/ag_scandir_12-163574_62-165225.foo.c
884/ag_scandir_11-163457_62-165225.foo.c,884/ag_scandir_12-163574_62-165225.foo.c
521_1468_1469_1470/search_file_287-234655_322-236575.foo.c,521_1468_1469_1470/search_file_270-233639_322-236575.foo.c
521_1468_1469_1470/search_file_287-234655_322-236575.foo.c,521_1468_1469_1470/search_file_360-237470_374-238191.foo.c
521_1468_1469_1470/search_file_287-234655_322-236575.foo.c,521_1468_1469_1470/search_file_359-237160_374-238191.foo.c
521_1468_1469_1470/search_file_287-234655_322-236575.foo.c,521_1468_1469_1470/search_file_276-233800_322-236575.foo.c
521_1468_1469_1470/search_file_287-234655_322-236575.foo.c,521_1468_1469_1470/search_file_288-234810_322-236575.foo.c
521_1468_1469_1470/search_file_287-234655_322-236575.foo.c,521_1468_1469_1470/search_file_282-233981_322-236575.foo.c
521_1468_1469_1470/search_file_287-234655_322-236575.foo.c,521_1468_1469_1470/search_file_358-237135_358-237135.foo.c
521_1468_1469_1470/search_file_287-234655_322-236575.foo.c,521_1468_1469_1470/search_file_271-233680_322-236575.foo.c
521_1468_1469_1470/search_file_287-234655_322-236575.foo.c,521_1468_1469_1470/search_file_333-236922_374-238191.foo.c
521_1468_1469_1470/search_file_287-234655_322-236575.foo.c,521_1468_1469_1470/search_file_268-233524_322-236575.foo.c
521_1468_1469_1470/search_file_287-234655_322-236575.foo.c,521_1468_1469_1470/search_file_333-236922_358-237135.foo.c
521_1468_1469_1470/search_file_270-233639_322-236575.foo.c,521_1468_1469_1470/search_file_360-237470_374-238191.foo.c
521_1468_1469_1470/search_file_270-233639_322-236575.foo.c,521_1468_1469_1470/search_file_359-237160_374-238191.foo.c
521_1468_1469_1470/search_file_270-233639_322-236575.foo.c,521_1468_1469_1470/search_file_276-233800_322-236575.foo.c
521_1468_1469_1470/search_file_270-233639_322-236575.foo.c,521_1468_1469_1470/search_file_288-234810_322-236575.foo.c
521_1468_1469_1470/search_file_270-233639_322-236575.foo.c,521_1468_1469_1470/search_file_282-233981_322-236575.foo.c
521_1468_1469_1470/search_file_270-233639_322-236575.foo.c,521_1468_1469_1470/search_file_358-237135_358-237135.foo.c
521_1468_1469_1470/search_file_270-233639_322-236575.foo.c,521_1468_1469_1470/search_file_271-233680_322-236575.foo.c
521_1468_1469_1470/search_file_270-233639_322-236575.foo.c,521_1468_1469_1470/search_file_333-236922_374-238191.foo.c
521_1468_1469_1470/search_file_270-233639_322-236575.foo.c,521_1468_1469_1470/search_file_268-233524_322-236575.foo.c
521_1468_1469_1470/search_file_270-233639_322-236575.foo.c,521_1468_1469_1470/search_file_333-236922_358-237135.foo.c
521_1468_1469_1470/search_file_360-237470_374-238191.foo.c,521_1468_1469_1470/search_file_359-237160_374-238191.foo.c
521_1468_1469_1470/search_file_360-237470_374-238191.foo.c,521_1468_1469_1470/search_file_276-233800_322-236575.foo.c
521_1468_1469_1470/search_file_360-237470_374-238191.foo.c,521_1468_1469_1470/search_file_288-234810_322-236575.foo.c
521_1468_1469_1470/search_file_360-237470_374-238191.foo.c,521_1468_1469_1470/search_file_282-233981_322-236575.foo.c
521_1468_1469_1470/search_file_360-237470_374-238191.foo.c,521_1468_1469_1470/search_file_358-237135_358-237135.foo.c
521_1468_1469_1470/search_file_360-237470_374-238191.foo.c,521_1468_1469_1470/search_file_271-233680_322-236575.foo.c
521_1468_1469_1470/search_file_360-237470_374-238191.foo.c,521_1468_1469_1470/search_file_333-236922_374-238191.foo.c
521_1468_1469_1470/search_file_360-237470_374-238191.foo.c,521_1468_1469_1470/search_file_268-233524_322-236575.foo.c
521_1468_1469_1470/search_file_360-237470_374-238191.foo.c,521_1468_1469_1470/search_file_333-236922_358-237135.foo.c
521_1468_1469_1470/search_file_359-237160_374-238191.foo.c,521_1468_1469_1470/search_file_276-233800_322-236575.foo.c
521_1468_1469_1470/search_file_359-237160_374-238191.foo.c,521_1468_1469_1470/search_file_288-234810_322-236575.foo.c
521_1468_1469_1470/search_file_359-237160_374-238191.foo.c,521_1468_1469_1470/search_file_282-233981_322-236575.foo.c
521_1468_1469_1470/search_file_359-237160_374-238191.foo.c,521_1468_1469_1470/search_file_358-237135_358-237135.foo.c
521_1468_1469_1470/search_file_359-237160_374-238191.foo.c,521_1468_1469_1470/search_file_271-233680_322-236575.foo.c
521_1468_1469_1470/search_file_359-237160_374-238191.foo.c,521_1468_1469_1470/search_file_333-236922_374-238191.foo.c
521_1468_1469_1470/search_file_359-237160_374-238191.foo.c,521_1468_1469_1470/search_file_268-233524_322-236575.foo.c
521_1468_1469_1470/search_file_359-237160_374-238191.foo.c,521_1468_1469_1470/search_file_333-236922_358-237135.foo.c
521_1468_1469_1470/search_file_276-233800_322-236575.foo.c,521_1468_1469_1470/search_file_288-234810_322-236575.foo.c
521_1468_1469_1470/search_file_276-233800_322-236575.foo.c,521_1468_1469_1470/search_file_282-233981_322-236575.foo.c
521_1468_1469_1470/search_file_276-233800_322-236575.foo.c,521_1468_1469_1470/search_file_358-237135_358-237135.foo.c
521_1468_1469_1470/search_file_276-233800_322-236575.foo.c,521_1468_1469_1470/search_file_271-233680_322-236575.foo.c
521_1468_1469_1470/search_file_276-233800_322-236575.foo.c,521_1468_1469_1470/search_file_333-236922_374-238191.foo.c
521_1468_1469_1470/search_file_276-233800_322-236575.foo.c,521_1468_1469_1470/search_file_268-233524_322-236575.foo.c
521_1468_1469_1470/search_file_276-233800_322-236575.foo.c,521_1468_1469_1470/search_file_333-236922_358-237135.foo.c
521_1468_1469_1470/search_file_288-234810_322-236575.foo.c,521_1468_1469_1470/search_file_282-233981_322-236575.foo.c
521_1468_1469_1470/search_file_288-234810_322-236575.foo.c,521_1468_1469_1470/search_file_358-237135_358-237135.foo.c
521_1468_1469_1470/search_file_288-234810_322-236575.foo.c,521_1468_1469_1470/search_file_271-233680_322-236575.foo.c
521_1468_1469_1470/search_file_288-234810_322-236575.foo.c,521_1468_1469_1470/search_file_333-236922_374-238191.foo.c
521_1468_1469_1470/search_file_288-234810_322-236575.foo.c,521_1468_1469_1470/search_file_268-233524_322-236575.foo.c
521_1468_1469_1470/search_file_288-234810_322-236575.foo.c,521_1468_1469_1470/search_file_333-236922_358-237135.foo.c
521_1468_1469_1470/search_file_282-233981_322-236575.foo.c,521_1468_1469_1470/search_file_358-237135_358-237135.foo.c
521_1468_1469_1470/search_file_282-233981_322-236575.foo.c,521_1468_1469_1470/search_file_271-233680_322-236575.foo.c
521_1468_1469_1470/search_file_282-233981_322-236575.foo.c,521_1468_1469_1470/search_file_333-236922_374-238191.foo.c
521_1468_1469_1470/search_file_282-233981_322-236575.foo.c,521_1468_1469_1470/search_file_268-233524_322-236575.foo.c
521_1468_1469_1470/search_file_282-233981_322-236575.foo.c,521_1468_1469_1470/search_file_333-236922_358-237135.foo.c
521_1468_1469_1470/search_file_358-237135_358-237135.foo.c,521_1468_1469_1470/search_file_271-233680_322-236575.foo.c
521_1468_1469_1470/search_file_358-237135_358-237135.foo.c,521_1468_1469_1470/search_file_333-236922_374-238191.foo.c
521_1468_1469_1470/search_file_358-237135_358-237135.foo.c,521_1468_1469_1470/search_file_268-233524_322-236575.foo.c
521_1468_1469_1470/search_file_358-237135_358-237135.foo.c,521_1468_1469_1470/search_file_333-236922_358-237135.foo.c
521_1468_1469_1470/search_file_271-233680_322-236575.foo.c,521_1468_1469_1470/search_file_333-236922_374-238191.foo.c
521_1468_1469_1470/search_file_271-233680_322-236575.foo.c,521_1468_1469_1470/search_file_268-233524_322-236575.foo.c
521_1468_1469_1470/search_file_271-233680_322-236575.foo.c,521_1468_1469_1470/search_file_333-236922_358-237135.foo.c
521_1468_1469_1470/search_file_333-236922_374-238191.foo.c,521_1468_1469_1470/search_file_268-233524_322-236575.foo.c
521_1468_1469_1470/search_file_333-236922_374-238191.foo.c,521_1468_1469_1470/search_file_333-236922_358-237135.foo.c
521_1468_1469_1470/search_file_268-233524_322-236575.foo.c,521_1468_1469_1470/search_file_333-236922_358-237135.foo.c
367_1420_1424_1425_1428_1430_1431_1432/fgetln_559-212270_583-213289.foo.c,367_1420_1424_1425_1428_1430_1431_1432/fgetln_559-212270_563-212433.foo.c
367_1420_1424_1425_1428_1430_1431_1432/fgetln_559-212270_583-213289.foo.c,367_1420_1424_1425_1428_1430_1431_1432/fgetln_559-212270_584-213306.foo.c
367_1420_1424_1425_1428_1430_1431_1432/fgetln_559-212270_583-213289.foo.c,367_1420_1424_1425_1428_1430_1431_1432/search_buf_51-225276_54-225306.foo.c
367_1420_1424_1425_1428_1430_1431_1432/fgetln_559-212270_563-212433.foo.c,367_1420_1424_1425_1428_1430_1431_1432/fgetln_559-212270_584-213306.foo.c
367_1420_1424_1425_1428_1430_1431_1432/fgetln_559-212270_563-212433.foo.c,367_1420_1424_1425_1428_1430_1431_1432/search_buf_51-225276_54-225306.foo.c
367_1420_1424_1425_1428_1430_1431_1432/fgetln_559-212270_584-213306.foo.c,367_1420_1424_1425_1428_1430_1431_1432/search_buf_51-225276_54-225306.foo.c
903_1532_1533_1534_1535_1536_1537_1538/init_options_153-234604_165-235056.foo.c,903_1532_1533_1534_1535_1536_1537_1538/init_options_153-234604_166-235080.foo.c
903_1532_1533_1534_1535_1536_1537_1538/init_options_153-234604_165-235056.foo.c,903_1532_1533_1534_1535_1536_1537_1538/init_options_151-229067_163-235036.foo.c
903_1532_1533_1534_1535_1536_1537_1538/init_options_153-234604_165-235056.foo.c,903_1532_1533_1534_1535_1536_1537_1538/init_options_148-228997_163-235036.foo.c
903_1532_1533_1534_1535_1536_1537_1538/init_options_153-234604_165-235056.foo.c,903_1532_1533_1534_1535_1536_1537_1538/init_options_152-229099_163-235036.foo.c
903_1532_1533_1534_1535_1536_1537_1538/init_options_153-234604_166-235080.foo.c,903_1532_1533_1534_1535_1536_1537_1538/init_options_151-229067_163-235036.foo.c
903_1532_1533_1534_1535_1536_1537_1538/init_options_153-234604_166-235080.foo.c,903_1532_1533_1534_1535_1536_1537_1538/init_options_148-228997_163-235036.foo.c
903_1532_1533_1534_1535_1536_1537_1538/init_options_153-234604_166-235080.foo.c,903_1532_1533_1534_1535_1536_1537_1538/init_options_152-229099_163-235036.foo.c
903_1532_1533_1534_1535_1536_1537_1538/init_options_151-229067_163-235036.foo.c,903_1532_1533_1534_1535_1536_1537_1538/init_options_148-228997_163-235036.foo.c
903_1532_1533_1534_1535_1536_1537_1538/init_options_151-229067_163-235036.foo.c,903_1532_1533_1534_1535_1536_1537_1538/init_options_152-229099_163-235036.foo.c
903_1532_1533_1534_1535_1536_1537_1538/init_options_148-228997_163-235036.foo.c,903_1532_1533_1534_1535_1536_1537_1538/init_options_152-229099_163-235036.foo.c
320_1411_1415/search_file_358-237135_392-238733.foo.c,320_1411_1415/search_file_324-236605_392-238733.foo.c
320_1411_1415/search_file_358-237135_392-238733.foo.c,320_1411_1415/search_file_322-236575_414-239165.foo.c
320_1411_1415/search_file_358-237135_392-238733.foo.c,320_1411_1415/search_file_333-236922_392-238733.foo.c
320_1411_1415/search_file_358-237135_392-238733.foo.c,320_1411_1415/search_file_324-236605_414-239165.foo.c
320_1411_1415/search_file_324-236605_392-238733.foo.c,320_1411_1415/search_file_322-236575_414-239165.foo.c
320_1411_1415/search_file_324-236605_392-238733.foo.c,320_1411_1415/search_file_333-236922_392-238733.foo.c
320_1411_1415/search_file_324-236605_392-238733.foo.c,320_1411_1415/search_file_324-236605_414-239165.foo.c
320_1411_1415/search_file_322-236575_414-239165.foo.c,320_1411_1415/search_file_333-236922_392-238733.foo.c
320_1411_1415/search_file_322-236575_414-239165.foo.c,320_1411_1415/search_file_324-236605_414-239165.foo.c
320_1411_1415/search_file_333-236922_392-238733.foo.c,320_1411_1415/search_file_324-236605_414-239165.foo.c
513_1464_1465_1466_1467_1468/search_file_264-233338_301-235332.foo.c,513_1464_1465_1466_1467_1468/search_file_264-233338_288-234810.foo.c
513_1464_1465_1466_1467_1468/search_file_264-233338_301-235332.foo.c,513_1464_1465_1466_1467_1468/search_file_264-233338_296-235212.foo.c
513_1464_1465_1466_1467_1468/search_file_264-233338_301-235332.foo.c,513_1464_1465_1466_1467_1468/search_file_264-233338_314-236214.foo.c
513_1464_1465_1466_1467_1468/search_file_264-233338_301-235332.foo.c,513_1464_1465_1466_1467_1468/search_file_264-233338_333-236922.foo.c
513_1464_1465_1466_1467_1468/search_file_264-233338_301-235332.foo.c,513_1464_1465_1466_1467_1468/search_file_264-233338_324-236605.foo.c
513_1464_1465_1466_1467_1468/search_file_264-233338_301-235332.foo.c,513_1464_1465_1466_1467_1468/search_file_264-233338_307-235513.foo.c
513_1464_1465_1466_1467_1468/search_file_264-233338_288-234810.foo.c,513_1464_1465_1466_1467_1468/search_file_264-233338_296-235212.foo.c
513_1464_1465_1466_1467_1468/search_file_264-233338_288-234810.foo.c,513_1464_1465_1466_1467_1468/search_file_264-233338_314-236214.foo.c
513_1464_1465_1466_1467_1468/search_file_264-233338_288-234810.foo.c,513_1464_1465_1466_1467_1468/search_file_264-233338_333-236922.foo.c
513_1464_1465_1466_1467_1468/search_file_264-233338_288-234810.foo.c,513_1464_1465_1466_1467_1468/search_file_264-233338_324-236605.foo.c
513_1464_1465_1466_1467_1468/search_file_264-233338_288-234810.foo.c,513_1464_1465_1466_1467_1468/search_file_264-233338_307-235513.foo.c
513_1464_1465_1466_1467_1468/search_file_264-233338_296-235212.foo.c,513_1464_1465_1466_1467_1468/search_file_264-233338_314-236214.foo.c
513_1464_1465_1466_1467_1468/search_file_264-233338_296-235212.foo.c,513_1464_1465_1466_1467_1468/search_file_264-233338_333-236922.foo.c
513_1464_1465_1466_1467_1468/search_file_264-233338_296-235212.foo.c,513_1464_1465_1466_1467_1468/search_file_264-233338_324-236605.foo.c
513_1464_1465_1466_1467_1468/search_file_264-233338_296-235212.foo.c,513_1464_1465_1466_1467_1468/search_file_264-233338_307-235513.foo.c
513_1464_1465_1466_1467_1468/search_file_264-233338_314-236214.foo.c,513_1464_1465_1466_1467_1468/search_file_264-233338_333-236922.foo.c
513_1464_1465_1466_1467_1468/search_file_264-233338_314-236214.foo.c,513_1464_1465_1466_1467_1468/search_file_264-233338_324-236605.foo.c
513_1464_1465_1466_1467_1468/search_file_264-233338_314-236214.foo.c,513_1464_1465_1466_1467_1468/search_file_264-233338_307-235513.foo.c
513_1464_1465_1466_1467_1468/search_file_264-233338_333-236922.foo.c,513_1464_1465_1466_1467_1468/search_file_264-233338_324-236605.foo.c
513_1464_1465_1466_1467_1468/search_file_264-233338_333-236922.foo.c,513_1464_1465_1466_1467_1468/search_file_264-233338_307-235513.foo.c
513_1464_1465_1466_1467_1468/search_file_264-233338_324-236605.foo.c,513_1464_1465_1466_1467_1468/search_file_264-233338_307-235513.foo.c
845_1522_1523_1524_1525_1526_1527_1528/decompress_lzma_127-240113_182-242296.foo.c,845_1522_1523_1524_1525_1526_1527_1528/decompress_lzma_129-240455_145-240996.foo.c
845_1522_1523_1524_1525_1526_1527_1528/decompress_lzma_127-240113_182-242296.foo.c,845_1522_1523_1524_1525_1526_1527_1528/decompress_lzma_129-240455_182-242296.foo.c
845_1522_1523_1524_1525_1526_1527_1528/decompress_lzma_127-240113_182-242296.foo.c,845_1522_1523_1524_1525_1526_1527_1528/decompress_lzma_127-240113_145-240996.foo.c
845_1522_1523_1524_1525_1526_1527_1528/decompress_lzma_127-240113_182-242296.foo.c,845_1522_1523_1524_1525_1526_1527_1528/decompress_lzma_129-240455_172-242131.foo.c
845_1522_1523_1524_1525_1526_1527_1528/decompress_lzma_127-240113_182-242296.foo.c,845_1522_1523_1524_1525_1526_1527_1528/decompress_lzma_129-240455_174-242169.foo.c
845_1522_1523_1524_1525_1526_1527_1528/decompress_lzma_127-240113_182-242296.foo.c,845_1522_1523_1524_1525_1526_1527_1528/decompress_lzma_127-240113_172-242131.foo.c
845_1522_1523_1524_1525_1526_1527_1528/decompress_lzma_127-240113_182-242296.foo.c,845_1522_1523_1524_1525_1526_1527_1528/decompress_lzma_127-240113_174-242169.foo.c
845_1522_1523_1524_1525_1526_1527_1528/decompress_lzma_129-240455_145-240996.foo.c,845_1522_1523_1524_1525_1526_1527_1528/decompress_lzma_129-240455_182-242296.foo.c
845_1522_1523_1524_1525_1526_1527_1528/decompress_lzma_129-240455_145-240996.foo.c,845_1522_1523_1524_1525_1526_1527_1528/decompress_lzma_127-240113_145-240996.foo.c
845_1522_1523_1524_1525_1526_1527_1528/decompress_lzma_129-240455_145-240996.foo.c,845_1522_1523_1524_1525_1526_1527_1528/decompress_lzma_129-240455_172-242131.foo.c
845_1522_1523_1524_1525_1526_1527_1528/decompress_lzma_129-240455_145-240996.foo.c,845_1522_1523_1524_1525_1526_1527_1528/decompress_lzma_129-240455_174-242169.foo.c
845_1522_1523_1524_1525_1526_1527_1528/decompress_lzma_129-240455_145-240996.foo.c,845_1522_1523_1524_1525_1526_1527_1528/decompress_lzma_127-240113_172-242131.foo.c
845_1522_1523_1524_1525_1526_1527_1528/decompress_lzma_129-240455_145-240996.foo.c,845_1522_1523_1524_1525_1526_1527_1528/decompress_lzma_127-240113_174-242169.foo.c
845_1522_1523_1524_1525_1526_1527_1528/decompress_lzma_129-240455_182-242296.foo.c,845_1522_1523_1524_1525_1526_1527_1528/decompress_lzma_127-240113_145-240996.foo.c
845_1522_1523_1524_1525_1526_1527_1528/decompress_lzma_129-240455_182-242296.foo.c,845_1522_1523_1524_1525_1526_1527_1528/decompress_lzma_129-240455_172-242131.foo.c
845_1522_1523_1524_1525_1526_1527_1528/decompress_lzma_129-240455_182-242296.foo.c,845_1522_1523_1524_1525_1526_1527_1528/decompress_lzma_129-240455_174-242169.foo.c
845_1522_1523_1524_1525_1526_1527_1528/decompress_lzma_129-240455_182-242296.foo.c,845_1522_1523_1524_1525_1526_1527_1528/decompress_lzma_127-240113_172-242131.foo.c
845_1522_1523_1524_1525_1526_1527_1528/decompress_lzma_129-240455_182-242296.foo.c,845_1522_1523_1524_1525_1526_1527_1528/decompress_lzma_127-240113_174-242169.foo.c
845_1522_1523_1524_1525_1526_1527_1528/decompress_lzma_127-240113_145-240996.foo.c,845_1522_1523_1524_1525_1526_1527_1528/decompress_lzma_129-240455_172-242131.foo.c
845_1522_1523_1524_1525_1526_1527_1528/decompress_lzma_127-240113_145-240996.foo.c,845_1522_1523_1524_1525_1526_1527_1528/decompress_lzma_129-240455_174-242169.foo.c
845_1522_1523_1524_1525_1526_1527_1528/decompress_lzma_127-240113_145-240996.foo.c,845_1522_1523_1524_1525_1526_1527_1528/decompress_lzma_127-240113_172-242131.foo.c
845_1522_1523_1524_1525_1526_1527_1528/decompress_lzma_127-240113_145-240996.foo.c,845_1522_1523_1524_1525_1526_1527_1528/decompress_lzma_127-240113_174-242169.foo.c
845_1522_1523_1524_1525_1526_1527_1528/decompress_lzma_129-240455_172-242131.foo.c,845_1522_1523_1524_1525_1526_1527_1528/decompress_lzma_129-240455_174-242169.foo.c
845_1522_1523_1524_1525_1526_1527_1528/decompress_lzma_129-240455_172-242131.foo.c,845_1522_1523_1524_1525_1526_1527_1528/decompress_lzma_127-240113_172-242131.foo.c
845_1522_1523_1524_1525_1526_1527_1528/decompress_lzma_129-240455_172-242131.foo.c,845_1522_1523_1524_1525_1526_1527_1528/decompress_lzma_127-240113_174-242169.foo.c
845_1522_1523_1524_1525_1526_1527_1528/decompress_lzma_129-240455_174-242169.foo.c,845_1522_1523_1524_1525_1526_1527_1528/decompress_lzma_127-240113_172-242131.foo.c
845_1522_1523_1524_1525_1526_1527_1528/decompress_lzma_129-240455_174-242169.foo.c,845_1522_1523_1524_1525_1526_1527_1528/decompress_lzma_127-240113_174-242169.foo.c
845_1522_1523_1524_1525_1526_1527_1528/decompress_lzma_127-240113_172-242131.foo.c,845_1522_1523_1524_1525_1526_1527_1528/decompress_lzma_127-240113_174-242169.foo.c
1192_1556_1557_1558_1559/strlcpy_657-213713_679-214019.foo.c,1192_1556_1557_1558_1559/strlcpy_661-213761_661-213761.foo.c
1192_1556_1557_1558_1559/strlcpy_657-213713_679-214019.foo.c,1192_1556_1557_1558_1559/strlcpy_661-213761_670-213902.foo.c
1192_1556_1557_1558_1559/strlcpy_657-213713_679-214019.foo.c,1192_1556_1557_1558_1559/strlcpy_658-213738_679-214019.foo.c
1192_1556_1557_1558_1559/strlcpy_657-213713_679-214019.foo.c,1192_1556_1557_1558_1559/strlcpy_656-213694_679-214019.foo.c
1192_1556_1557_1558_1559/strlcpy_657-213713_679-214019.foo.c,1192_1556_1557_1558_1559/strlcpy_658-213738_670-213902.foo.c
1192_1556_1557_1558_1559/strlcpy_657-213713_679-214019.foo.c,1192_1556_1557_1558_1559/strlcpy_657-213713_661-213761.foo.c
1192_1556_1557_1558_1559/strlcpy_657-213713_679-214019.foo.c,1192_1556_1557_1558_1559/strlcpy_661-213761_679-214019.foo.c
1192_1556_1557_1558_1559/strlcpy_657-213713_679-214019.foo.c,1192_1556_1557_1558_1559/strlcpy_656-213694_670-213902.foo.c
1192_1556_1557_1558_1559/strlcpy_657-213713_679-214019.foo.c,1192_1556_1557_1558_1559/strlcpy_657-213713_670-213902.foo.c
1192_1556_1557_1558_1559/strlcpy_657-213713_679-214019.foo.c,1192_1556_1557_1558_1559/strlcpy_658-213738_661-213761.foo.c
1192_1556_1557_1558_1559/strlcpy_657-213713_679-214019.foo.c,1192_1556_1557_1558_1559/strlcpy_656-213694_661-213761.foo.c
1192_1556_1557_1558_1559/strlcpy_661-213761_661-213761.foo.c,1192_1556_1557_1558_1559/strlcpy_661-213761_670-213902.foo.c
1192_1556_1557_1558_1559/strlcpy_661-213761_661-213761.foo.c,1192_1556_1557_1558_1559/strlcpy_658-213738_679-214019.foo.c
1192_1556_1557_1558_1559/strlcpy_661-213761_661-213761.foo.c,1192_1556_1557_1558_1559/strlcpy_656-213694_679-214019.foo.c
1192_1556_1557_1558_1559/strlcpy_661-213761_661-213761.foo.c,1192_1556_1557_1558_1559/strlcpy_658-213738_670-213902.foo.c
1192_1556_1557_1558_1559/strlcpy_661-213761_661-213761.foo.c,1192_1556_1557_1558_1559/strlcpy_657-213713_661-213761.foo.c
1192_1556_1557_1558_1559/strlcpy_661-213761_661-213761.foo.c,1192_1556_1557_1558_1559/strlcpy_661-213761_679-214019.foo.c
1192_1556_1557_1558_1559/strlcpy_661-213761_661-213761.foo.c,1192_1556_1557_1558_1559/strlcpy_656-213694_670-213902.foo.c
1192_1556_1557_1558_1559/strlcpy_661-213761_661-213761.foo.c,1192_1556_1557_1558_1559/strlcpy_657-213713_670-213902.foo.c
1192_1556_1557_1558_1559/strlcpy_661-213761_661-213761.foo.c,1192_1556_1557_1558_1559/strlcpy_658-213738_661-213761.foo.c
1192_1556_1557_1558_1559/strlcpy_661-213761_661-213761.foo.c,1192_1556_1557_1558_1559/strlcpy_656-213694_661-213761.foo.c
1192_1556_1557_1558_1559/strlcpy_661-213761_670-213902.foo.c,1192_1556_1557_1558_1559/strlcpy_658-213738_679-214019.foo.c
1192_1556_1557_1558_1559/strlcpy_661-213761_670-213902.foo.c,1192_1556_1557_1558_1559/strlcpy_656-213694_679-214019.foo.c
1192_1556_1557_1558_1559/strlcpy_661-213761_670-213902.foo.c,1192_1556_1557_1558_1559/strlcpy_658-213738_670-213902.foo.c
1192_1556_1557_1558_1559/strlcpy_661-213761_670-213902.foo.c,1192_1556_1557_1558_1559/strlcpy_657-213713_661-213761.foo.c
1192_1556_1557_1558_1559/strlcpy_661-213761_670-213902.foo.c,1192_1556_1557_1558_1559/strlcpy_661-213761_679-214019.foo.c
1192_1556_1557_1558_1559/strlcpy_661-213761_670-213902.foo.c,1192_1556_1557_1558_1559/strlcpy_656-213694_670-213902.foo.c
1192_1556_1557_1558_1559/strlcpy_661-213761_670-213902.foo.c,1192_1556_1557_1558_1559/strlcpy_657-213713_670-213902.foo.c
1192_1556_1557_1558_1559/strlcpy_661-213761_670-213902.foo.c,1192_1556_1557_1558_1559/strlcpy_658-213738_661-213761.foo.c
1192_1556_1557_1558_1559/strlcpy_661-213761_670-213902.foo.c,1192_1556_1557_1558_1559/strlcpy_656-213694_661-213761.foo.c
1192_1556_1557_1558_1559/strlcpy_658-213738_679-214019.foo.c,1192_1556_1557_1558_1559/strlcpy_656-213694_679-214019.foo.c
1192_1556_1557_1558_1559/strlcpy_658-213738_679-214019.foo.c,1192_1556_1557_1558_1559/strlcpy_658-213738_670-213902.foo.c
1192_1556_1557_1558_1559/strlcpy_658-213738_679-214019.foo.c,1192_1556_1557_1558_1559/strlcpy_657-213713_661-213761.foo.c
1192_1556_1557_1558_1559/strlcpy_658-213738_679-214019.foo.c,1192_1556_1557_1558_1559/strlcpy_661-213761_679-214019.foo.c
1192_1556_1557_1558_1559/strlcpy_658-213738_679-214019.foo.c,1192_1556_1557_1558_1559/strlcpy_656-213694_670-213902.foo.c
1192_1556_1557_1558_1559/strlcpy_658-213738_679-214019.foo.c,1192_1556_1557_1558_1559/strlcpy_657-213713_670-213902.foo.c
1192_1556_1557_1558_1559/strlcpy_658-213738_679-214019.foo.c,1192_1556_1557_1558_1559/strlcpy_658-213738_661-213761.foo.c
1192_1556_1557_1558_1559/strlcpy_658-213738_679-214019.foo.c,1192_1556_1557_1558_1559/strlcpy_656-213694_661-213761.foo.c
1192_1556_1557_1558_1559/strlcpy_656-213694_679-214019.foo.c,1192_1556_1557_1558_1559/strlcpy_658-213738_670-213902.foo.c
1192_1556_1557_1558_1559/strlcpy_656-213694_679-214019.foo.c,1192_1556_1557_1558_1559/strlcpy_657-213713_661-213761.foo.c
1192_1556_1557_1558_1559/strlcpy_656-213694_679-214019.foo.c,1192_1556_1557_1558_1559/strlcpy_661-213761_679-214019.foo.c
1192_1556_1557_1558_1559/strlcpy_656-213694_679-214019.foo.c,1192_1556_1557_1558_1559/strlcpy_656-213694_670-213902.foo.c
1192_1556_1557_1558_1559/strlcpy_656-213694_679-214019.foo.c,1192_1556_1557_1558_1559/strlcpy_657-213713_670-213902.foo.c
1192_1556_1557_1558_1559/strlcpy_656-213694_679-214019.foo.c,1192_1556_1557_1558_1559/strlcpy_658-213738_661-213761.foo.c
1192_1556_1557_1558_1559/strlcpy_656-213694_679-214019.foo.c,1192_1556_1557_1558_1559/strlcpy_656-213694_661-213761.foo.c
1192_1556_1557_1558_1559/strlcpy_658-213738_670-213902.foo.c,1192_1556_1557_1558_1559/strlcpy_657-213713_661-213761.foo.c
1192_1556_1557_1558_1559/strlcpy_658-213738_670-213902.foo.c,1192_1556_1557_1558_1559/strlcpy_661-213761_679-214019.foo.c
1192_1556_1557_1558_1559/strlcpy_658-213738_670-213902.foo.c,1192_1556_1557_1558_1559/strlcpy_656-213694_670-213902.foo.c
1192_1556_1557_1558_1559/strlcpy_658-213738_670-213902.foo.c,1192_1556_1557_1558_1559/strlcpy_657-213713_670-213902.foo.c
1192_1556_1557_1558_1559/strlcpy_658-213738_670-213902.foo.c,1192_1556_1557_1558_1559/strlcpy_658-213738_661-213761.foo.c
1192_1556_1557_1558_1559/strlcpy_658-213738_670-213902.foo.c,1192_1556_1557_1558_1559/strlcpy_656-213694_661-213761.foo.c
1192_1556_1557_1558_1559/strlcpy_657-213713_661-213761.foo.c,1192_1556_1557_1558_1559/strlcpy_661-213761_679-214019.foo.c
1192_1556_1557_1558_1559/strlcpy_657-213713_661-213761.foo.c,1192_1556_1557_1558_1559/strlcpy_656-213694_670-213902.foo.c
1192_1556_1557_1558_1559/strlcpy_657-213713_661-213761.foo.c,1192_1556_1557_1558_1559/strlcpy_657-213713_670-213902.foo.c
1192_1556_1557_1558_1559/strlcpy_657-213713_661-213761.foo.c,1192_1556_1557_1558_1559/strlcpy_658-213738_661-213761.foo.c
1192_1556_1557_1558_1559/strlcpy_657-213713_661-213761.foo.c,1192_1556_1557_1558_1559/strlcpy_656-213694_661-213761.foo.c
1192_1556_1557_1558_1559/strlcpy_661-213761_679-214019.foo.c,1192_1556_1557_1558_1559/strlcpy_656-213694_670-213902.foo.c
1192_1556_1557_1558_1559/strlcpy_661-213761_679-214019.foo.c,1192_1556_1557_1558_1559/strlcpy_657-213713_670-213902.foo.c
1192_1556_1557_1558_1559/strlcpy_661-213761_679-214019.foo.c,1192_1556_1557_1558_1559/strlcpy_658-213738_661-213761.foo.c
1192_1556_1557_1558_1559/strlcpy_661-213761_679-214019.foo.c,1192_1556_1557_1558_1559/strlcpy_656-213694_661-213761.foo.c
1192_1556_1557_1558_1559/strlcpy_656-213694_670-213902.foo.c,1192_1556_1557_1558_1559/strlcpy_657-213713_670-213902.foo.c
1192_1556_1557_1558_1559/strlcpy_656-213694_670-213902.foo.c,1192_1556_1557_1558_1559/strlcpy_658-213738_661-213761.foo.c
1192_1556_1557_1558_1559/strlcpy_656-213694_670-213902.foo.c,1192_1556_1557_1558_1559/strlcpy_656-213694_661-213761.foo.c
1192_1556_1557_1558_1559/strlcpy_657-213713_670-213902.foo.c,1192_1556_1557_1558_1559/strlcpy_658-213738_661-213761.foo.c
1192_1556_1557_1558_1559/strlcpy_657-213713_670-213902.foo.c,1192_1556_1557_1558_1559/strlcpy_656-213694_661-213761.foo.c
1192_1556_1557_1558_1559/strlcpy_658-213738_661-213761.foo.c,1192_1556_1557_1558_1559/strlcpy_656-213694_661-213761.foo.c
1330_1580_1581_1583/check_symloop_enter_500-246724_500-248052.foo.c,1330_1580_1581_1583/check_symloop_enter_500-246690_500-248052.foo.c
1330_1580_1581_1583/check_symloop_enter_500-246724_500-248052.foo.c,1330_1580_1581_1583/check_symloop_enter_500-246625_500-248052.foo.c
1330_1580_1581_1583/check_symloop_enter_500-246724_500-248052.foo.c,1330_1580_1581_1583/check_symloop_enter_500-246752_500-248052.foo.c
1330_1580_1581_1583/check_symloop_enter_500-246690_500-248052.foo.c,1330_1580_1581_1583/check_symloop_enter_500-246625_500-248052.foo.c
1330_1580_1581_1583/check_symloop_enter_500-246690_500-248052.foo.c,1330_1580_1581_1583/check_symloop_enter_500-246752_500-248052.foo.c
1330_1580_1581_1583/check_symloop_enter_500-246625_500-248052.foo.c,1330_1580_1581_1583/check_symloop_enter_500-246752_500-248052.foo.c
478_1448/check_symloop_enter_500-250980_500-251458.foo.c,478_1448/check_symloop_enter_500-250980_500-251427.foo.c
478_1448/check_symloop_enter_500-250980_500-251458.foo.c,478_1448/check_symloop_enter_500-250884_500-251427.foo.c
478_1448/check_symloop_enter_500-250980_500-251458.foo.c,478_1448/check_symloop_enter_500-251022_500-251458.foo.c
478_1448/check_symloop_enter_500-250980_500-251458.foo.c,478_1448/check_symloop_enter_500-250884_500-251458.foo.c
478_1448/check_symloop_enter_500-250980_500-251427.foo.c,478_1448/check_symloop_enter_500-251022_500-251458.foo.c
478_1448/check_symloop_enter_500-250980_500-251427.foo.c,478_1448/check_symloop_enter_500-250884_500-251458.foo.c
478_1448/check_symloop_enter_500-250884_500-251427.foo.c,478_1448/check_symloop_enter_500-251022_500-251458.foo.c
478_1448/check_symloop_enter_500-250884_500-251427.foo.c,478_1448/check_symloop_enter_500-250884_500-251458.foo.c
478_1448/check_symloop_enter_500-251022_500-251458.foo.c,478_1448/check_symloop_enter_500-250884_500-251458.foo.c
566_1475_1478_1479_1480_1481/check_symloop_leave_515-252614_515-252965.foo.c,566_1475_1478_1479_1480_1481/check_symloop_leave_515-252844_515-252965.foo.c
566_1475_1478_1479_1480_1481/check_symloop_leave_515-252614_515-252965.foo.c,566_1475_1478_1479_1480_1481/check_symloop_leave_515-252729_515-252965.foo.c
566_1475_1478_1479_1480_1481/check_symloop_leave_515-252614_515-252965.foo.c,566_1475_1478_1479_1480_1481/check_symloop_enter_493-242241_493-242592.foo.c
566_1475_1478_1479_1480_1481/check_symloop_leave_515-252614_515-252965.foo.c,566_1475_1478_1479_1480_1481/check_symloop_enter_493-242471_493-242592.foo.c
566_1475_1478_1479_1480_1481/check_symloop_leave_515-252614_515-252965.foo.c,566_1475_1478_1479_1480_1481/check_symloop_enter_493-242356_493-242592.foo.c
566_1475_1478_1479_1480_1481/check_symloop_leave_515-252844_515-252965.foo.c,566_1475_1478_1479_1480_1481/check_symloop_leave_515-252729_515-252965.foo.c
566_1475_1478_1479_1480_1481/check_symloop_leave_515-252844_515-252965.foo.c,566_1475_1478_1479_1480_1481/check_symloop_enter_493-242241_493-242592.foo.c
566_1475_1478_1479_1480_1481/check_symloop_leave_515-252844_515-252965.foo.c,566_1475_1478_1479_1480_1481/check_symloop_enter_493-242471_493-242592.foo.c
566_1475_1478_1479_1480_1481/check_symloop_leave_515-252844_515-252965.foo.c,566_1475_1478_1479_1480_1481/check_symloop_enter_493-242356_493-242592.foo.c
566_1475_1478_1479_1480_1481/check_symloop_leave_515-252729_515-252965.foo.c,566_1475_1478_1479_1480_1481/check_symloop_enter_493-242241_493-242592.foo.c
566_1475_1478_1479_1480_1481/check_symloop_leave_515-252729_515-252965.foo.c,566_1475_1478_1479_1480_1481/check_symloop_enter_493-242471_493-242592.foo.c
566_1475_1478_1479_1480_1481/check_symloop_leave_515-252729_515-252965.foo.c,566_1475_1478_1479_1480_1481/check_symloop_enter_493-242356_493-242592.foo.c
566_1475_1478_1479_1480_1481/check_symloop_enter_493-242241_493-242592.foo.c,566_1475_1478_1479_1480_1481/check_symloop_enter_493-242471_493-242592.foo.c
566_1475_1478_1479_1480_1481/check_symloop_enter_493-242241_493-242592.foo.c,566_1475_1478_1479_1480_1481/check_symloop_enter_493-242356_493-242592.foo.c
566_1475_1478_1479_1480_1481/check_symloop_enter_493-242471_493-242592.foo.c,566_1475_1478_1479_1480_1481/check_symloop_enter_493-242356_493-242592.foo.c
565_1469_1474/add_ignore_pattern_162-186967_162-186967.foo.c,565_1469_1474/add_ignore_pattern_104-177886_104-177886.foo.c
565_1469_1474/add_ignore_pattern_162-186967_162-186967.foo.c,565_1469_1474/hash_strnstr_219-181462_215-181277.foo.c
565_1469_1474/add_ignore_pattern_162-186967_162-186967.foo.c,565_1469_1474/init_options_153-234604_153-234604.foo.c
565_1469_1474/add_ignore_pattern_162-186967_162-186967.foo.c,565_1469_1474/is_binary_354-195244_355-195288.foo.c
565_1469_1474/add_ignore_pattern_162-186967_162-186967.foo.c,565_1469_1474/binary_search_431-206627_431-206627.foo.c
565_1469_1474/add_ignore_pattern_162-186967_162-186967.foo.c,565_1469_1474/filename_filter_300-204835_300-204835.foo.c
565_1469_1474/add_ignore_pattern_162-186967_162-186967.foo.c,565_1469_1474/generate_hash_165-178258_165-178258.foo.c
565_1469_1474/add_ignore_pattern_162-186967_162-186967.foo.c,565_1469_1474/filename_filter_339-212482_339-212482.foo.c
565_1469_1474/add_ignore_pattern_162-186967_162-186967.foo.c,565_1469_1474/hash_strnstr_231-182908_228-182791.foo.c
565_1469_1474/add_ignore_pattern_162-186967_162-186967.foo.c,565_1469_1474/is_binary_349-194568_349-194568.foo.c
565_1469_1474/add_ignore_pattern_162-186967_162-186967.foo.c,565_1469_1474/is_binary_349-194568_355-195288.foo.c
565_1469_1474/add_ignore_pattern_104-177886_104-177886.foo.c,565_1469_1474/hash_strnstr_219-181462_215-181277.foo.c
565_1469_1474/add_ignore_pattern_104-177886_104-177886.foo.c,565_1469_1474/init_options_153-234604_153-234604.foo.c
565_1469_1474/add_ignore_pattern_104-177886_104-177886.foo.c,565_1469_1474/is_binary_354-195244_355-195288.foo.c
565_1469_1474/add_ignore_pattern_104-177886_104-177886.foo.c,565_1469_1474/binary_search_431-206627_431-206627.foo.c
565_1469_1474/add_ignore_pattern_104-177886_104-177886.foo.c,565_1469_1474/filename_filter_300-204835_300-204835.foo.c
565_1469_1474/add_ignore_pattern_104-177886_104-177886.foo.c,565_1469_1474/generate_hash_165-178258_165-178258.foo.c
565_1469_1474/add_ignore_pattern_104-177886_104-177886.foo.c,565_1469_1474/filename_filter_339-212482_339-212482.foo.c
565_1469_1474/add_ignore_pattern_104-177886_104-177886.foo.c,565_1469_1474/hash_strnstr_231-182908_228-182791.foo.c
565_1469_1474/add_ignore_pattern_104-177886_104-177886.foo.c,565_1469_1474/is_binary_349-194568_349-194568.foo.c
565_1469_1474/add_ignore_pattern_104-177886_104-177886.foo.c,565_1469_1474/is_binary_349-194568_355-195288.foo.c
565_1469_1474/hash_strnstr_219-181462_215-181277.foo.c,565_1469_1474/init_options_153-234604_153-234604.foo.c
565_1469_1474/hash_strnstr_219-181462_215-181277.foo.c,565_1469_1474/is_binary_354-195244_355-195288.foo.c
565_1469_1474/hash_strnstr_219-181462_215-181277.foo.c,565_1469_1474/binary_search_431-206627_431-206627.foo.c
565_1469_1474/hash_strnstr_219-181462_215-181277.foo.c,565_1469_1474/filename_filter_300-204835_300-204835.foo.c
565_1469_1474/hash_strnstr_219-181462_215-181277.foo.c,565_1469_1474/generate_hash_165-178258_165-178258.foo.c
565_1469_1474/hash_strnstr_219-181462_215-181277.foo.c,565_1469_1474/filename_filter_339-212482_339-212482.foo.c
565_1469_1474/hash_strnstr_219-181462_215-181277.foo.c,565_1469_1474/hash_strnstr_231-182908_228-182791.foo.c
565_1469_1474/hash_strnstr_219-181462_215-181277.foo.c,565_1469_1474/is_binary_349-194568_349-194568.foo.c
565_1469_1474/hash_strnstr_219-181462_215-181277.foo.c,565_1469_1474/is_binary_349-194568_355-195288.foo.c
565_1469_1474/init_options_153-234604_153-234604.foo.c,565_1469_1474/is_binary_354-195244_355-195288.foo.c
565_1469_1474/init_options_153-234604_153-234604.foo.c,565_1469_1474/binary_search_431-206627_431-206627.foo.c
565_1469_1474/init_options_153-234604_153-234604.foo.c,565_1469_1474/filename_filter_300-204835_300-204835.foo.c
565_1469_1474/init_options_153-234604_153-234604.foo.c,565_1469_1474/generate_hash_165-178258_165-178258.foo.c
565_1469_1474/init_options_153-234604_153-234604.foo.c,565_1469_1474/filename_filter_339-212482_339-212482.foo.c
565_1469_1474/init_options_153-234604_153-234604.foo.c,565_1469_1474/hash_strnstr_231-182908_228-182791.foo.c
565_1469_1474/init_options_153-234604_153-234604.foo.c,565_1469_1474/is_binary_349-194568_349-194568.foo.c
565_1469_1474/init_options_153-234604_153-234604.foo.c,565_1469_1474/is_binary_349-194568_355-195288.foo.c
565_1469_1474/is_binary_354-195244_355-195288.foo.c,565_1469_1474/binary_search_431-206627_431-206627.foo.c
565_1469_1474/is_binary_354-195244_355-195288.foo.c,565_1469_1474/filename_filter_300-204835_300-204835.foo.c
565_1469_1474/is_binary_354-195244_355-195288.foo.c,565_1469_1474/generate_hash_165-178258_165-178258.foo.c
565_1469_1474/is_binary_354-195244_355-195288.foo.c,565_1469_1474/filename_filter_339-212482_339-212482.foo.c
565_1469_1474/is_binary_354-195244_355-195288.foo.c,565_1469_1474/hash_strnstr_231-182908_228-182791.foo.c
565_1469_1474/is_binary_354-195244_355-195288.foo.c,565_1469_1474/is_binary_349-194568_349-194568.foo.c
565_1469_1474/is_binary_354-195244_355-195288.foo.c,565_1469_1474/is_binary_349-194568_355-195288.foo.c
565_1469_1474/binary_search_431-206627_431-206627.foo.c,565_1469_1474/filename_filter_300-204835_300-204835.foo.c
565_1469_1474/binary_search_431-206627_431-206627.foo.c,565_1469_1474/generate_hash_165-178258_165-178258.foo.c
565_1469_1474/binary_search_431-206627_431-206627.foo.c,565_1469_1474/filename_filter_339-212482_339-212482.foo.c
565_1469_1474/binary_search_431-206627_431-206627.foo.c,565_1469_1474/hash_strnstr_231-182908_228-182791.foo.c
565_1469_1474/binary_search_431-206627_431-206627.foo.c,565_1469_1474/is_binary_349-194568_349-194568.foo.c
565_1469_1474/binary_search_431-206627_431-206627.foo.c,565_1469_1474/is_binary_349-194568_355-195288.foo.c
565_1469_1474/filename_filter_300-204835_300-204835.foo.c,565_1469_1474/generate_hash_165-178258_165-178258.foo.c
565_1469_1474/filename_filter_300-204835_300-204835.foo.c,565_1469_1474/filename_filter_339-212482_339-212482.foo.c
565_1469_1474/filename_filter_300-204835_300-204835.foo.c,565_1469_1474/hash_strnstr_231-182908_228-182791.foo.c
565_1469_1474/filename_filter_300-204835_300-204835.foo.c,565_1469_1474/is_binary_349-194568_349-194568.foo.c
565_1469_1474/filename_filter_300-204835_300-204835.foo.c,565_1469_1474/is_binary_349-194568_355-195288.foo.c
565_1469_1474/generate_hash_165-178258_165-178258.foo.c,565_1469_1474/filename_filter_339-212482_339-212482.foo.c
565_1469_1474/generate_hash_165-178258_165-178258.foo.c,565_1469_1474/hash_strnstr_231-182908_228-182791.foo.c
565_1469_1474/generate_hash_165-178258_165-178258.foo.c,565_1469_1474/is_binary_349-194568_349-194568.foo.c
565_1469_1474/generate_hash_165-178258_165-178258.foo.c,565_1469_1474/is_binary_349-194568_355-195288.foo.c
565_1469_1474/filename_filter_339-212482_339-212482.foo.c,565_1469_1474/hash_strnstr_231-182908_228-182791.foo.c
565_1469_1474/filename_filter_339-212482_339-212482.foo.c,565_1469_1474/is_binary_349-194568_349-194568.foo.c
565_1469_1474/filename_filter_339-212482_339-212482.foo.c,565_1469_1474/is_binary_349-194568_355-195288.foo.c
565_1469_1474/hash_strnstr_231-182908_228-182791.foo.c,565_1469_1474/is_binary_349-194568_349-194568.foo.c
565_1469_1474/hash_strnstr_231-182908_228-182791.foo.c,565_1469_1474/is_binary_349-194568_355-195288.foo.c
565_1469_1474/is_binary_349-194568_349-194568.foo.c,565_1469_1474/is_binary_349-194568_355-195288.foo.c
494_1455/hash_strnstr_207-180975_239-184248.foo.c,494_1455/hash_strnstr_207-180975_228-182791.foo.c
494_1455/hash_strnstr_207-180975_239-184248.foo.c,494_1455/search_buf_76-226521_109-227772.foo.c
494_1455/hash_strnstr_207-180975_239-184248.foo.c,494_1455/search_file_276-233800_295-235182.foo.c
494_1455/hash_strnstr_207-180975_239-184248.foo.c,494_1455/filename_filter_310-205366_336-207044.foo.c
494_1455/hash_strnstr_207-180975_239-184248.foo.c,494_1455/filename_filter_305-205208_336-207044.foo.c
494_1455/hash_strnstr_207-180975_228-182791.foo.c,494_1455/search_buf_76-226521_109-227772.foo.c
494_1455/hash_strnstr_207-180975_228-182791.foo.c,494_1455/search_file_276-233800_295-235182.foo.c
494_1455/hash_strnstr_207-180975_228-182791.foo.c,494_1455/filename_filter_310-205366_336-207044.foo.c
494_1455/hash_strnstr_207-180975_228-182791.foo.c,494_1455/filename_filter_305-205208_336-207044.foo.c
494_1455/search_buf_76-226521_109-227772.foo.c,494_1455/search_file_276-233800_295-235182.foo.c
494_1455/search_buf_76-226521_109-227772.foo.c,494_1455/filename_filter_310-205366_336-207044.foo.c
494_1455/search_buf_76-226521_109-227772.foo.c,494_1455/filename_filter_305-205208_336-207044.foo.c
494_1455/search_file_276-233800_295-235182.foo.c,494_1455/filename_filter_310-205366_336-207044.foo.c
494_1455/search_file_276-233800_295-235182.foo.c,494_1455/filename_filter_305-205208_336-207044.foo.c
494_1455/filename_filter_310-205366_336-207044.foo.c,494_1455/filename_filter_305-205208_336-207044.foo.c
373/combine_file_extensions_191-168874_208-169373.foo.c,373/filename_filter_299-199059_323-206790.foo.c
373/combine_file_extensions_191-168874_208-169373.foo.c,373/combine_file_extensions_189-168780_208-169373.foo.c
373/combine_file_extensions_191-168874_208-169373.foo.c,373/search_buf_67-225821_107-227730.foo.c
373/combine_file_extensions_191-168874_208-169373.foo.c,373/filename_filter_299-199059_322-205704.foo.c
373/combine_file_extensions_191-168874_208-169373.foo.c,373/path_ignore_search_216-189452_226-195632.foo.c
373/combine_file_extensions_191-168874_208-169373.foo.c,373/filename_filter_294-198961_322-205704.foo.c
373/combine_file_extensions_191-168874_208-169373.foo.c,373/search_buf_76-226521_107-227730.foo.c
373/combine_file_extensions_191-168874_208-169373.foo.c,373/combine_file_extensions_189-168780_194-168923.foo.c
373/combine_file_extensions_191-168874_208-169373.foo.c,373/path_ignore_search_215-189382_226-195632.foo.c
373/combine_file_extensions_191-168874_208-169373.foo.c,373/filename_filter_294-198961_323-206790.foo.c
373/combine_file_extensions_191-168874_208-169373.foo.c,373/combine_file_extensions_191-168874_194-168923.foo.c
373/filename_filter_299-199059_323-206790.foo.c,373/combine_file_extensions_189-168780_208-169373.foo.c
373/filename_filter_299-199059_323-206790.foo.c,373/search_buf_67-225821_107-227730.foo.c
373/filename_filter_299-199059_323-206790.foo.c,373/filename_filter_299-199059_322-205704.foo.c
373/filename_filter_299-199059_323-206790.foo.c,373/path_ignore_search_216-189452_226-195632.foo.c
373/filename_filter_299-199059_323-206790.foo.c,373/filename_filter_294-198961_322-205704.foo.c
373/filename_filter_299-199059_323-206790.foo.c,373/search_buf_76-226521_107-227730.foo.c
373/filename_filter_299-199059_323-206790.foo.c,373/combine_file_extensions_189-168780_194-168923.foo.c
373/filename_filter_299-199059_323-206790.foo.c,373/path_ignore_search_215-189382_226-195632.foo.c
373/filename_filter_299-199059_323-206790.foo.c,373/filename_filter_294-198961_323-206790.foo.c
373/filename_filter_299-199059_323-206790.foo.c,373/combine_file_extensions_191-168874_194-168923.foo.c
373/combine_file_extensions_189-168780_208-169373.foo.c,373/search_buf_67-225821_107-227730.foo.c
373/combine_file_extensions_189-168780_208-169373.foo.c,373/filename_filter_299-199059_322-205704.foo.c
373/combine_file_extensions_189-168780_208-169373.foo.c,373/path_ignore_search_216-189452_226-195632.foo.c
373/combine_file_extensions_189-168780_208-169373.foo.c,373/filename_filter_294-198961_322-205704.foo.c
373/combine_file_extensions_189-168780_208-169373.foo.c,373/search_buf_76-226521_107-227730.foo.c
373/combine_file_extensions_189-168780_208-169373.foo.c,373/combine_file_extensions_189-168780_194-168923.foo.c
373/combine_file_extensions_189-168780_208-169373.foo.c,373/path_ignore_search_215-189382_226-195632.foo.c
373/combine_file_extensions_189-168780_208-169373.foo.c,373/filename_filter_294-198961_323-206790.foo.c
373/combine_file_extensions_189-168780_208-169373.foo.c,373/combine_file_extensions_191-168874_194-168923.foo.c
373/search_buf_67-225821_107-227730.foo.c,373/filename_filter_299-199059_322-205704.foo.c
373/search_buf_67-225821_107-227730.foo.c,373/path_ignore_search_216-189452_226-195632.foo.c
373/search_buf_67-225821_107-227730.foo.c,373/filename_filter_294-198961_322-205704.foo.c
373/search_buf_67-225821_107-227730.foo.c,373/search_buf_76-226521_107-227730.foo.c
373/search_buf_67-225821_107-227730.foo.c,373/combine_file_extensions_189-168780_194-168923.foo.c
373/search_buf_67-225821_107-227730.foo.c,373/path_ignore_search_215-189382_226-195632.foo.c
373/search_buf_67-225821_107-227730.foo.c,373/filename_filter_294-198961_323-206790.foo.c
373/search_buf_67-225821_107-227730.foo.c,373/combine_file_extensions_191-168874_194-168923.foo.c
373/filename_filter_299-199059_322-205704.foo.c,373/path_ignore_search_216-189452_226-195632.foo.c
373/filename_filter_299-199059_322-205704.foo.c,373/filename_filter_294-198961_322-205704.foo.c
373/filename_filter_299-199059_322-205704.foo.c,373/search_buf_76-226521_107-227730.foo.c
373/filename_filter_299-199059_322-205704.foo.c,373/combine_file_extensions_189-168780_194-168923.foo.c
373/filename_filter_299-199059_322-205704.foo.c,373/path_ignore_search_215-189382_226-195632.foo.c
373/filename_filter_299-199059_322-205704.foo.c,373/filename_filter_294-198961_323-206790.foo.c
373/filename_filter_299-199059_322-205704.foo.c,373/combine_file_extensions_191-168874_194-168923.foo.c
373/path_ignore_search_216-189452_226-195632.foo.c,373/filename_filter_294-198961_322-205704.foo.c
373/path_ignore_search_216-189452_226-195632.foo.c,373/search_buf_76-226521_107-227730.foo.c
373/path_ignore_search_216-189452_226-195632.foo.c,373/combine_file_extensions_189-168780_194-168923.foo.c
373/path_ignore_search_216-189452_226-195632.foo.c,373/path_ignore_search_215-189382_226-195632.foo.c
373/path_ignore_search_216-189452_226-195632.foo.c,373/filename_filter_294-198961_323-206790.foo.c
373/path_ignore_search_216-189452_226-195632.foo.c,373/combine_file_extensions_191-168874_194-168923.foo.c
373/filename_filter_294-198961_322-205704.foo.c,373/search_buf_76-226521_107-227730.foo.c
373/filename_filter_294-198961_322-205704.foo.c,373/combine_file_extensions_189-168780_194-168923.foo.c
373/filename_filter_294-198961_322-205704.foo.c,373/path_ignore_search_215-189382_226-195632.foo.c
373/filename_filter_294-198961_322-205704.foo.c,373/filename_filter_294-198961_323-206790.foo.c
373/filename_filter_294-198961_322-205704.foo.c,373/combine_file_extensions_191-168874_194-168923.foo.c
373/search_buf_76-226521_107-227730.foo.c,373/combine_file_extensions_189-168780_194-168923.foo.c
373/search_buf_76-226521_107-227730.foo.c,373/path_ignore_search_215-189382_226-195632.foo.c
373/search_buf_76-226521_107-227730.foo.c,373/filename_filter_294-198961_323-206790.foo.c
373/search_buf_76-226521_107-227730.foo.c,373/combine_file_extensions_191-168874_194-168923.foo.c
373/combine_file_extensions_189-168780_194-168923.foo.c,373/path_ignore_search_215-189382_226-195632.foo.c
373/combine_file_extensions_189-168780_194-168923.foo.c,373/filename_filter_294-198961_323-206790.foo.c
373/combine_file_extensions_189-168780_194-168923.foo.c,373/combine_file_extensions_191-168874_194-168923.foo.c
373/path_ignore_search_215-189382_226-195632.foo.c,373/filename_filter_294-198961_323-206790.foo.c
373/path_ignore_search_215-189382_226-195632.foo.c,373/combine_file_extensions_191-168874_194-168923.foo.c
373/filename_filter_294-198961_323-206790.foo.c,373/combine_file_extensions_191-168874_194-168923.foo.c
845_1522_1523/decompress_lzma_127-240113_182-242296.foo.c,845_1522_1523/decompress_lzma_129-240455_145-240996.foo.c
845_1522_1523/decompress_lzma_127-240113_182-242296.foo.c,845_1522_1523/decompress_lzma_129-240455_182-242296.foo.c
845_1522_1523/decompress_lzma_127-240113_182-242296.foo.c,845_1522_1523/decompress_lzma_127-240113_145-240996.foo.c
845_1522_1523/decompress_lzma_127-240113_182-242296.foo.c,845_1522_1523/decompress_lzma_129-240455_172-242131.foo.c
845_1522_1523/decompress_lzma_127-240113_182-242296.foo.c,845_1522_1523/decompress_lzma_129-240455_174-242169.foo.c
845_1522_1523/decompress_lzma_127-240113_182-242296.foo.c,845_1522_1523/decompress_lzma_127-240113_172-242131.foo.c
845_1522_1523/decompress_lzma_127-240113_182-242296.foo.c,845_1522_1523/decompress_lzma_127-240113_174-242169.foo.c
845_1522_1523/decompress_lzma_129-240455_145-240996.foo.c,845_1522_1523/decompress_lzma_129-240455_182-242296.foo.c
845_1522_1523/decompress_lzma_129-240455_145-240996.foo.c,845_1522_1523/decompress_lzma_127-240113_145-240996.foo.c
845_1522_1523/decompress_lzma_129-240455_145-240996.foo.c,845_1522_1523/decompress_lzma_129-240455_172-242131.foo.c
845_1522_1523/decompress_lzma_129-240455_145-240996.foo.c,845_1522_1523/decompress_lzma_129-240455_174-242169.foo.c
845_1522_1523/decompress_lzma_129-240455_145-240996.foo.c,845_1522_1523/decompress_lzma_127-240113_172-242131.foo.c
845_1522_1523/decompress_lzma_129-240455_145-240996.foo.c,845_1522_1523/decompress_lzma_127-240113_174-242169.foo.c
845_1522_1523/decompress_lzma_129-240455_182-242296.foo.c,845_1522_1523/decompress_lzma_127-240113_145-240996.foo.c
845_1522_1523/decompress_lzma_129-240455_182-242296.foo.c,845_1522_1523/decompress_lzma_129-240455_172-242131.foo.c
845_1522_1523/decompress_lzma_129-240455_182-242296.foo.c,845_1522_1523/decompress_lzma_129-240455_174-242169.foo.c
845_1522_1523/decompress_lzma_129-240455_182-242296.foo.c,845_1522_1523/decompress_lzma_127-240113_172-242131.foo.c
845_1522_1523/decompress_lzma_129-240455_182-242296.foo.c,845_1522_1523/decompress_lzma_127-240113_174-242169.foo.c
845_1522_1523/decompress_lzma_127-240113_145-240996.foo.c,845_1522_1523/decompress_lzma_129-240455_172-242131.foo.c
845_1522_1523/decompress_lzma_127-240113_145-240996.foo.c,845_1522_1523/decompress_lzma_129-240455_174-242169.foo.c
845_1522_1523/decompress_lzma_127-240113_145-240996.foo.c,845_1522_1523/decompress_lzma_127-240113_172-242131.foo.c
845_1522_1523/decompress_lzma_127-240113_145-240996.foo.c,845_1522_1523/decompress_lzma_127-240113_174-242169.foo.c
845_1522_1523/decompress_lzma_129-240455_172-242131.foo.c,845_1522_1523/decompress_lzma_129-240455_174-242169.foo.c
845_1522_1523/decompress_lzma_129-240455_172-242131.foo.c,845_1522_1523/decompress_lzma_127-240113_172-242131.foo.c
845_1522_1523/decompress_lzma_129-240455_172-242131.foo.c,845_1522_1523/decompress_lzma_127-240113_174-242169.foo.c
845_1522_1523/decompress_lzma_129-240455_174-242169.foo.c,845_1522_1523/decompress_lzma_127-240113_172-242131.foo.c
845_1522_1523/decompress_lzma_129-240455_174-242169.foo.c,845_1522_1523/decompress_lzma_127-240113_174-242169.foo.c
845_1522_1523/decompress_lzma_127-240113_172-242131.foo.c,845_1522_1523/decompress_lzma_127-240113_174-242169.foo.c
